视频内弹幕出现时间,弹幕类型,弹幕字号,弹幕颜色,弹幕发送时间,弹幕池类型,发送者UID的HASH,弹幕dmID,弹幕内容
239.699,底部弹幕,中,白,1525881250,0,69ddfb72,2907127111745536,一方通行呢？
563.26,普通弹幕,中,白,1525879421,0,e3227fc9,2907127110172672,摄影师我请你吃满汉全席
469.737,普通弹幕,中,白,1525878741,0,a01222ac,2907127108075520,炮姐这么大，，，
79.316,普通弹幕,中,白,1525878392,0,5f9cd4bd,2907127107026944,真香
178.416,普通弹幕,中,白,1525878271,0,e76bc7e3,2907127105978368,谁跟你们说这是番剧，这是信仰
606.186,普通弹幕,中,白,1525876152,0,67bd386f,2907127103881216,息吹风暴   佐天泪子
752.227,普通弹幕,中,白,1525875302,0,2d8f6e29,2907127101259776,上条当麻？
343.644,普通弹幕,中,白,1525874994,0,2d8f6e29,2907127100211200,男主当麻是不是打酱油的
276.591,普通弹幕,中,白,1525874927,0,2d8f6e29,2907127099162624,没有吧
27.9,普通弹幕,中,白,1525874072,0,75dc9f83,2907127094444032,走好
1271.028,底部弹幕,中,蓝,1525873363,0,9c84f1e6,2907127093395456,盟军卖本一波流
1293.864,底部弹幕,中,红,1525873316,0,9c84f1e6,2907127092346880,心灵终结苏联第六关里的沃尔科夫
1317.24,普通弹幕,中,白,1525872028,0,438bf6d8,2907127091298304,没我杨永信强
12.78,底部弹幕,中,白,1525870667,0,640b009f,2907127082909696,再来一次
391.227,普通弹幕,中,白,1525870273,0,bc99ce34,2907127079239680,。。。。emmm
53.961,普通弹幕,中,白,1525869720,0,75c25106,2907127077666880,大家尽快啦啦啦
41.858,普通弹幕,中,白,1525869694,0,75c25106,2907127076618240,啦啦啦
1252.327,普通弹幕,中,白,1525868425,0,e3735363,2907127075569664,壮士！走好！
1320.811,普通弹幕,中,白,1525868084,0,c866dc49,2907127072948224,这得要多少A的电流啊!!!
638.656,普通弹幕,中,黄,1525867220,0,7dac6140,2907127070851072,辣妹儿～～法克儿～～啊～～
256.704,底部弹幕,中,白,1525866464,0,e3979ff4,2907127068229632,emmmmmm
1327.9,普通弹幕,中,白,1525864005,0,7fae3a74,2907127064559616,好想变成那小孩
26.342,普通弹幕,中,白,1525863200,0,fdfadfeb,2907127056695296,我是来炸手机的
7.788,普通弹幕,中,白,1525859584,0,c7d94ba5,2907127049355264,百合番
151.4,普通弹幕,中,白,1525857138,0,a94e5191,2907127048306688,安全裤才是正体的炮姐
118.619,普通弹幕,中,白,1525846837,0,85a416e0,2907127040442432,香菜嘛
8.799,普通弹幕,中,粉,1525846589,0,447bce91,2907127039918080,补番qwq
629.062,底部弹幕,中,红,1525845249,0,5c206634,2907127038869504,希灵帝国的够了啊。。。。
797.361,普通弹幕,中,白,1525844118,0,aceb4290,2907127037820928,dung
1010.857,普通弹幕,中,白,1525843339,0,836872e3,2907127036772352,暴力！
933.037,普通弹幕,中,白,1525843048,0,836872e3,2907127035199488,暴力！
900.583,普通弹幕,中,白,1525843012,0,836872e3,2907127034150912,暴力！！！！
502.227,普通弹幕,中,白,1525842800,0,836872e3,2907127033102336,橘里橘气
940.885,普通弹幕,中,白,1525837132,0,aac39859,2907127027859456,光速打脸
1329.074,普通弹幕,中,红,1525836735,0,f1659db8,2907127026810880,孩子在外面好吧
1455.008,底部弹幕,中,红,1525826985,0,8f817dc3,2907127025238016,黑琴赛高
340.63,底部弹幕,中,红,1525825842,0,8f817dc3,2907127019470848,黑琴赛高
816.582,普通弹幕,中,白,1525825777,0,42f2d333,2907127018422272,服务员手里拿的盘子吧
232.873,普通弹幕,中,蓝,1525818507,0,a1af281d,2907127001120768,2018 5/9
1411.434,普通弹幕,中,品红,1525798481,0,f31a96c2,2907126995353600,后宫+1
1250.177,普通弹幕,中,品红,1525798300,0,f31a96c2,2907126994305024,壮士走好
1237.396,普通弹幕,中,品红,1525798220,0,f31a96c2,2907126993256448,走好
1182.423,普通弹幕,中,品红,1525798124,0,f31a96c2,2907126985916416,草薙京的+1
985.93,普通弹幕,中,品红,1525797900,0,f31a96c2,2907126984867840,你们的眼睛我服了
985.93,普通弹幕,中,品红,1525797885,0,f31a96c2,2907126984343552,真.夏娜
962.296,普通弹幕,中,品红,1525797776,0,f31a96c2,2907126983294976,说夏娜的等等
770.919,普通弹幕,中,品红,1525797554,0,f31a96c2,2907126982246400,百合大法好
2.98,普通弹幕,中,红,1525797446,0,8157df9c,2907126980673536,没男主的番，有男的看吗
612.738,普通弹幕,中,品红,1525797372,0,f31a96c2,2907126979100672,。。。
559.347,普通弹幕,中,白,1525797325,0,d0c4e383,2907126977527808,emmm  像是 伊利亚 的配音？
572.225,普通弹幕,中,品红,1525797311,0,f31a96c2,2907126976479232,请务必让我看
504.035,普通弹幕,中,品红,1525797207,0,f31a96c2,2907126975430656,摄影师今晚鸡腿给了
473.775,普通弹幕,中,品红,1525797164,0,f31a96c2,2907126973857792,摄影师今晚有鸡腿堡
467.252,普通弹幕,中,白,1525797144,0,f31a96c2,2907126973333504,一集见血
296.435,普通弹幕,中,白,1525796951,0,f31a96c2,2907126971236352,2333
572.556,普通弹幕,中,白,1525795305,0,c84622f9,2907126967042048,橘园都市
505.812,普通弹幕,中,白,1525795223,0,c84622f9,2907126965993472,大橘已定
1282.125,普通弹幕,中,白,1525794378,0,bc6f9e71,2907126960226304,炮姐！
0.649,普通弹幕,中,白,1525791219,0,d6fa8172,2907126954983424,终于
294.314,普通弹幕,中,白,1525790975,0,40997a03,2907126953934848,好高
860.461,普通弹幕,中,白,1525789896,0,2877231d,2907126952886272,好听吗？好听就是好锅
954.521,底部弹幕,中,黄,1525789774,0,a7748d6b,2907126951837696,夏娜!
49.152,普通弹幕,中,白,1525788730,0,2e973312,2907126949740544,，，，，，
1004.669,普通弹幕,中,黄,1525788329,0,537cc27e,2907126949216256,2333333
938.365,普通弹幕,中,黄,1525788227,0,537cc27e,2907126948167680,23333333
776.118,普通弹幕,中,蓝,1525787067,0,e749f270,2907126943449088,来一箱电脑配件
636.911,普通弹幕,中,白,1525786962,0,68276f6f,2907126942400512,好像是天使堕落时土御门的样子
28.377,普通弹幕,中,白,1525786318,0,b6c512e4,2907126939779072,2333333
601.937,普通弹幕,中,蓝,1525785683,0,320499c9,2907126937681920,摄影师？
554.086,普通弹幕,中,蓝,1525785629,0,320499c9,2907126936633344,男生脸上？？？
532.539,普通弹幕,中,蓝,1525785600,0,320499c9,2907126931914752,摄影师……请你吃火锅再来一次
503.035,普通弹幕,中,蓝,1525785554,0,320499c9,2907126930866176,嘿嘿嘿嘿嘿嘿嘿嘿嘿嘿嘿，好羞涩啊
482.086,普通弹幕,中,蓝,1525785515,0,320499c9,2907126930341888,摄影师~泰拳警告
140.97,普通弹幕,中,黄,1525784666,0,24dafee,2907126925623296,咖喱拔了妖王的胖次
245.632,普通弹幕,中,白,1525784194,0,517aaf42,2907126917758976,夹击妹抖
276.114,普通弹幕,中,白,1525784072,0,b3e2652d,2907126916186112,这个有男主角吗
1259.739,普通弹幕,中,白,1525783865,0,8df26e2f,2907126914088960,踹了妹子还想跑，我敬你是条汉子。
631.762,普通弹幕,中,蓝,1525782679,0,e8130a7b,2907126911991808,京介你在幹嘛？！
753.851,普通弹幕,中,白,1525782405,0,eede1a34,2907126910418944,奥特七兄弟！！！
729.68,普通弹幕,中,白,1525782369,0,eede1a34,2907126909370368,七大罪
654.467,普通弹幕,中,黄,1525781726,0,41be31e5,2907126908321792,纯洁色
646.147,普通弹幕,中,白,1525781706,0,41be31e5,2907126907273216,老E。。。。
986.234,普通弹幕,中,白,1525781573,0,a5bb3a52,2907126906224640,左下角夏娜出没
1255.775,普通弹幕,中,白,1525780592,0,366a5ef8,2907126903603200,一路走好
1012.604,普通弹幕,中,白,1525780349,0,366a5ef8,2907126901506048,emmmm
9.316,底部弹幕,中,蓝,1525780286,0,5030e4a9,2907126900457472,2018/05/08再来一遍
751.56,普通弹幕,中,白,1525780061,0,366a5ef8,2907126898360320,朕在墓里宅了那么多年，朕的大清有没有亡啊？
498.019,普通弹幕,中,白,1525778923,0,4a1a0db9,2907126895738880,前方高能预警
493.139,普通弹幕,中,白,1525778909,0,4a1a0db9,2907126894166016,莫名同步了
484.242,普通弹幕,中,白,1525778618,0,11235c7b,2907126893117440,美女你谁
360.734,普通弹幕,中,白,1525778477,0,11235c7b,2907126892068864,上条本来就不和炮姐同校啊，炮姐的是女校
139.965,普通弹幕,中,白,1525778401,0,78d1d94a,2907126891020288,高能来袭，非战斗人员速速撤离
290.634,普通弹幕,中,白,1525778379,0,11235c7b,2907126889447424,说得好
528.951,普通弹幕,中,白,1525777995,0,4ca2cbe8,2907126887350272,加鸡腿
509.211,普通弹幕,中,白,1525777972,0,4ca2cbe8,2907126886301696,233333
1235.107,普通弹幕,中,白,1525777592,0,7113919f,2907126883155968,那天风很大他走的很安详
233.919,普通弹幕,中,白,1525776766,0,7974d18c,2907126882107392,这里有男主吗
263.007,普通弹幕,中,白,1525776187,0,23415a85,2907126880010240,女生有的，我就是。
270.677,普通弹幕,中,白,1525775035,0,7113919f,2907126878437376,应该女生不少我就是啊
239.85,普通弹幕,中,白,1525774931,0,7113919f,2907126877388800,可以说是没男主吧，要是想看男主可以移步到正篇说实话我还是喜欢这部
199.317,普通弹幕,中,白,1525774831,0,7113919f,2907126876340224,黑琴王道
120.608,底部弹幕,中,红,1525772464,0,d3fa3633,2907126870573056,夹鸡妹抖*3
94.133,底部弹幕,中,红,1525772423,0,d3fa3633,2907126869524544,夹鸡妹抖*2
21.495,底部弹幕,中,红,1525772379,0,d3fa3633,2907126868475904,夹鸡妹抖*1
831.2,普通弹幕,中,红,1525769680,0,13d783e6,2907126864805888,似李，风暴指挥官！
155.796,普通弹幕,中,白,1525769130,0,1fe5939,2907126864281600,试图蒙混过关
25.1,普通弹幕,中,白,1525766532,0,ccd1d44,2907126863233024,新人
49.297,普通弹幕,中,绿,1525766518,0,79451560,2907126862184448,再看一遍
1274.954,普通弹幕,中,红,1525765737,0,83ca1227,2907126860087296,愣着干什么投币呀
65.273,普通弹幕,中,白,1525758144,0,f46720be,2907126858514432,打脸了
1248.282,普通弹幕,中,白,1525757514,0,350ec29d,2907126856417280,壮士快跑
1240.002,普通弹幕,中,白,1525757489,0,350ec29d,2907126855368704,壮士一去兮不复还
600.466,普通弹幕,中,白,1525756363,0,82b79c56,2907126853271552,黑色
179.419,普通弹幕,中,白,1525756252,0,350ec29d,2907126851174400,男主是谁
12.02,普通弹幕,中,白,1525756053,0,350ec29d,2907126849601536,新人补番
117.918,普通弹幕,中,白,1525755858,0,82b79c56,2907126849077248,我爱黑子
279.179,普通弹幕,中,白,1525751972,0,72cd5d5b,2907126839640064,最尖端的贩卖机
151.619,普通弹幕,中,白,1525741434,0,2f48b01b,2907126829154304,君の指先には光が跃る、私の一生不变の信仰に、唯超電磁炮永世生
149.339,普通弹幕,中,白,1525741430,0,2f48b01b,2907126828105728,君の指先には光が跃る、私の一生不变の信仰に、唯超電磁炮永世生
147.419,普通弹幕,中,白,1525741426,0,2f48b01b,2907126824960000,君の指先には光が跃る、私の一生不变の信仰に、唯超電磁炮永世生
27.779,普通弹幕,中,白,1525741298,0,2f48b01b,2907126822862848,君の指先には光が跃る、私の一生不变の信仰に、唯超電磁炮永世生
13.619,普通弹幕,中,白,1525741274,0,2f48b01b,2907126821814272,君の指先には光が跃る、私の一生不变の信仰に、唯超電磁炮永世生
1236.323,普通弹幕,中,橙,1525729918,0,5577821f,2907126820241408,壮士走好
1308.428,普通弹幕,中,白,1525720386,0,cc1cb87c,2907126818144256,是雷电法王
1247.017,普通弹幕,中,白,1525720318,0,cc1cb87c,2907126817095680,电疗
1185.387,普通弹幕,中,白,1525720256,0,cc1cb87c,2907126816047104,神仙打架拉
212.668,普通弹幕,中,白,1525715751,0,ce931cf5,2907126814998528,信仰之跃
1081.502,普通弹幕,中,白,1525713096,0,f7518716,2907126813949952,这，透明胖次？
357.272,底部弹幕,中,蓝,1525707830,0,17e5a446,2907126804512768,除了开头的混混没男人？
230.865,普通弹幕,中,绿,1525707527,0,cc9e2045,2907126803464192,夹击妹抖
203.089,普通弹幕,中,绿,1525707500,0,cc9e2045,2907126802939904,你指间跃动的光茫，是我此生不变的信仰，为我超电磁炮永世长存
811.516,底部弹幕,中,红,1525706900,0,dc0341e1,2907126799794176,声音不错，应该是好锅
989.287,普通弹幕,中,黄,1525706519,0,7202f11,2907126797172736,傲娇
1397.231,底部弹幕,中,紫,1525706394,0,83f16c3a,2907126796124160,橘里橘气
1245.358,底部弹幕,中,紫,1525706251,0,83f16c3a,2907126795075584,壮士一路走好
1235.917,底部弹幕,中,紫,1525706232,0,83f16c3a,2907126792978432,壮士走好。
4.739,底部弹幕,中,黄,1525705828,0,d29a2fe4,2907126789832704,重温
557.626,底部弹幕,中,紫,1525705645,0,83f16c3a,2907126788784128,泪爷
5.921,普通弹幕,中,白,1525705507,0,4feac9b8,2907126788259840,找当麻
189.858,底部弹幕,中,黄,1525703690,0,7b79aafa,2907126773579776,你指尖跃动的电光，是我此生不灭的信仰，唯我超电磁炮永世长存
164.873,普通弹幕,中,黄,1525703665,0,7b79aafa,2907126772531264,你指尖跃动的电光，是我此生不灭的信仰，唯我超电磁炮永世长存
1327.432,普通弹幕,中,白,1525703037,0,dae50bc6,2907126771482624,我是那個孩子
1095.952,普通弹幕,中,白,1525702801,0,dae50bc6,2907126770434048,從哪裡拿出來的
633.275,普通弹幕,中,白,1525702225,0,dae50bc6,2907126767812608,沒男主嘛？
1021.634,普通弹幕,中,白,1525702044,0,69c82840,2907126766239744,不方，当妈会送她一个
193.283,普通弹幕,中,白,1525701805,0,dae50bc6,2907126765191168,only my railgun
1313.267,普通弹幕,中,白,1525701796,0,e91d7af7,2907126763094016,切，安全裤
228.66,普通弹幕,中,白,1525701786,0,dae50bc6,2907126762045440,only my railgun
119.08,普通弹幕,中,白,1525701652,0,dae50bc6,2907126760472576,主角都是女的嘛？
503.977,普通弹幕,中,白,1525701487,0,f61872e,2907126757326848,把镜头再往下面移
7.88,普通弹幕,中,白,1525701468,0,dae50bc6,2907126756278272,戰鬥番l？
517.177,普通弹幕,中,白,1525701410,0,f61872e,2907126752608256,从娘胎里出来就是弯的
515.697,普通弹幕,中,白,1525701381,0,f61872e,2907126749462528,看到流口水
463.838,普通弹幕,中,白,1525701277,0,f61872e,2907126748413952,炮击刚才都投币了，你们为什么不投？
229.71,普通弹幕,中,白,1525700998,0,f61872e,2907126745268224,これらの男が現れる，手动滑稽
214.99,普通弹幕,中,白,1525700955,0,f61872e,2907126744219648,唯私超電磁砲永遠に生きている
157.518,普通弹幕,中,白,1525700779,0,f61872e,2907126743171072,强行打乱阵型
148.958,普通弹幕,中,白,1525700759,0,f61872e,2907126742122560,准备打乱阵型
1245.889,普通弹幕,中,白,1525700481,0,b79980c2,2907126741073920,无知者无畏
149.358,普通弹幕,中,白,1525700372,0,8e9a2fc6,2907126739501056,好听
68.116,普通弹幕,中,白,1525700057,0,37f1e57e,2907126738452480,一天不看，渾身難受
781.191,普通弹幕,中,白,1525700020,0,b79980c2,2907126737403904,百合大法好啊好啊
251.567,普通弹幕,中,白,1525699932,0,a481b3cb,2907126734258176,君不见
1201.238,底部弹幕,中,红,1525699678,0,6b7b36b5,2907126733209600,老中医：手感不错嘛。
1168.717,底部弹幕,中,绿,1525699608,0,6b7b36b5,2907126732685312,草雁京
35.748,普通弹幕,中,白,1525699602,0,329de9be,2907126731636736,好逼真
27.712,普通弹幕,中,白,1525699594,0,329de9be,2907126730588160,这蝉鸣。。。
1122.658,底部弹幕,中,绿,1525699547,0,6b7b36b5,2907126729539584,张三       李四         王二麻子
1291.785,普通弹幕,中,白,1525699537,0,b369440,2907126728491008,慢走不送
1072.001,底部弹幕,中,绿,1525699472,0,6b7b36b5,2907126725345280,中国银行
1195.657,普通弹幕,中,白,1525699265,0,2be14f5c,2907126709616640,人体描边大师
1187.465,普通弹幕,中,白,1525699235,0,2be14f5c,2907126708568064,猎空妹妹
314.269,普通弹幕,中,白,1525699228,0,4a282c82,2907126705946624,没有超过范围，80m而已
289.463,普通弹幕,中,白,1525699160,0,4542c4f4,2907126701752320,官方吐槽最为致命
269.509,普通弹幕,中,白,1525699128,0,4542c4f4,2907126700703744,我是女生
844.139,底部弹幕,中,黄,1525699111,0,6b7b36b5,2907126699655168,不，你是星际玩家
812.822,底部弹幕,中,黄,1525699071,0,6b7b36b5,2907126692315136,平底锅警告
285.966,普通弹幕,中,白,1525698955,0,b9539c2c,2907126690742272,炮姐厉害
280.287,普通弹幕,中,白,1525698949,0,b9539c2c,2907126688120832,电磁炮赛高
269.92,普通弹幕,中,白,1525698939,0,b9539c2c,2907126687072256,电磁炮赛高
263.432,普通弹幕,中,白,1525698932,0,b9539c2c,2907126686023680,电磁炮赛高
259.43,普通弹幕,中,白,1525698928,0,b9539c2c,2907126684975104,电磁炮赛高
252.235,普通弹幕,中,白,1525698921,0,b9539c2c,2907126682877952,电磁炮赛高
246.851,普通弹幕,中,白,1525698916,0,b9539c2c,2907126681829376,电磁炮赛高
241.584,普通弹幕,中,白,1525698911,0,b9539c2c,2907126680780800,电磁炮赛高
237.224,普通弹幕,中,白,1525698906,0,b9539c2c,2907126679732224,电磁炮赛高
222.79,普通弹幕,中,白,1525698892,0,b9539c2c,2907126678683712,又清数据了？
641.659,底部弹幕,中,黄,1525698887,0,6b7b36b5,2907126677110784,咖喱棒扒了妖王的胖次
149.158,普通弹幕,中,白,1525698818,0,b9539c2c,2907126671867904,炮姐
118.959,普通弹幕,中,白,1525698768,0,b9539c2c,2907126669770752,炮姐在哪
102.914,普通弹幕,中,白,1525698752,0,b9539c2c,2907126668197888,炮姐
33.653,普通弹幕,中,白,1525698712,0,b9539c2c,2907126664527872,炮姐
16.818,普通弹幕,中,白,1525698695,0,b9539c2c,2907126660857856,好怀念
231.274,普通弹幕,中,蓝,1525698677,0,39ec84cc,2907126004449280,你指尖跃动的电光，是我此生不变的信仰，唯我超电磁炮永世长存! 你指尖跃动的电光，是我此生不变的信仰，唯我超电磁炮永世长存! 
168.896,普通弹幕,中,蓝,1525698600,0,39ec84cc,2907126001303552,你指尖跃动的电光，是我此生不变的信仰，唯我超电磁炮永世长存! 
162.837,普通弹幕,中,蓝,1525698588,0,39ec84cc,2907126000779264,你指尖跃动的电光，是我此生不变的信仰，唯我超电磁炮永世长存! 
155.242,普通弹幕,中,蓝,1525698577,0,39ec84cc,2907125999730688,你指尖跃动的电光，是我此生不变的信仰，唯我超电磁炮永世长存! 
153.621,普通弹幕,中,蓝,1525698572,0,39ec84cc,2907125998682112,你指尖跃动的电光，是我此生不变的信仰，唯我超电磁炮永世长存! 
149.952,普通弹幕,中,蓝,1525698565,0,39ec84cc,2907125998157824,你指尖跃动的电光，是我此生不变的信仰，唯我超电磁炮永世长存! 
147.392,普通弹幕,中,蓝,1525698559,0,39ec84cc,2907125997109248,你指尖跃动的电光，是我此生不变的信仰，唯我超电磁炮永世长存! 
144.917,普通弹幕,中,蓝,1525698553,0,39ec84cc,2907125996060672,你指尖跃动的电光，是我此生不变的信仰，唯我超电磁炮永世长存! 
139.029,普通弹幕,中,蓝,1525698543,0,39ec84cc,2907125995012096,你指尖跃动的电光，是我此生不变的信仰，唯我超电磁炮永世长存! 
9.642,普通弹幕,中,白,1525698285,0,39ec84cc,2907125993439232,你指尖跃动的电光，是我此生不变的信仰，唯我超电磁炮永世长存! 你
4.096,普通弹幕,中,白,1525697762,0,e80786ed,2907125967224832,我全都要
1371.251,普通弹幕,中,白,1525697665,0,517e7709,2907125966176256,切嗣，难道这也是时臣的错？
416.782,普通弹幕,中,白,1525694952,0,be701131,2907125964079104,超电磁炮s原来我黑子的戏份那么少啊...
549.961,普通弹幕,中,白,1525694836,0,2283ff1d,2907125963030528,跟魔法少女伊莉雅一样是百合
535.38,底部弹幕,中,紫,1525694340,0,123977e5,2907125960933376,正确的打招呼方式
368.485,普通弹幕,中,白,1525692842,0,f8dadafa,2907125957787648,空投
273.362,普通弹幕,中,白,1525692747,0,f8dadafa,2907125956739072,身为风纪部的我实在惭愧惭愧
171.562,普通弹幕,中,白,1525692319,0,59be88a,2907125954641920,为了黑子再补一遍
1309.022,普通弹幕,中,蓝,1525691145,0,a6cf91a6,2907125950971904,姐姐我想和你来一发
153.0,普通弹幕,中,白,1525690981,0,744fa6ce,2907125949399040,你指间跃动的电光，是我此生不变的信仰
1395.598,普通弹幕,中,白,1525689847,0,1630a00e,2907125946777600,这...这尼玛真是百合番啊...我还以为只是开玩笑的啊嘞
131.318,普通弹幕,中,白,1525689014,0,fe8ab288,2907125945729024,底下那个兰花指233333
998.036,普通弹幕,中,白,1525688967,0,dc9ffc82,2907125942583296,啊........
478.827,普通弹幕,中,白,1525688331,0,f131209a,2907125941534720,女主叫啥？
784.405,普通弹幕,中,蓝,1525686980,0,a6cf91a6,2907125938388992,我擦，这是蜡笔小新吧
236.673,普通弹幕,中,蓝,1525683587,0,a6cf91a6,2907125932621824,美女，把我也抓了吧
5.973,普通弹幕,中,白,1525681464,0,5ed4e9f7,2907125932097536,小谢
533.161,普通弹幕,中,白,1525672303,0,ca813884,2907125925281792,我给摄影师加鸡腿
342.452,普通弹幕,中,白,1525671854,0,ac117501,2907125924233216,女校?
175.0,普通弹幕,中,白,1525671004,0,82b50dba,2907125923184640,你指尖闪耀的电光，是我此生不变的信仰
501.076,底部弹幕,中,红,1525669333,0,4494a788,2907125921087488,摄像师去找梁非凡！
471.665,普通弹幕,中,白,1525669203,0,4494a788,2907125920038912,摄像师今天吃鸡腿吧
1278.67,普通弹幕,中,白,1525666637,0,ee7abcfb,2907125918990336,给你100
779.336,普通弹幕,中,白,1525666190,0,ee7abcfb,2907125918466048,成吉思汗
484.733,底部弹幕,中,蓝,1525661656,0,d7b1c837,2907125913747456,给摄影师加鸡腿
1438.101,普通弹幕,中,白,1525651842,0,de5730c2,2907125905358848,一方通行
584.999,普通弹幕,中,黄,1525642667,0,bc6f9e71,2907125904310272,橘里橘气
152.285,普通弹幕,中,黄,1525641277,0,e7b6b990,2907125903785984,你指尖跃动的电光，是我此生不灭的信仰，唯我超电磁炮永世长存！
152.285,普通弹幕,中,黄,1525641268,0,e7b6b990,2907125902737408,你指尖跃动的电光，是我此生不灭的信仰，唯我超电磁炮永世长存！
152.285,普通弹幕,中,黄,1525641260,0,e7b6b990,2907125901688832,你指尖跃动的电光，是我此生不灭的信仰，唯我超电磁炮永世长存！
152.285,普通弹幕,中,黄,1525641254,0,e7b6b990,2907125901164544,你指尖跃动的电光，是我此生不灭的信仰，唯我超电磁炮永世长存！
152.285,普通弹幕,中,黄,1525641247,0,e7b6b990,2907125900115968,你指尖跃动的电光，是我此生不灭的信仰，唯我超电磁炮永世长存！
152.285,普通弹幕,中,黄,1525641239,0,e7b6b990,2907125899067392,你指尖跃动的电光，是我此生不灭的信仰，唯我超电磁炮永世长存！
152.285,普通弹幕,中,黄,1525641233,0,e7b6b990,2907125897494528,你指尖跃动的电光，是我此生不灭的信仰，唯我超电磁炮永世长存！
152.285,普通弹幕,中,黄,1525641226,0,e7b6b990,2907125896445952,你指尖跃动的电光，是我此生不灭的信仰，唯我超电磁炮永世长存！
146.393,底部弹幕,中,白,1525641166,0,e7b6b990,2907125895397376,你指尖跃动的电光，是我此生不灭的信仰，唯我超电磁炮永世长存！
146.393,底部弹幕,中,白,1525641157,0,e7b6b990,2907125894348800,你指尖跃动的电光，是我此生不灭的信仰，唯我超电磁炮永世长存！
146.393,底部弹幕,中,白,1525641150,0,e7b6b990,2907125892775936,你指尖跃动的电光，是我此生不灭的信仰，唯我超电磁炮永世长存！
146.393,底部弹幕,中,白,1525641144,0,e7b6b990,2907125891727360,你指尖跃动的电光，是我此生不灭的信仰，唯我超电磁炮永世长存！
146.393,底部弹幕,中,白,1525641138,0,e7b6b990,2907125889630208,你指尖跃动的电光，是我此生不灭的信仰，唯我超电磁炮永世长存！
146.393,底部弹幕,中,白,1525641133,0,e7b6b990,2907125887533056,你指尖跃动的电光，是我此生不灭的信仰，唯我超电磁炮永世长存！
146.393,底部弹幕,中,白,1525641125,0,e7b6b990,2907125887008768,你指尖跃动的电光，是我此生不灭的信仰，唯我超电磁炮永世长存！
146.393,底部弹幕,中,白,1525641113,0,e7b6b990,2907125885960192,你指尖跃动的电光，是我此生不灭的信仰，唯我超电磁炮永世长存！
931.68,普通弹幕,中,白,1525635037,0,77c3e083,2907125884911616,太暴力了！吃枣药丸！
278.865,底部弹幕,中,白,1525630206,0,1ede3fa4,2907125881765888,西——撒——
607.66,底部弹幕,中,红,1525625157,0,a1a7c40,2907125866037248,上条当麻也是Level0，但是他可以说是学园都市的王牌。
24.069,普通弹幕,中,白,1525624728,0,99400e1,2907125859221504,小混混快跑
467.787,底部弹幕,中,红,1525624712,0,a1a7c40,2907125857124352,说和真真的电磁炮差远了的你，认真的？
6.748,普通弹幕,中,白,1525624705,0,99400e1,2907125856075776,又完成一个成就
563.926,普通弹幕,中,白,1525623641,0,9956dab,2907125850832896,男主雷
1016.53,普通弹幕,中,白,1525622529,0,88c0bc0b,2907125830385664,真正的粉丝23333
929.952,普通弹幕,中,白,1525622416,0,d17507fa,2907125824618496,傲娇
936.807,普通弹幕,中,白,1525622179,0,c8e90e9a,2907125823569920,wadu  hek
644.157,普通弹幕,中,白,1525622148,0,88c0bc0b,2907125822521344,气氛突然焦灼起来
1079.421,普通弹幕,中,白,1525621080,0,62934004,2907125820424192,黑子！
1018.727,普通弹幕,中,白,1525620886,0,4b2f0f1,2907125818327040,枪毙枪毙
177.302,普通弹幕,中,白,1525620526,0,54539b8c,2907125816229888,你指尖悦动的电光，使我此生不变的信仰
326.475,普通弹幕,中,白,1525618051,0,e6f39f50,2907125813084160,请务必让我来！！！
9.176,普通弹幕,中,白,1525617876,0,296250e4,2907125812035584,再看一遍
171.795,普通弹幕,中,红,1525617814,0,6d9950e1,2907125810987008,前面意大利炮的你够了
1448.153,普通弹幕,中,橙,1525615583,0,477a5383,2907125809938432,一对百合一对姬 【滑稽】
1417.958,普通弹幕,中,橙,1525615503,0,477a5383,2907125808889856,当妈后宫+2
1254.58,普通弹幕,中,橙,1525615280,0,477a5383,2907125807316992,壮士 一路走好 【颜表立】
43.092,普通弹幕,中,白,1525615133,0,85ff4eed,2907125806268416,一本正经地胡说八道
1250.585,普通弹幕,中,白,1525614432,0,b11af606,2907125805219840,壮士一去不复返
1169.009,普通弹幕,中,白,1525614399,0,89e9666f,2907125802598400,草薙京
286.284,普通弹幕,中,白,1525613416,0,e7e80dc8,2907125798404096,放放电就可以
1036.869,普通弹幕,中,白,1525612786,0,2381bf5,2907125795258368,可带劲了
31.507,普通弹幕,小,白,1525612540,0,dc9a6bf5,2907125793685504,炮姐，终于找到你了
1341.512,普通弹幕,中,白,1525612198,0,370ba03d,2907125792112640,这个姐姐这么温柔
1124.024,普通弹幕,中,白,1525611740,0,370ba03d,2907125788966912,黑子好帅
555.353,普通弹幕,中,黄,1525609632,0,477a5383,2907125786869760,求 泪爷视角
502.123,普通弹幕,中,黄,1525609457,0,477a5383,2907125785821184,橘里橘气
375.077,普通弹幕,中,棕,1525608747,0,477a5383,2907125783724032,高举 黑琴 上茵大旗
464.245,普通弹幕,中,白,1525608499,0,3cf3b37e,2907125783199744,注意，这只是普通的硬币，炮姐还能打飞其他的更大型号的金属
1352.603,普通弹幕,中,白,1525608138,0,28d96d77,2907125775859712,铃科百合子（滑稽）
143.293,普通弹幕,中,棕,1525608059,0,477a5383,2907125774811136,你指尖跃动的电光  是我此生不变的信仰 唯我超电磁炮永世长存
348.02,普通弹幕,中,白,1525607102,0,28d96d77,2907125771141120,黑琴在此
801.862,普通弹幕,中,白,1525606270,0,f799af76,2907125769043968,大老师。
22.075,普通弹幕,中,白,1525604659,0,7e0b65a2,2907125765373952,魔法禁书目录过来的。
517.423,普通弹幕,中,白,1525604271,0,2eb54f39,2907125764325376,啊～
324.842,底部弹幕,中,红,1525604181,0,4cd0c63d,2907125762752512,我上次按这个红绿灯的走路方法走在街上，有人把我打了一顿
306.478,普通弹幕,中,白,1525604065,0,2eb54f39,2907125761179648,这小机器人
96.122,普通弹幕,中,白,1525603872,0,2eb54f39,2907125760131072,得得得得得得得得
123.185,底部弹幕,小,红,1525603798,0,cf73944c,2907125756985344,新人：这世界观的设定，嗯......
505.181,底部弹幕,中,黄,1525603796,0,d47c761a,2907125755412480,哈哈哈哈哈，我敲
470.481,底部弹幕,中,黄,1525603754,0,d47c761a,2907125754363904,投币投币
148.859,普通弹幕,中,白,1525603515,0,8c334aea,2907125753315328,你指尖跃动的电光，是我此生不变的信仰，唯我超电磁炮永世长存
544.464,普通弹幕,中,白,1525603344,0,b237d16e,2907125750693888,反重力裙？？？
233.898,普通弹幕,中,红,1525602638,0,5ea06808,2907125749645312,看了快20遍
259.861,普通弹幕,中,白,1525602572,0,39ec84cc,2907125747548160,又被清了，生气
6.26,底部弹幕,中,黄,1525602321,0,d47c761a,2907125744926720,来看炮姐
5.587,普通弹幕,中,白,1525602167,0,5328980f,2907125743878144,炮姐
1242.397,普通弹幕,中,红,1525601353,0,4d68f95e,2907125742829568,一路走好
1248.356,普通弹幕,中,白,1525601194,0,801527ba,2907125741780992,壮士走好
1172.836,普通弹幕,中,白,1525601120,0,801527ba,2907125740732416,纯质阳炎
1295.456,底部弹幕,中,白,1525601092,0,40bc432e,2907125739683840,表情包出处
1356.504,普通弹幕,中,白,1525600788,0,9c065b8,2907125737062400,伏笔
1295.586,普通弹幕,中,白,1525600660,0,6d0b20cf,2907125736538112,平A
1244.066,普通弹幕,中,白,1525600595,0,6d0b20cf,2907125735489536,壮士走好
945.874,普通弹幕,中,白,1525600111,0,801527ba,2907125734440960,光速打脸
676.151,普通弹幕,中,白,1525599807,0,6d0b20cf,2907125731295232,打脸
378.673,普通弹幕,中,白,1525599549,0,801527ba,2907125730246656,一血光子
1257.358,普通弹幕,中,白,1525599533,0,6bcd42cd,2907125729198080,一路走好
343.001,普通弹幕,中,白,1525598501,0,ee3a434f,2907125726576640,上方的加我一个
105.59,普通弹幕,中,白,1525598466,0,801527ba,2907125725528064,黑黑
85.16,普通弹幕,中,白,1525598446,0,801527ba,2907125724479488,啪啪啪
174.404,普通弹幕,中,白,1525597626,0,afd55d7e,2907125720809472,唯我超电磁炮永世长存
147.547,普通弹幕,中,白,1525597599,0,afd55d7e,2907125719760896,你指尖跃动的电光是我此生唯一的信仰
385.2,底部弹幕,中,蓝,1525597248,0,def39a2e,2907125718712320,对a要不起
17.12,普通弹幕,中,白,1525596714,0,d8930663,2907125717663744,三壮士。。。。
1.6,普通弹幕,中,白,1525596686,0,d8930663,2907125716615168,上哔哩哔哩看哔哩哔哩
20.602,普通弹幕,中,白,1525593879,0,3fc0eb9,2907125712945152,有男主吗？
13.061,普通弹幕,中,白,1525591963,0,d194149a,2907125711896576,我也是
499.358,普通弹幕,中,灰绿,1525590114,0,cdee8b54,2907125708226560,前方核能！！！
1130.322,普通弹幕,中,白,1525589601,0,e5e992c4,2907125707177984,蝎的傀儡？？！
72.638,普通弹幕,中,红,1525589250,0,ea98bb19,2907125706129408,专业打脸三十年
207.087,底部弹幕,中,白,1525589116,0,65a0496c,2907125705605120,你指尖跃动的电光，是我此生不变的信仰，唯我超电磁炮永世长存！
198.938,底部弹幕,中,黄,1525588950,0,65a0496c,2907125704556544,你指尖跃动的电光，是我此生不变的信仰，唯我超电磁炮永世长存！
198.938,底部弹幕,中,黄,1525588946,0,65a0496c,2907125703507968,你指尖跃动的电光，是我此生不变的信仰，唯我超电磁炮永世长存！
198.938,底部弹幕,中,黄,1525588941,0,65a0496c,2907125701410816,你指尖跃动的电光，是我此生不变的信仰，唯我超电磁炮永世长存！
198.938,底部弹幕,中,黄,1525588936,0,65a0496c,2907125699837952,你指尖跃动的电光，是我此生不变的信仰，唯我超电磁炮永世长存！
198.938,底部弹幕,中,黄,1525588931,0,65a0496c,2907125698789376,你指尖跃动的电光，是我此生不变的信仰，唯我超电磁炮永世长存！
198.938,底部弹幕,中,黄,1525588926,0,65a0496c,2907125697740800,你指尖跃动的电光，是我此生不变的信仰，唯我超电磁炮永世长存！
198.938,底部弹幕,中,黄,1525588919,0,65a0496c,2907125696692224,你指尖跃动的电光，是我此生不变的信仰，唯我超电磁炮永世长存！
168.934,底部弹幕,中,黄,1525588885,0,65a0496c,2907125695643648,你指尖跃动的电光，是我此生不变的信仰，唯我超电磁炮永世长存！
1277.31,普通弹幕,中,白,1525587743,0,40b1417f,2907125688827904,投币
955.705,普通弹幕,中,白,1525587421,0,40b1417f,2907125686206464,王境泽真香
475.441,普通弹幕,中,白,1525587092,0,dd436fc8,2907125682536448,万恶的玻璃
169.912,普通弹幕,中,蓝,1525586310,0,2b7373b0,2907125679390720,你指尖跃动的电光，是我此生不变的信仰，唯我超电磁炮永世长存
163.008,普通弹幕,中,蓝,1525586297,0,2b7373b0,2907125678342144,誕生日おめでとう ！ 指先が跃动する电光は、私の生まれ変わらない信仰です![小电视_赞]
159.191,普通弹幕,中,白,1525586287,0,2b7373b0,2907125677817856,你指尖跃动的电光，是我此生不变的信仰，唯我超电磁炮永世长存
153.718,底部弹幕,中,黄,1525585120,0,65a0496c,2907125676769280,你指尖跃动的电光，是我此生不变的信仰，唯我超电磁炮永世长存！
17.388,普通弹幕,中,白,1525585062,0,57777fe1,2907125674147840,新人
155.125,底部弹幕,中,红,1525584920,0,e8167896,2907125667332096,你指尖跃动的光，是我此生不变的信仰，唯我超电磁炮永世长存
141.037,底部弹幕,中,红,1525584896,0,e8167896,2907125666283520,你指尖跃动的电光，是我此生不变的信仰，唯我超电磁炮永世长存！！
201.906,底部弹幕,中,橙,1525584807,0,e8167896,2907125665234944,你指尖跃动的电光，是我此生不变的信仰，唯我超电磁炮永世长存
189.041,底部弹幕,中,粉,1525584794,0,e8167896,2907125664710656,你指尖跃动的电光，是我此生不变的信仰，唯我超电磁炮永世长存
176.387,普通弹幕,中,黄,1525584781,0,e8167896,2907125663662080,你指尖跃动的电光，是我此生不变的信仰，唯我超电磁炮永世长存
163.514,普通弹幕,中,粉,1525584768,0,e8167896,2907125661564928,你指尖跃动的电光，是我此生不变的信仰，唯我超电磁炮永世长存！！
153.179,普通弹幕,中,紫,1525584758,0,e8167896,2907125660516416,你指尖跃动的电光，是我此生不变的信仰，唯我超电磁炮永世长存
143.852,底部弹幕,中,紫,1525584749,0,e8167896,2907125658943488,你指尖跃动的电光，是我此生不变的信仰，唯我超电磁炮永世长存
106.354,普通弹幕,中,白,1525584711,0,e8167896,2907125656846336,夹击妹抖
45.031,普通弹幕,中,白,1525584650,0,e8167896,2907125655797760,再看一遍
161.015,普通弹幕,中,白,1525583863,0,d8e417d7,2907125654749184,。。
1252.97,普通弹幕,中,白,1525583175,0,bf996e7e,2907125653700608,壮士走好
548.37,普通弹幕,中,白,1525583133,0,a9db7d80,2907125652652032,哟亚梦的声音
167.379,普通弹幕,中,白,1525582780,0,a87c736c,2907125651603456,你指尖悦动的电光，是我此生不变的信仰，唯我超电磁炮永世长存
213.952,普通弹幕,中,蓝,1525582761,0,b82febb2,2907125648982016,混蛋当麻，有了茵蒂克丝还有那么多后宫，还霸着炮姐不给黑子
150.299,普通弹幕,中,白,1525582761,0,a87c736c,2907125650554880,你指尖悦动的电光，是我此生不变的信仰，唯我超电磁炮永世长存
155.273,普通弹幕,中,蓝,1525582662,0,b82febb2,2907125647933440,唉。。把我们的信仰全清了。。。。
198.433,普通弹幕,中,红,1525582584,0,d1f1c886,2907125646884864,橘里橘气
1002.092,普通弹幕,中,白,1525581020,0,bfb709a5,2907125634826240,ki
152.739,底部弹幕,中,黄,1525580782,0,eb38f302,2907125632729088,你指尖跃动的电光，是我此生不灭的信仰，唯我超电磁炮永世长存！
8.819,普通弹幕,中,白,1525580593,0,eb38f302,2907125631156224,再来一遍
641.856,底部弹幕,中,黄,1525580268,0,23c29942,2907125626437632,哦一起上帮老e拔毛～
1237.049,普通弹幕,中,棕,1525579953,0,20b20c20,2907125624340480,壮士走好
32.318,普通弹幕,中,白,1525578902,0,49f47bc5,2907125602844672,承包炮姐
933.574,普通弹幕,中,白,1525576651,0,d84fcd92,2907125597077504,前方王境泽
426.184,普通弹幕,中,白,1525576295,0,d84fcd92,2907125594456064,暗示投币
256.882,普通弹幕,中,白,1525576121,0,d84fcd92,2907125591834624,御坂美琴手提包里放了学园都市最强的电磁炮，玩具兵
1252.012,普通弹幕,中,白,1525574703,0,7f0a49fd,2907125590261760,壮士走好
1125.793,普通弹幕,中,白,1525574591,0,7f0a49fd,2907125586591744,一路走好
938.875,普通弹幕,中,白,1525574569,0,f7630a61,2907125585543168,瞬间打脸
1106.153,普通弹幕,中,白,1525574566,0,7f0a49fd,2907125583446016,一路走好兄弟
920.165,普通弹幕,中,白,1525574542,0,f7630a61,2907125582397440,不，是呱太
1078.271,普通弹幕,中,白,1525574530,0,7f0a49fd,2907125578727424,黑子表情骇我一脸
1059.871,普通弹幕,中,白,1525574489,0,7f0a49fd,2907125577678848,自带反重力
1037.071,普通弹幕,中,白,1525574447,0,7f0a49fd,2907125575057408,橘里橘气
941.543,普通弹幕,中,白,1525574420,0,7f0a49fd,2907125574008832,我怎么可能喜欢呱呱太
862.479,普通弹幕,中,白,1525574346,0,7f0a49fd,2907125566144512,心疼我黑子
722.239,普通弹幕,中,白,1525574160,0,7f0a49fd,2907125548318720,为数不多的男生出现率大家且行且珍惜
596.599,普通弹幕,中,白,1525574063,0,7f0a49fd,2907125546221568,摄影师鸡腿拿着
1130.718,普通弹幕,中,白,1525574037,0,81ece497,2907125545172992,壮士一去兮不复回，唉，活着不好吗？
541.68,普通弹幕,中,白,1525573982,0,7f0a49fd,2907125543075840,为什么什么都没看到还我想象
513.2,普通弹幕,中,白,1525573939,0,7f0a49fd,2907125540454400,冲我来啊
465.52,普通弹幕,中,白,1525573885,0,7f0a49fd,2907125539405824,表示只想看黑子其他的与我无关
107.74,普通弹幕,中,白,1525573874,0,551d8c3,2907125538357248,到底谁是暴汉。。
420.48,普通弹幕,中,白,1525573814,0,7f0a49fd,2907125537308672,光速阳痿
409.52,普通弹幕,中,白,1525573796,0,7f0a49fd,2907125535735808,哈哈哈
30.241,普通弹幕,中,白,1525573758,0,72ff7e21,2907125533638656,。。
338.101,普通弹幕,中,白,1525573722,0,7f0a49fd,2907125533114368,放开黑子请务必让我来
1270.453,普通弹幕,中,白,1525573553,0,d2971479,2907125522104320,杨永信
27.048,底部弹幕,中,棕,1525573551,0,b73f84cd,2907125521055744,活着不好吗
27.723,普通弹幕,中,白,1525573519,0,f7630a61,2907125520531456,可怜的小混混
110.3,普通弹幕,中,白,1525573370,0,7f0a49fd,2907125513715712,圈粉＋1
99.701,普通弹幕,中,白,1525573345,0,7f0a49fd,2907125512667136,一路走好
82.061,普通弹幕,中,白,1525573309,0,7f0a49fd,2907125511618560,很疼
387.764,普通弹幕,中,白,1525573098,0,449f3dee,2907125508472832,又白又黑
164.151,普通弹幕,中,白,1525572886,0,449f3dee,2907125507424256,这是个什么番
953.226,普通弹幕,中,白,1525572478,0,5402d226,2907125504278528,非常科学的超电磁打脸。
1036.546,普通弹幕,中,白,1525570007,0,16f5d8ff,2907125500608512,石灰那两个你们够了
801.865,普通弹幕,中,白,1525569635,0,16f5d8ff,2907125496938496,路人目睹了一切
781.265,普通弹幕,中,白,1525569605,0,16f5d8ff,2907125495365632,橘里橘气
705.281,普通弹幕,中,白,1525569510,0,16f5d8ff,2907125493268480,强行拐走
663.121,普通弹幕,中,白,1525569463,0,16f5d8ff,2907125491171328,脸都绿了
625.521,普通弹幕,中,白,1525569411,0,16f5d8ff,2907125490647040,恕我直言，这是威风堂堂
503.081,普通弹幕,中,白,1525569278,0,16f5d8ff,2907125488549888,可怕
485.401,普通弹幕,中,白,1525569258,0,16f5d8ff,2907125487501312,少少美妙
1244.923,普通弹幕,中,白,1525569148,0,520aee2f,2907125486452736,上香
1245.946,普通弹幕,中,白,1525568864,0,b52229d,2907125484879872,壮士一路走好
8.962,普通弹幕,中,白,1525568793,0,16f5d8ff,2907125483307008,咳咳
784.323,普通弹幕,中,白,1525568397,0,b52229d,2907125482258432,橘势大好
36.98,普通弹幕,中,白,1525567896,0,520aee2f,2907125481209856,活着不好吗
23.755,普通弹幕,中,白,1525566816,0,d3fb8fc0,2907125479636992,炮姐赛高
1281.865,底部弹幕,中,黄,1525565274,0,eff85ac7,2907125478588416,您的好友超电磁炮以上线
144.399,普通弹幕,中,白,1525564865,0,5e57e99,2907125474918400,你指尖跃动的电光是我此生不变的唯一信仰，唯我超电磁炮永世长存
130.421,普通弹幕,中,白,1525564559,0,50b8cc16,2907125472821248,贝蒂长大了？
733.495,普通弹幕,中,红,1525564292,0,75e823a5,2907125469675520,七个老女人
1173.392,底部弹幕,中,黄,1525564119,0,9c065b8,2907125468102656,xburner！
877.033,底部弹幕,中,绿,1525563802,0,9c065b8,2907125463908352,哦内桑忙x9
796.798,底部弹幕,中,绿,1525563729,0,9c065b8,2907125462859776,哦内桑忙x8
782.478,底部弹幕,中,绿,1525563710,0,9c065b8,2907125461811200,哦内桑忙x7
752.677,底部弹幕,中,绿,1525563675,0,9c065b8,2907125460762624,哦内桑忙是不是x6了刚才
735.358,底部弹幕,中,绿,1525563649,0,9c065b8,2907125459714048,哦内桑忙x5
250.019,底部弹幕,中,红,1525562697,0,9c065b8,2907125456568320,哦内撒忙x几来的？x3吧？
26.767,普通弹幕,中,白,1525559634,0,77ea56de,2907125450801152,小混混，跑
1013.839,普通弹幕,中,白,1525557975,0,f6a49939,2907125449752576,泪子以一个呱太加入上条势力！！！
945.604,普通弹幕,中,白,1525557270,0,614e2be3,2907125448704000,啪啪啪
83.022,普通弹幕,中,白,1525556497,0,614e2be3,2907125447655424,打脸
192.019,普通弹幕,中,绿,1525544612,0,5c7a5d12,2907125443985408,1你指尖跃动的电光，是我此生不变的信仰，唯我超电磁炮永世长存
175.614,普通弹幕,中,绿,1525544591,0,5c7a5d12,2907125442936832,你指尖跃动的电光，是我此生不变的信仰，唯我超电磁炮永世长存
144.083,普通弹幕,中,绿,1525544553,0,5c7a5d12,2907125441363968,你指尖跃动的电光，是我此生不变的信仰，唯我超电磁炮永世长存
274.1,普通弹幕,中,白,1525542446,0,19736012,2907125431926784,女生应该不会看吧
534.765,普通弹幕,中,黄,1525540554,0,618ebf0c,2907125429829632,颜表立
11.099,普通弹幕,中,白,1525539223,0,c800dd57,2907125427732480,回顾回顾
159.82,普通弹幕,中,白,1525538977,0,396ef8,2907125426159616,原来这个歌是出自这里
458.404,普通弹幕,中,绿,1525538588,0,b542637a,2907125425111040,这和真正的电磁炮差太多了
689.026,普通弹幕,中,白,1525538571,0,28859bcf,2907125424062464,问男主的去看魔法禁书目录
1186.33,普通弹幕,中,白,1525538318,0,5ad215a2,2907125421441024,金伯利？
1274.726,底部弹幕,中,白,1525537934,0,2a0c9aaf,2907125419343936,壮士一去兮不复还！！
1318.005,普通弹幕,中,白,1525537758,0,51fc1c35,2907125413576704,破坏公物
1245.173,普通弹幕,中,白,1525537666,0,51fc1c35,2907125412003840,流弊的话语
1333.101,底部弹幕,中,白,1525537015,0,4c010c1c,2907125410955264,放开那个孩子让我来
190.338,普通弹幕,中,白,1525536471,0,f44a76a7,2907125409906688,这个歌是这里的！？
704.993,普通弹幕,中,白,1525534631,0,259c0fe3,2907125393129472,这里有当麻吗
605.233,普通弹幕,中,白,1525534523,0,259c0fe3,2907125388410880,Lv99，半神
235.014,普通弹幕,中,白,1525534132,0,259c0fe3,2907125386313728,所以说这里面没当麻
61.075,底部弹幕,中,红,1525533696,0,91ed921f,2907125384216576,你认真想想在说吧。
20.265,底部弹幕,中,红,1525533629,0,91ed921f,2907125383168000,快跑啊!!!
1277.368,普通弹幕,中,紫,1525533582,0,7ea78fd2,2907125382643712,投币
944.94,普通弹幕,中,白,1525533559,0,4059207f,2907125380022272,真香
1311.248,普通弹幕,中,白,1525533466,0,234c4ee7,2907125378973696,白色
947.748,普通弹幕,中,紫,1525533210,0,7ea78fd2,2907125377400832,打脸
515.281,底部弹幕,中,黄,1525533161,0,89bd8129,2907125376352256,橘势大好
146.659,普通弹幕,中,黄,1525532417,0,7bf57242,2907125373730816,你指尖跃动的电光是我此生不变的信仰
1284.338,底部弹幕,中,蓝,1525531797,0,75875c,2907125371109376,一方通行！
1304.094,普通弹幕,中,白,1525531207,0,e21f77c3,2907125365342208,一方通行那个你非要这么皮吗
278.304,普通弹幕,中,白,1525530635,0,600e14da,2907125362720768,这部是魔禁的番外，和魔禁剧情互补，魔禁当麻是主角，这里炮姐是主角
18.301,普通弹幕,中,白,1525530466,0,600e14da,2907125358002176,炮姐日常被撩
555.522,普通弹幕,中,白,1525530233,0,97f78daf,2907125353283584,有男生啊
524.242,普通弹幕,中,白,1525530193,0,97f78daf,2907125350137856,黑子的这个姿势好
110.101,普通弹幕,中,白,1525529750,0,97f78daf,2907125347516416,很像凛啊
64.021,普通弹幕,中,白,1525529692,0,97f78daf,2907125345943552,炮姐万岁\(≧▽≦)/
1247.974,底部弹幕,中,红,1525529269,0,bde12545,2907125342797824,壮士一路走好啊！
510.804,普通弹幕,中,白,1525528795,0,5157d8fb,2907125342273536,。。。
1029.155,底部弹幕,中,白,1525527625,0,a242defe,2907125337030656,让你吃到真正的石灰
276.475,普通弹幕,中,白,1525527379,0,234c4ee7,2907125311340544,前方高能预警
818.409,普通弹幕,中,白,1525527379,0,a242defe,2907125309767680,好听
542.987,普通弹幕,中,白,1525527065,0,a242defe,2907125305573376,蒸汽姬呢
100.299,普通弹幕,中,白,1525526694,0,a242defe,2907125302427648,看到黑子就想到电脑配件
142.309,普通弹幕,中,白,1525526665,0,550cd80,2907125301379072,黑子哲也？
40.38,普通弹幕,中,白,1525526617,0,a242defe,2907125300330496,强行解释
329.386,普通弹幕,中,白,1525526024,0,53a68db2,2907125297184768,请务必让在下来帮你检查
25.363,普通弹幕,中,白,1525525703,0,7210bf63,2907125296136192,小混混快跑
31.005,普通弹幕,中,绿,1525525488,0,95df10c,2907125295087616,其余的百分之二十是老师？
1336.337,普通弹幕,中,白,1525523349,0,9c051d9e,2907125292990464,炮姐好可爱啊
1040.766,普通弹幕,中,白,1525522365,0,f018ee73,2907125290893312,哎呀妈呀  真香
1057.312,普通弹幕,中,白,1525522042,0,42f132f1,2907125289320448,QAQ画质感人
946.948,普通弹幕,中,白,1525520327,0,cf5ec473,2907125286699008,啪啪啪
748.267,底部弹幕,中,绿,1525518636,0,19b6f572,2907125282504704,前方万恶之源
495.537,普通弹幕,中,白,1525518561,0,313310e3,2907125281456128,黑子是真的平
1360.253,底部弹幕,中,红,1525518221,0,e1228933,2907125280407552,一拳一个伏笔怪！一拳一个注意怪
591.016,普通弹幕,中,黄,1525518008,0,36df3d2,2907125278310400,橘外人
1155.028,底部弹幕,中,灰,1525517984,0,e1228933,2907125277261824,这群二货是怎么想到抢银行的？？
1012.47,底部弹幕,中,橙,1525517842,0,e1228933,2907124603027456,233
772.392,底部弹幕,中,橙,1525517563,0,e1228933,2907124600930304,大橘已定
772.392,底部弹幕,中,橙,1525517555,0,e1228933,2907124599357440,橘里橘气
71.873,普通弹幕,中,白,1525517215,0,36df3d2,2907124598308864,求门槛视角QWQ
930.754,普通弹幕,中,绿,1525517153,0,abb64781,2907124595687424,来自箱庭浓浓的恶意
908.528,普通弹幕,中,绿,1525517131,0,abb64781,2907124592541696,白夜叉+N\
785.408,普通弹幕,中,绿,1525516997,0,abb64781,2907124587823168,橘里橘气
635.303,普通弹幕,中,白,1525516698,0,abb64781,2907124586774528,上条教主在拯救世界啊
483.872,普通弹幕,中,白,1525516560,0,abb64781,2907124585725952,摄影师。。。。
582.86,底部弹幕,中,橙,1525516547,0,e1228933,2907124584677376,坠入橘河
582.86,底部弹幕,中,橙,1525516534,0,e1228933,2907124584153088,橘里橘气
436.305,普通弹幕,中,白,1525516509,0,abb64781,2907124581531648,炮姐的钢镚掉了好几次
500.767,底部弹幕,中,红,1525516404,0,e1228933,2907124578910208,大局已定
500.767,底部弹幕,中,红,1525516395,0,e1228933,2907124575764480,坠入橘河
500.767,底部弹幕,中,红,1525516383,0,e1228933,2907124574715904,橘里橘气
500.767,底部弹幕,中,红,1525516339,0,e1228933,2907124571045888,今晚摄像师和非凡哥坐一桌！！
1251.082,普通弹幕,中,白,1525516319,0,e04fceea,2907124567375872,壮士走好
285.394,普通弹幕,中,白,1525516309,0,abb64781,2907124563181568,心疼，居然穿了保险裤！！！
196.005,普通弹幕,中,白,1525515861,0,7a235ca,2907124561084416,你指尖跃动的电光，是我此生不变的信仰，为我超电磁炮永世长存
78.639,普通弹幕,中,白,1525515588,0,a3f73941,2907124560035840,打脸
325.069,普通弹幕,中,白,1525515070,0,1c5feb75,2907124557938688,有男主吗
1136.515,普通弹幕,中,白,1525514915,0,1ef36bc,2907124556890112,抢银行都不带枪么
1054.26,普通弹幕,中,白,1525514819,0,1ef36bc,2907124555841536,香香的口味，你尝过没
160.925,底部弹幕,中,橙,1525514509,0,1a454245,2907124554792960,你指尖跃动的电光，是我此生不变的信仰，唯我超电磁炮永世长存
1300.262,普通弹幕,中,蓝,1525514385,0,7696c608,2907124552695808,飞得红
617.894,底部弹幕,中,红,1525514254,0,df79c711,2907124548501504,其实心里不是这么想的吧
489.062,普通弹幕,中,白,1525514163,0,1956b3de,2907124547452928,这玻璃真是个糟糕的发明
341.952,普通弹幕,中,白,1525513984,0,1492d6c9,2907124543258624,新人表示什么鬼
49.859,普通弹幕,中,白,1525513696,0,f6b977e5,2907124541161472,一血光子
5.779,普通弹幕,中,白,1525513458,0,af0cb1ee,2907124540637184,直流
205.359,普通弹幕,中,白,1525513390,0,7ccd9be2,2907124539588608,你指尖跃动的电光 是我此生的信仰 唯我超电磁炮永存
121.345,普通弹幕,中,白,1525513389,0,62a43971,2907124538540032,夹鸡馒头
144.359,底部弹幕,中,绿,1525513380,0,2d6768a8,2907124537491456,你指尖跃动的电光，是我此生不变的信仰，唯我超电磁炮永世长存
416.699,普通弹幕,中,白,1525513087,0,8511d827,2907124536442880,炮姐在玩水
1497.805,普通弹幕,中,白,1525512885,0,b96e6c37,2907124535394304,注意，10秒钟的下集预告
173.457,普通弹幕,中,白,1525512821,0,8511d827,2907124534345728,当年烂大街的歌，现在才知道出处
221.384,普通弹幕,中,白,1525511537,0,9abf41e4,2907124533297152,汝乃he
603.009,底部弹幕,中,白,1525510553,0,7ff945fe,2907124530675712,黑色
675.553,底部弹幕,中,红,1525510178,0,d4ea0242,2907124529627136,在超电磁炮里一方会被怎么打？
29.278,普通弹幕,中,白,1525509878,0,c6f1b639,2907124529102848,混混快跑
29.278,普通弹幕,中,白,1525509865,0,c6f1b639,2907124528054272,混混快跑
28.265,普通弹幕,中,白,1525509578,0,cd7719d3,2907124525957120,活着不好吗
475.004,普通弹幕,中,白,1525507358,0,5175800e,2907124523859968,前方高能
375.581,普通弹幕,中,白,1525506425,0,131f7fdb,2907124520189952,马猴烧酒
9.799,普通弹幕,中,白,1525504871,0,eb7915eb,2907124518617088,重新启动
415.067,普通弹幕,中,白,1525503992,0,583861ea,2907124517568512,？？
231.714,普通弹幕,中,红,1525503158,0,15d4befa,2907124516519936,最爱泪爷
1037.266,普通弹幕,中,白,1525501774,0,ccf4abb0,2907124514422784,真正的fan
916.338,底部弹幕,中,白,1525501040,0,f091ccaa,2907124513374208,2333
74.581,普通弹幕,中,白,1525499715,0,18942e3e,2907124508131328,打脸打脸
155.541,普通弹幕,中,白,1525499515,0,319bad96,2907124506558464,我好兴奋，好兴奋啊
295.597,底部弹幕,中,棕,1525499111,0,d3ea93dc,2907124503412736,爱谴责人士表示强烈咖啡
566.21,普通弹幕,中,橙,1525498907,0,37e6f80a,2907124501315584,橘里橘气
1327.912,普通弹幕,中,白,1525498667,0,a53f37cb,2907124500267008,当麻可以挡异能之力，却挡不了高速飞行的硬币
1233.253,普通弹幕,中,白,1525498360,0,a53f37cb,2907124495548416,炮姐压轴
1199.944,普通弹幕,中,白,1525498290,0,a53f37cb,2907124492402688,铁矢机关枪是最强的
20.847,普通弹幕,中,白,1525497968,0,2e3c582f,2907124487684096,表示木山VSzh
992.555,普通弹幕,中,白,1525497905,0,a53f37cb,2907124486635520,失去梦想
1417.488,底部弹幕,中,红,1525497653,0,e5acd869,2907124484538368,爹妈飞
0.0,普通弹幕,中,白,1525497651,0,2e3c582f,2907124482965504,木山春生VS子涵春生 fight
1417.488,底部弹幕,中,红,1525497646,0,e5acd869,2907124481916928,爹妈飞
1410.786,底部弹幕,中,红,1525497637,0,e5acd869,2907124480868352,爹妈飞~~~~~~~~
1234.716,普通弹幕,中,白,1525497545,0,100b8aef,2907124479819776,走好不送
709.248,普通弹幕,中,白,1525497350,0,a53f37cb,2907124478246912,说一方是疯子的我给你加buff
728.45,普通弹幕,中,白,1525497184,0,8d8cb8b0,2907124477198336,贝蒂……
1246.97,底部弹幕,中,红,1525497136,0,4fcd0e7b,2907124476149760,壮士走好
171.283,普通弹幕,中,白,1525496939,0,96842bce,2907124474052608,3001
679.458,普通弹幕,中,白,1525496849,0,c860110e,2907124473004032,会打脸的
274.878,普通弹幕,中,白,1525496730,0,a53f37cb,2907124471431168,当麻应该在这里的
392.358,普通弹幕,中,白,1525496522,0,c860110e,2907124469858304,婚后光子，婚前黑子
21.72,普通弹幕,中,白,1525495889,0,100b8aef,2907124468809728,走好哦喵
8.4,普通弹幕,中,白,1525495870,0,100b8aef,2907124467761152,再来一遍
382.77,普通弹幕,中,白,1525495766,0,aba58c6a,2907124465139712,。。。。
50.067,普通弹幕,中,红,1525495762,0,5b148568,2907124463566912,这里的小麦使用金坷垃吗
13.034,普通弹幕,中,白,1525493605,0,2fb121fa,2907124457275392,新人在这里~~
168.651,普通弹幕,中,白,1525491796,0,28077b50,2907124438925312,厉害
1217.563,底部弹幕,中,粉,1525489824,0,e87de4d,2907124436828160,空间移动？？？蔷薇色
517.311,普通弹幕,中,白,1525489601,0,246861b5,2907124433682432,.........
575.473,普通弹幕,中,红,1525487291,0,5ab0be4a,2907124431060992,请务必让我看
511.946,普通弹幕,中,红,1525487226,0,5ab0be4a,2907124430012416,加鸡腿！！！
396.608,普通弹幕,中,红,1525487060,0,5ab0be4a,2907124426866688,光子
254.383,普通弹幕,中,红,1525486908,0,5ab0be4a,2907124425818112,炮姐赛高
238.824,普通弹幕,中,红,1525486892,0,5ab0be4a,2907124424245248,姐姐大人
210.202,普通弹幕,中,白,1525486863,0,5ab0be4a,2907124421623808,老师好
183.865,普通弹幕,中,白,1525486837,0,5ab0be4a,2907124419002368,你指尖跃动的电光 是我此生不变的信仰 唯我超电磁炮永世长存
465.266,普通弹幕,中,白,1525485129,0,5f994a54,2907124413759488,？？？所以这个高能就是卡顿吗？！
1324.363,普通弹幕,中,白,1525483728,0,a30891de,2907124411138048,别想了，姐姐大人是不会穿胖次的
727.016,普通弹幕,中,白,1525483099,0,ae018e8b,2907124407992320,葫芦娃才是七个
1308.936,普通弹幕,中,白,1525483039,0,317b9cb6,2907124406419456,金地缂丝呢。
4.221,普通弹幕,中,白,1525482442,0,f3634366,2907124405370880,魔禁过来的有吗。。。
963.889,普通弹幕,中,白,1525469713,0,ebaa9ee0,2907124401700864,那个人怎么那么眼熟
746.545,普通弹幕,中,白,1525469468,0,ebaa9ee0,2907124400652288,七大罪
191.018,普通弹幕,中,白,1525468958,0,ebaa9ee0,2907124399079424,讲个笑话信仰之名
550.758,普通弹幕,中,白,1525460861,0,c7169678,2907124398555136,左下角男生瞩目
1253.792,普通弹幕,中,白,1525458372,0,e483123f,2907124396982272,一路走好不送
515.36,普通弹幕,中,白,1525455396,0,18af3645,2907124395933696,hhhhhh
489.241,普通弹幕,中,白,1525455370,0,18af3645,2907124395409408,23333
148.289,普通弹幕,中,白,1525454990,0,559ab564,2907124394360832,你指尖跃动的电光，是我此生不变的信仰，唯我超电磁炮永世长存
97.568,普通弹幕,中,白,1525454914,0,559ab564,2907124390166528,不，暴汉是你姐姐
122.939,底部弹幕,中,白,1525452459,0,df72c412,2907124385972224,夹击妹抖*2
99.539,底部弹幕,中,白,1525452426,0,df72c412,2907124384399360,夹击妹抖*1
10.139,普通弹幕,中,白,1525452317,0,df72c412,2907124381777920,再看一遍
67.912,普通弹幕,中,白,1525449161,0,d7accd7f,2907124377583616,光速打脸
1084.335,普通弹幕,中,白,1525448071,0,e4928be3,2907124376535040,你把姐姐的也吃了……
1109.403,普通弹幕,中,绿,1525447598,0,ddcb2c5d,2907124375486464,夹击妹抖
1091.723,普通弹幕,中,绿,1525447576,0,ddcb2c5d,2907124374437888,夹击妹抖
171.338,普通弹幕,中,白,1525447321,0,6513965d,2907124372865024,BGM是什么
1379.431,普通弹幕,中,白,1525447274,0,b1f84b00,2907124371292160,哦内酱，阿里嘎多
654.046,普通弹幕,中,白,1525447115,0,ddcb2c5d,2907124369195008,夹击妹抖
285.096,普通弹幕,中,白,1525446037,0,edd5bfa4,2907124368146432,这台机子是不是在那边出现过
1027.786,底部弹幕,中,白,1525446014,0,e57d5bea,2907124367622144,来一箱纳豆
638.03,普通弹幕,中,棕,1525445984,0,ab085577,2907124366573568,一一一先生！！
202.737,普通弹幕,中,白,1525445943,0,edd5bfa4,2907124365524992,这部剧会有上条当麻的出场么？
974.779,普通弹幕,中,白,1525445760,0,3bab9747,2907124362903552,是不是会套路
537.834,普通弹幕,中,红,1525445527,0,73effca4,2907124360806400,胯下一凉
586.456,底部弹幕,中,蓝,1525445457,0,75875c,2907124358184960,初春饰利：Level 1 定温保存 
106.686,普通弹幕,中,红,1525444495,0,4cd3b5e8,2907124348223488,周某23333
109.183,普通弹幕,中,白,1525444462,0,e2f8c1ab,2907124346650624,贝蒂的声优
4.501,普通弹幕,中,红,1525444372,0,4cd3b5e8,2907124345077760,我是从樱花庄过来的
1403.675,普通弹幕,中,白,1525443720,0,cfd2e9cb,2907124344553472,前面那个约战的您够了
1398.168,普通弹幕,中,白,1525442774,0,cf9aa518,2907124339834880,后宫+1
1277.344,普通弹幕,中,白,1525442406,0,b73f84cd,2907124338262016,活着不好吗
580.363,普通弹幕,中,白,1525442190,0,b669461a,2907124336689152,大家有没有发现看过来的都是女的
1191.179,底部弹幕,中,绿,1525442019,0,6902eb17,2907124332494848,求贼视角
449.413,普通弹幕,中,白,1525441864,0,96b4c853,2907124327776256,要硬币吗，送你两百发
326.737,普通弹幕,中,白,1525441813,0,b669461a,2907124326727680,身体接触，嘿嘿嘿
253.961,普通弹幕,中,白,1525441722,0,b669461a,2907124325679104,开局就是裙子是什么操作
162.837,普通弹幕,中,白,1525441691,0,96b4c853,2907124324630528,全体起立！！
545.114,普通弹幕,中,白,1525439891,0,e49e1b18,2907124316766208,土妹子？
397.431,普通弹幕,中,白,1525439828,0,cf9aa518,2907124315717632,贝蒂
1299.366,底部弹幕,中,白,1525437477,0,e8167896,2907124309950464,你指尖跃动的电光 是我此生不变的信仰 唯我超电磁炮永世长存
200.441,普通弹幕,中,蓝,1525437322,0,43d3d0,2907124307853312,在这里正片男主只是一个路人
1248.138,普通弹幕,中,白,1525436736,0,6d1b3582,2907124295270400,壮士走好，接下来是我一个人的干架
478.696,普通弹幕,中,白,1525436704,0,6468622b,2907124294221824,炮姐有欧派
473.885,底部弹幕,中,白,1525436622,0,e8167896,2907124291600384,摄像师加鸡腿！！！！
213.098,底部弹幕,中,白,1525436323,0,e8167896,2907124290551808,你指尖跃动的电光 是我此生不变的信仰 唯我超电磁炮永世长存！
184.971,底部弹幕,中,黄,1525436295,0,e8167896,2907124288978944,你指尖跃动的电光 是我此生不变的信仰 唯我超电磁炮永世长存
165.777,普通弹幕,中,粉,1525436276,0,e8167896,2907124287930368,你指尖跃动的电光 是我此生不变的信仰 唯我超电磁炮永世长存
154.708,底部弹幕,中,粉,1525436265,0,e8167896,2907124286881792,你指尖跃动的电光 是我此生不变的信仰 唯我超电磁炮永世长存！！
143.779,底部弹幕,中,淡黄,1525436254,0,e8167896,2907124284784640,你指尖跃动的电光 是我此生不变的信仰 唯我超电磁炮永世长存
208.21,底部弹幕,中,香芋紫,1525436229,0,e8167896,2907124284260352,你指尖跃动的电光 是我此生不变的信仰 唯我超电磁炮永世长存。
192.312,底部弹幕,中,红,1525436213,0,e8167896,2907124283211776,你指尖跃动的电光 是我此生不变的信仰 唯我超电磁炮永世长存
176.177,普通弹幕,中,香芋紫,1525436197,0,e8167896,2907124280590336,你指尖跃动的电光 是我此生不变的信仰 唯我超电磁炮永世长存
160.82,普通弹幕,中,香芋紫,1525436182,0,e8167896,2907124279541760,你指尖跃动的电光 是我此生不变的信仰 唯我超电磁炮永世长存！！
142.781,底部弹幕,中,香芋紫,1525436164,0,e8167896,2907124277968896,你指尖跃动的电光 是我此生不变的信仰 唯我超电磁炮永世长存
19.76,普通弹幕,中,白,1525434611,0,fa430608,2907124268007424,(=^▽^=)
1402.912,普通弹幕,中,白,1525431194,0,c522cbde,2907124262240256,昨天同学awa
479.087,普通弹幕,中,白,1525431182,0,5c487eb4,2907124260667392,高能预警
517.613,普通弹幕,中,白,1525431105,0,30b08d98,2907124260143104,妈耶
920.664,普通弹幕,中,白,1525430638,0,82002b73,2907124258570240,打脸高能
548.444,普通弹幕,中,白,1525430610,0,43da61f7,2907124256473088,下体一凉
216.52,普通弹幕,中,白,1525429629,0,7ccd9be2,2907124255424512,你指尖跃动的电光 是我此生的信仰 唯我超电磁炮永存
214.201,普通弹幕,中,黄,1525429624,0,7ccd9be2,2907124254375936,你指尖跃动的电光 是我此生的信仰 唯我超电磁炮永存
210.76,普通弹幕,中,红,1525429616,0,7ccd9be2,2907124252803072,你指尖跃动的电光 是我此生的信仰 唯我超电磁炮永存
208.441,普通弹幕,中,黄,1525429611,0,7ccd9be2,2907124251754496,你指尖跃动的电光 是我此生的信仰 唯我超电磁炮永存
205.72,普通弹幕,中,黄,1525429606,0,7ccd9be2,2907124251230208,你指尖跃动的电光 是我此生的信仰 唯我超电磁炮永存
203.901,普通弹幕,中,绿,1525429601,0,7ccd9be2,2907124250181632,你指尖跃动的电光 是我此生的信仰 唯我超电磁炮永存
202.18,普通弹幕,中,蓝,1525429597,0,7ccd9be2,2907124248608768,你指尖跃动的电光 是我此生的信仰 唯我超电磁炮永存
200.561,普通弹幕,中,红,1525429593,0,7ccd9be2,2907124247560192,你指尖跃动的电光 是我此生的信仰 唯我超电磁炮永存
199.24,普通弹幕,中,黄,1525429590,0,7ccd9be2,2907124246511616,你指尖跃动的电光 是我此生的信仰 唯我超电磁炮永存
190.1,普通弹幕,中,黄,1525429572,0,7ccd9be2,2907124244938752,你指尖跃动的电光 是我此生的信仰 唯我超电磁炮永存
186.38,普通弹幕,中,黄,1525429566,0,7ccd9be2,2907124243365888,你指尖跃动的电光 是我此生的信仰 唯我超电磁炮永存
184.66,普通弹幕,中,红,1525429562,0,7ccd9be2,2907124242317312,你指尖跃动的电光 是我此生的信仰 唯我超电磁炮永存
181.22,普通弹幕,中,白,1525429554,0,7ccd9be2,2907124241268736,你指尖跃动的电光 是我此生的信仰 唯我超电磁炮永存
179.501,普通弹幕,中,棕,1525429550,0,7ccd9be2,2907124240220160,你指尖跃动的电光 是我此生的信仰 唯我超电磁炮永存
176.48,普通弹幕,中,青,1525429545,0,7ccd9be2,2907124238123008,你指尖跃动的电光 是我此生的信仰 唯我超电磁炮永存
174.36,普通弹幕,中,黄,1525429541,0,7ccd9be2,2907124237074432,你指尖跃动的电光 是我此生的信仰 唯我超电磁炮永存
172.34,普通弹幕,中,绿,1525429534,0,7ccd9be2,2907124236550144,你指尖跃动的电光 是我此生的信仰 唯我超电磁炮永存
169.82,普通弹幕,中,粉,1525429529,0,7ccd9be2,2907124235501568,你指尖跃动的电光 是我此生的信仰 唯我超电磁炮永存
168.301,普通弹幕,中,蓝,1525429524,0,7ccd9be2,2907124233928704,你指尖跃动的电光 是我此生的信仰 唯我超电磁炮永存
165.98,普通弹幕,中,绿,1525429519,0,7ccd9be2,2907124231307328,你指尖跃动的电光 是我此生的信仰 唯我超电磁炮永存
164.36,普通弹幕,中,黄,1525429515,0,7ccd9be2,2907124230782976,你指尖跃动的电光 是我此生的信仰 唯我超电磁炮永存
162.941,普通弹幕,中,红,1525429511,0,7ccd9be2,2907124229210112,你指尖跃动的电光 是我此生的信仰 唯我超电磁炮永存
160.621,普通弹幕,中,白,1525429507,0,7ccd9be2,2907124228161536,你指尖跃动的电光 是我此生的信仰 唯我超电磁炮永存
158.9,普通弹幕,中,棕,1525429502,0,7ccd9be2,2907124227112960,你指尖跃动的电光 是我此生的信仰 唯我超电磁炮永存
156.88,普通弹幕,中,紫,1525429497,0,7ccd9be2,2907124226588672,你指尖跃动的电光 是我此生的信仰 唯我超电磁炮永存
154.66,普通弹幕,中,蓝,1525429492,0,7ccd9be2,2907124223967232,你指尖跃动的电光 是我此生的信仰 唯我超电磁炮永存
152.941,普通弹幕,中,粉,1525429484,0,7ccd9be2,2907124222918656,你指尖跃动的电光 是我此生的信仰 唯我超电磁炮永存
151.021,普通弹幕,中,绿,1525429479,0,7ccd9be2,2907124221345792,你指尖跃动的电光 是我此生的信仰 唯我超电磁炮永存
149.301,普通弹幕,中,黄,1525429475,0,7ccd9be2,2907124220297280,你指尖跃动的电光 是我此生的信仰 唯我超电磁炮永存
147.98,普通弹幕,中,红,1525429471,0,7ccd9be2,2907124219248640,你指尖跃动的电光 是我此生的信仰 唯我超电磁炮永存
125.34,普通弹幕,中,红,1525429393,0,7ccd9be2,2907124217675776,夹击妹抖*3
58.221,普通弹幕,中,红,1525429109,0,7ccd9be2,2907124215054336,前方光速打脸
250.899,普通弹幕,中,粉,1525428910,0,2027056,2907124214005760,有女生看这个吗？
379.303,底部弹幕,中,红,1525425357,0,dc3575ef,2907124210860032,接上了。。。
580.724,普通弹幕,中,黄,1525424497,0,f5e29218,2907124197228544,gay蜜
554.782,普通弹幕,中,黄,1525424462,0,f5e29218,2907124195655680,橘里橘气
334.929,普通弹幕,中,白,1525424297,0,46c55e6f,2907124194607104,男主呢
475.016,普通弹幕,中,白,1525421869,0,2af883c8,2907124193558528,哦哦哦
487.549,底部弹幕,中,红,1525421355,0,c7f5e75b,2907124192509952,都香都香
168.958,普通弹幕,中,白,1525420125,0,e95757fb,2907124190937088,上条势力
954.498,普通弹幕,中,白,1525420124,0,8da4bac7,2907124189888512,真香23333333
694.118,底部弹幕,中,白,1525420002,0,3bf906e7,2907124188839936,每集都有男主，OP里找
448.24,普通弹幕,中,白,1525419607,0,8da4bac7,2907124185694208,黑子可以正面肛的，愉悦
799.483,普通弹幕,中,白,1525416862,0,29f53f41,2907124184645632,对面那个是。。。龙儿？还是大老师？？？
70.741,底部弹幕,中,白,1525414277,0,478a3bf5,2907124183597120,魔法侧教你做人
1228.074,普通弹幕,中,白,1525412679,0,d1e9546f,2907124183072768,高能预警
1186.782,普通弹幕,中,白,1525410273,0,b51a75c8,2907124182024192,黑子骗技能
981.516,底部弹幕,中,绿,1525409963,0,fa9529e8,2907124180451328,真像！
788.879,底部弹幕,中,红,1525409771,0,fa9529e8,2907124177305600,一方通行 不是常磐市的吗？
709.48,底部弹幕,中,红,1525409692,0,fa9529e8,2907124173111296,大丈夫
627.596,底部弹幕,中,红,1525409609,0,fa9529e8,2907124171538496,为什么头上要开花
339.64,普通弹幕,中,白,1525405791,0,ae5bd8ee,2907124164722688,对不起，我站教主与女王
269.0,普通弹幕,中,白,1525405706,0,ae5bd8ee,2907124163674112,贩卖机走好
152.955,普通弹幕,中,黄,1525405416,0,c1695b6,2907124161576960,你指尖跃动的电光，是我此生不灭的信仰，唯我超电磁炮永世长存！！！
146.675,底部弹幕,中,黄,1525405403,0,c1695b6,2907124160528384,你指尖跃动的电光，是我此生不灭的信仰，唯我超电磁炮永世长存！！！
146.675,底部弹幕,中,蓝,1525405397,0,c1695b6,2907124160004096,你指尖跃动的电光，是我此生不灭的信仰，唯我超电磁炮永世长存！！！
146.155,底部弹幕,中,红,1525405392,0,c1695b6,2907124158955520,你指尖跃动的电光，是我此生不灭的信仰，唯我超电磁炮永世长存！！！
144.955,底部弹幕,中,红,1525405387,0,c1695b6,2907124157906944,你指尖跃动的电光，是我此生不灭的信仰，唯我超电磁炮永世长存！！！
708.152,普通弹幕,中,白,1525401080,0,1000c9c9,2907124148469760,呆jio不?
12.341,普通弹幕,中,白,1525397556,0,52542e7f,2907124145848320,蝉在叫人坏掉
598.272,普通弹幕,中,黄,1525397380,0,2cf88d21,2907124144799744,真白
1034.2,普通弹幕,中,白,1525394406,0,dcc79082,2907124137984000,可得劲拉
342.051,普通弹幕,中,白,1525393556,0,f81a5d0a,2907124135886848,透视？？？
91.06,普通弹幕,中,红,1525371539,0,19dbb815,2907124131692544,壮士走好，不送
1477.13,普通弹幕,中,白,1525367695,0,48083872,2907124130643968,是百合又是伪百合
209.141,底部弹幕,中,粉,1525365394,0,a0a30e75,2907124127498240,你指间跃动的电光，是我此生不灭的信仰！唯我超电磁炮永世长存！
207.922,底部弹幕,中,红,1525365389,0,a0a30e75,2907124126449664,你指间跃动的电光，是我此生不灭的信仰！唯我超电磁炮永世长存！
207.062,底部弹幕,中,青,1525365378,0,a0a30e75,2907124123828224,你指间跃动的电光，是我此生不灭的信仰！唯我超电磁炮永世长存！
204.562,底部弹幕,中,红,1525365368,0,a0a30e75,2907124122779648,你指间跃动的电光，是我此生不灭的信仰！唯我超电磁炮永世长存！
203.642,底部弹幕,中,红,1525365357,0,a0a30e75,2907124121206784,你指间跃动的电光，是我此生不灭的信仰！唯我超电磁炮永世长存！
202.362,底部弹幕,中,红,1525365351,0,a0a30e75,2907124120158208,你指间跃动的电光，是我此生不灭的信仰！唯我超电磁炮永世长存！
200.342,普通弹幕,中,红,1525365335,0,a0a30e75,2907124119109632,你指间跃动的电光，是我此生不灭的信仰！唯我超电磁炮永世长存！
1418.378,普通弹幕,中,白,1525364640,0,fe336c29,2907124118061056,爹妈飞的。。泥垢了
863.156,普通弹幕,中,白,1525364015,0,fe336c29,2907124117012480,挺黑子计划
787.896,普通弹幕,中,白,1525363912,0,fe336c29,2907124115963904,好可爱啊
279.648,底部弹幕,中,红,1525362869,0,fe336c29,2907124110721024,为什么不是胖次!!!
279.648,底部弹幕,中,红,1525362865,0,fe336c29,2907124109672448,为什么不是胖次!!!
279.648,底部弹幕,中,红,1525362860,0,fe336c29,2907124108623872,为什么不是胖次!!!
279.01,底部弹幕,中,红,1525362855,0,fe336c29,2907124107575296,为什么不是胖次!!!
250.275,普通弹幕,中,白,1525362767,0,fe336c29,2907124106526720,炮姐赛高
1392.85,普通弹幕,中,白,1525362754,0,c8bb27f9,2907124104953856,蜜汁脸红
1243.699,普通弹幕,中,白,1525362695,0,4b3646f8,2907124103905280,壮士一路走好
1316.917,普通弹幕,中,白,1525362678,0,c8bb27f9,2907124102856768,帅气
1182.635,普通弹幕,中,白,1525362540,0,c8bb27f9,2907124101808128,金布利复活
1171.932,普通弹幕,中,白,1525362511,0,c8bb27f9,2907124100759552,红莲之炼金术师
1055.568,普通弹幕,中,白,1525362381,0,c8bb27f9,2907124099710976,百合大法好
1031.907,普通弹幕,中,白,1525362345,0,c8bb27f9,2907124098138112,煎饼果子
1233.81,普通弹幕,中,白,1525362314,0,4038ceb8,2907124096040960,这劫犯的车还低趴？！！！
454.865,普通弹幕,中,白,1525362297,0,20c10754,2907124090798080,水滴？
800.821,普通弹幕,中,白,1525362116,0,c8bb27f9,2907124089749504,路人视角……
778.228,普通弹幕,中,白,1525362087,0,c8bb27f9,2907124088700928,百合大法好
689.597,普通弹幕,中,白,1525361966,0,c8bb27f9,2907124087652352,辣妹儿……
636.679,普通弹幕,中,白,1525361879,0,c8bb27f9,2907124085030912,象征自由的男人
346.091,普通弹幕,中,白,1525361555,0,3dd708fa,2907124083458048,这个女孩子的能力是透视啊， 卡片花纹是对着医生的
1257.106,普通弹幕,中,白,1525360890,0,e11dc697,2907124079788032,腹黑到家
491.259,普通弹幕,中,白,1525360283,0,ae04368d,2907124077690880,一直想不通炮姐的能力测量为什么是破坏力而不包含电磁的精确控制力。。
125.815,普通弹幕,中,白,1525359968,0,c015c699,2907124075069440,夹击妹抖
1242.671,底部弹幕,中,粉,1525359546,0,9cd32349,2907124073496576,壮士生前也是个体面人
1063.332,底部弹幕,中,粉,1525359330,0,9cd32349,2907124072448000,百合大法
33.219,普通弹幕,中,白,1525358672,0,14653c8b,2907124068253696,三补
1237.468,普通弹幕,中,白,1525358483,0,9bf34d61,2907124067205120,德国在召唤你
939.575,普通弹幕,中,白,1525358168,0,9bf34d61,2907124066156544,哈哈哈
324.794,普通弹幕,中,白,1525357534,0,9bf34d61,2907124065107968,基洛夫＋一
1245.477,普通弹幕,中,白,1525357181,0,288792a2,2907124054097920,前方高能
1360.282,普通弹幕,中,红,1525356614,0,34d89e7c,2907124050952192,口袋里是个什么东西？
1241.774,普通弹幕,中,红,1525356465,0,34d89e7c,2907124048330752,壮士走好不送……
1193.974,普通弹幕,中,红,1525356392,0,34d89e7c,2907124047282176,感受来自世界的痛苦吧
678.48,普通弹幕,中,白,1525356305,0,288792a2,2907124045185024,打脸
147.059,普通弹幕,中,白,1525355637,0,288792a2,2907124042039296,大爱我炮姐
575.435,普通弹幕,中,白,1525355586,0,23edd64f,2907124033126400,山兔拉条啊
65.574,普通弹幕,中,白,1525355533,0,288792a2,2907124032077824,前方高能
1357.082,普通弹幕,中,白,1525355507,0,27850f37,2907124031029248,私立！切嗣！
1275.752,普通弹幕,中,白,1525355029,0,170f69b5,2907124024737792,暗示投币
148.939,底部弹幕,中,黄,1525352822,0,f3ab726f,2907124021592064,你指尖跃动的电光，是我此生不变的信仰，唯我超电磁炮永世长存！
147.219,底部弹幕,中,黄,1525352810,0,f3ab726f,2907124018970624,你指尖跃动的电光，是我此生不变的信仰，唯我超电磁炮永世长存！
145.379,底部弹幕,中,黄,1525352788,0,f3ab726f,2907124017922048,你指尖跃动的电光，是我此生不变的信仰，唯我超电磁炮永世长存！
142.939,底部弹幕,中,黄,1525352776,0,f3ab726f,2907124016349184,你指尖跃动的电光，是我此生不变的信仰，唯我超电磁炮永世长存！
162.94,底部弹幕,中,黄,1525352758,0,f3ab726f,2907124015300608,你指尖跃动的电光，是我此生不变的信仰，唯我超电磁炮永世长存
157.859,底部弹幕,中,黄,1525352743,0,f3ab726f,2907124014252032,你指尖跃动的电光，是我此生不变的信仰，唯我超电磁炮永世长存！
155.179,底部弹幕,中,黄,1525352725,0,f3ab726f,2907124013203456,你指尖跃动的电光，是我此生不变的信仰，唯我超电磁炮永世长存！
152.939,底部弹幕,中,黄,1525352709,0,f3ab726f,2907124011630592,你指尖跃动的电光，是我此生不变的信仰，唯我超电磁炮永世长存！
548.775,普通弹幕,中,黄,1525352636,0,34d89e7c,2907124010582016,摄影师你这个梁非凡。
144.099,底部弹幕,中,黄,1525352547,0,f3ab726f,2907124010057728,你指尖跃动的电光，是我此生不变的信仰，唯我超电磁炮永世长存！
503.155,普通弹幕,中,黄,1525352475,0,34d89e7c,2907124009009152,人才人才
186.44,底部弹幕,中,粉,1525352462,0,f3ab726f,2907124002193408,你指尖跃动的电光，是我此生不变的信仰，唯我超电磁炮永世长存！
472.675,普通弹幕,中,黄,1525352438,0,34d89e7c,2907124001144832,炮姐没硬币了，兄弟们我们一起去投吧。
178.681,普通弹幕,中,黄,1525352429,0,f3ab726f,2907124000096320,你指尖跃动的电光，是我此生不变的信仰，唯我超电磁炮永世长存！
177.44,底部弹幕,中,红,1525352412,0,f3ab726f,2907123997999104,你指尖跃动的电光，是我此生不变的信仰，唯我超电磁炮永世长存！
175.121,普通弹幕,中,白,1525352398,0,f3ab726f,2907123995377664,你指尖跃动的电光，是我此生不变的信仰，唯我超电磁炮永世长存！
173.4,普通弹幕,中,棕,1525352386,0,f3ab726f,2907123994329088,你指尖跃动的电光，是我此生不变的信仰，唯我超电磁炮永世长存！
169.76,普通弹幕,中,棕,1525352369,0,f3ab726f,2907123993804800,你指尖跃动的电光，是我此生不变的信仰，唯我超电磁炮永世长存！
167.441,普通弹幕,中,青,1525352357,0,f3ab726f,2907123992231936,你指尖跃动的电光，是我此生不变的信仰，唯我超电磁炮永世长存！
165.0,普通弹幕,中,紫,1525352344,0,f3ab726f,2907123991183360,你指尖跃动的电光，是我此生不变的信仰，唯我超电磁炮永世长存！
162.08,普通弹幕,中,黄,1525352330,0,f3ab726f,2907123990134784,你指尖跃动的电光，是我此生不变的信仰，唯我超电磁炮永世长存！
160.0,普通弹幕,中,蓝,1525352317,0,f3ab726f,2907123989086208,你指尖跃动的电光，是我此生不变的信仰，唯我超电磁炮永世长存！
157.92,普通弹幕,中,粉,1525352301,0,f3ab726f,2907123988561920,你指尖跃动的电光，是我此生不变的信仰，唯我超电磁炮永世长存！
155.601,普通弹幕,中,蓝,1525352288,0,f3ab726f,2907123987513344,你指尖跃动的电光，是我此生不变的信仰，唯我超电磁炮永世长存！
153.76,普通弹幕,中,黄,1525352275,0,f3ab726f,2907123986464768,你指尖跃动的电光，是我此生不变的信仰，唯我超电磁炮永世长存！
152.16,普通弹幕,中,红,1525352263,0,f3ab726f,2907123985416192,你指尖跃动的电光，是我此生不变的信仰，唯我超电磁炮永世长存！
150.081,普通弹幕,中,白,1525352251,0,f3ab726f,2907123980173312,你指尖跃动的电光，是我此生不变的信仰，唯我超电磁炮永世长存！
147.761,普通弹幕,中,棕,1525352239,0,f3ab726f,2907123978600448,你指尖跃动的电光，是我此生不变的信仰，唯我超电磁炮永世长存！
146.501,普通弹幕,中,黄,1525352225,0,f3ab726f,2907123976503296,你指尖跃动的电光，是我此生不变的信仰，唯我超电磁炮永世长存！
145.161,普通弹幕,中,粉,1525352213,0,f3ab726f,2907123972308992,你指尖跃动的电光，是我此生不变的信仰，唯我超电磁炮永世长存！
142.601,普通弹幕,中,黄,1525352200,0,f3ab726f,2907123971260416,你指尖跃动的电光，是我此生不变的信仰，唯我超电磁炮永世长存！
181.79,底部弹幕,中,黄,1525352149,0,f3ab726f,2907123969163264,你指尖跃动的电光，是我此生不变的信仰，唯我超电磁炮永世长存！
163.869,底部弹幕,中,红,1525352121,0,f3ab726f,2907123968114688,你指尖跃动的电光，是我此生不变的信仰，唯我超电磁炮永世长存！
161.671,底部弹幕,中,白,1525352108,0,f3ab726f,2907123967066112,你指尖跃动的电光，是我此生不变的信仰，唯我超电磁炮永世长存！
160.31,底部弹幕,中,黄,1525352090,0,f3ab726f,2907123964968960,你指尖跃动的电光，是我此生不变的信仰，唯我超电磁炮永世长存！
158.71,底部弹幕,中,粉,1525352076,0,f3ab726f,2907123962871808,你指尖跃动的电光，是我此生不变的信仰，唯我超电磁炮永世长存！
156.87,底部弹幕,中,黄,1525352061,0,f3ab726f,2907123961823232,你指尖跃动的电光，是我此生不变的信仰，唯我超电磁炮永世长存！
155.51,底部弹幕,中,红,1525352043,0,f3ab726f,2907123960774656,你指尖跃动的电光，是我此生不变的信仰，唯我超电磁炮永世长存！
154.03,底部弹幕,中,黄,1525352030,0,f3ab726f,2907123960250368,你指尖跃动的电光，是我此生不变的信仰，唯我超电磁炮永世长存！
151.47,底部弹幕,中,黄,1525352018,0,f3ab726f,2907123959201792,你指尖跃动的电光，是我此生不变的信仰，唯我超电磁炮永世长存！
149.99,底部弹幕,中,粉,1525352006,0,f3ab726f,2907123958153216,你指尖跃动的电光，是我此生不变的信仰，唯我超电磁炮永世长存！
147.029,底部弹幕,中,蓝,1525351992,0,f3ab726f,2907123956580352,你指尖跃动的电光，是我此生不变的信仰，唯我超电磁炮永世长存！
143.99,底部弹幕,中,蓝,1525351973,0,f3ab726f,2907123955531776,你指尖跃动的电光，是我此生不变的信仰，唯我超电磁炮永世长存！
143.99,底部弹幕,中,黄,1525351934,0,f3ab726f,2907123954483200,你指尖跃动的电光，是我此生不变的信仰，唯我超电磁炮永世长存！
143.99,底部弹幕,中,红,1525351916,0,f3ab726f,2907123953958912,你指尖跃动的电光，是我此生不变的信仰，唯我超电磁炮永世长存！
143.99,底部弹幕,中,白,1525351903,0,f3ab726f,2907123952386048,你指尖跃动的电光，是我此生不变的信仰，唯我超电磁炮永世长存！
178.176,底部弹幕,中,红,1525351863,0,f3ab726f,2907123951337472,你指尖跃动的电光，是我此生不变的信仰，唯我超电磁炮永世长存！
178.176,底部弹幕,中,白,1525351849,0,f3ab726f,2907123948716032,你指尖跃动的电光，是我此生不变的信仰，唯我超电磁炮永世长存！
27.92,普通弹幕,中,白,1525351744,0,34d89e7c,2907123945046016,好好活着，不好吗？
21.42,普通弹幕,中,白,1525351734,0,34d89e7c,2907123942424576,那些混混不会有事吧？
149.275,底部弹幕,中,黄,1525351606,0,f3ab726f,2907123937181696,你指尖跃动的电光，是我此生不变的信仰，唯我超电磁炮永世长存！
147.915,底部弹幕,中,黄,1525351592,0,f3ab726f,2907123929841664,你指尖跃动的电光，是我此生不变的信仰，唯我超电磁炮永世长存！
166.739,底部弹幕,中,黄,1525351569,0,f3ab726f,2907123927744512,你指尖跃动的电光，是我此生不变的信仰，唯我超电磁炮永世长存！
162.979,底部弹幕,中,蓝,1525351551,0,f3ab726f,2907123927220224,你指尖跃动的电光，是我此生不变的信仰，唯我超电磁炮永世长存！
155.7,普通弹幕,中,绿,1525351516,0,f3ab726f,2907123924598784,你指尖跃动的电光，是我此生不变的信仰，唯我超电磁炮永世长存！
148.369,普通弹幕,中,黄,1525351497,0,f3ab726f,2907123923550208,你指尖跃动的电光，是我此生不变的信仰，唯我超电磁炮永世长存！
146.739,底部弹幕,中,黄,1525351477,0,f3ab726f,2907123921453056,你指尖跃动的电光，是我此生不变的信仰，唯我超电磁炮永世长存！
176.5,普通弹幕,中,白,1525351440,0,d5b4fba5,2907123919355904,指尖的悦动，是我终生不变的信仰
144.139,普通弹幕,中,红,1525351398,0,f3ab726f,2907123916734464,你指尖跃动的电光，是我此生不变的信仰，唯我超电磁炮永世长存！
142.419,底部弹幕,中,红,1525351363,0,f3ab726f,2907123915685888,你指尖跃动的电光，是我此生不变的信仰，唯我超电磁炮永世长存！
139.819,普通弹幕,中,白,1525351295,0,f3ab726f,2907123913064448,你指尖跃动的电光，是我此生不变的信仰，唯我超电磁炮永世长存！
146.267,普通弹幕,中,黄,1525351161,0,f3ab726f,2907123910443008,你指尖跃动的电光，是我此生不变的信仰，唯我超电磁炮永世长存！
145.027,普通弹幕,中,黄,1525351147,0,f3ab726f,2907123909918720,你指尖跃动的电光，是我此生不变的信仰，唯我超电磁炮永世长存！
143.787,底部弹幕,中,黄,1525351082,0,f3ab726f,2907123908345856,你指尖跃动的电光，是我此生不变的信仰，唯我超电磁炮永世长存！
140.988,底部弹幕,中,白,1525351052,0,f3ab726f,2907123907821568,占 戈 哥 欠 走 己 ！
150.014,底部弹幕,中,白,1525351009,0,f3ab726f,2907123902578688,你指尖跃动的电光，是我此生不变的信仰，唯我超电磁炮永世长存！
148.534,底部弹幕,中,棕,1525350974,0,f3ab726f,2907123901005824,你指尖跃动的电光，是我此生不变的信仰，唯我超电磁炮永世长存！
147.654,底部弹幕,中,青,1525350954,0,f3ab726f,2907123896287232,你指尖跃动的电光，是我此生不变的信仰，唯我超电磁炮永世长存！
146.414,底部弹幕,中,紫,1525350925,0,f3ab726f,2907123893141504,你指尖跃动的电光，是我此生不变的信仰，唯我超电磁炮永世长存！
145.294,底部弹幕,中,紫,1525350901,0,f3ab726f,2907123890520064,你指尖跃动的电光，是我此生不变的信仰，唯我超电磁炮永世长存！
144.174,底部弹幕,中,黄,1525350887,0,f3ab726f,2907123888422912,你指尖跃动的电光，是我此生不变的信仰，唯我超电磁炮永世长存！
142.933,底部弹幕,中,蓝,1525350860,0,f3ab726f,2907123887374336,你指尖跃动的电光，是我此生不变的信仰，唯我超电磁炮永世长存！
150.577,底部弹幕,中,粉,1525350787,0,f3ab726f,2907123884228608,你指尖跃动的电光，是我此生不变的信仰，唯我超电磁炮永世长存！
149.216,底部弹幕,中,蓝,1525350697,0,f3ab726f,2907123882655744,你指尖跃动的电光，是我此生不变的信仰，唯我超电磁炮永世长存！
147.857,底部弹幕,中,绿,1525350664,0,f3ab726f,2907123881607168,你指尖跃动的电光，是我此生不变的信仰，唯我超电磁炮永世长存！
785.247,普通弹幕,中,白,1525350637,0,2b31b09c,2907123880558592,和小新一样的脸
146.136,底部弹幕,中,黄,1525350621,0,f3ab726f,2907123879510016,你指尖跃动的电光，是我此生不变的信仰，唯我超电磁炮永世长存！
144.897,底部弹幕,中,红,1525350583,0,f3ab726f,2907123876888576,你指尖跃动的电光，是我此生不变的信仰，唯我超电磁炮永世长存
144.137,底部弹幕,中,白,1525350547,0,f3ab726f,2907123872169984,你指尖跃动的电光，是我此生不变的信仰，唯我超电磁炮永世长存
146.784,底部弹幕,中,粉,1525350492,0,f3ab726f,2907123871121408,你指尖跃动的电光，是我此生不变的信仰，唯我超电磁炮永世长存！
145.785,底部弹幕,中,黄,1525350480,0,f3ab726f,2907123870072832,你指尖跃动的电光，是我此生不变的信仰，唯我超电磁炮永世长存！
144.905,底部弹幕,中,黄,1525350467,0,f3ab726f,2907123869024256,你指尖跃动的电光，是我此生不变的信仰，唯我超电磁炮永世长存！
147.521,底部弹幕,中,黄,1525350448,0,f3ab726f,2907123866402816,你指尖跃动的电光，是我此生不变的信仰，唯我超电磁炮永世长存！
146.4,底部弹幕,中,黄,1525350433,0,f3ab726f,2907123863781376,你指尖跃动的电光，是我此生不变的信仰，唯我超电磁炮永世长存！
145.161,底部弹幕,中,黄,1525350421,0,f3ab726f,2907123862208512,你指尖跃动的电光，是我此生不变的信仰，唯我超电磁炮永世长存
153.739,底部弹幕,中,红,1525350258,0,f3ab726f,2907123858538496,你指尖跃动的电光，是我此生不变的信仰，唯我超电磁炮永世长存！
147.779,底部弹幕,中,黄,1525350234,0,f3ab726f,2907123857489920,你指尖跃动的电光，是我此生不变的信仰，唯我超电磁炮永世长存！
146.42,底部弹幕,中,黄,1525350218,0,f3ab726f,2907123855917056,你指尖跃动的电光，是我此生不变的信仰，唯我超电磁炮永世长存！
0.498,普通弹幕,中,白,1525350211,0,104b6496,2907123054804992,魔禁s2e14有这短哼曲
147.494,底部弹幕,中,黄,1525350193,0,f3ab726f,2907123052707840,你指尖跃动的电光，是我此生不变的信仰，唯我超电磁炮永世长存！
147.494,底部弹幕,中,红,1525350183,0,f3ab726f,2907123051659264,你指尖跃动的电光，是我此生不变的信仰，唯我超电磁炮永世长存！
147.494,底部弹幕,中,黄,1525350173,0,f3ab726f,2907123050610688,你指尖跃动的电光，是我此生不变的信仰，唯我超电磁炮永世长存！
143.494,底部弹幕,中,黄,1525350154,0,f3ab726f,2907123050086400,你指尖跃动的电光，是我此生不变的信仰，唯我超电磁炮永世长存！
1128.698,普通弹幕,中,白,1525349708,0,680ed7e4,2907123046416384,蝎？
157.078,底部弹幕,中,香芋紫,1525348969,0,e8167896,2907123043270656,你指尖跃动的电光 是我此生不变的信仰 唯我超电磁炮永世长存。
148.33,普通弹幕,中,香芋紫,1525348953,0,e8167896,2907123041697792,你指尖跃动的电光 是我此生不变的信仰 唯我超电磁炮永世长存！！
141.109,普通弹幕,中,橙,1525348938,0,e8167896,2907123040649216,你指尖跃动的电光 是我此生不变的信仰 唯我超电磁炮永世长存
514.028,普通弹幕,中,青,1525348859,0,1c82b2f1,2907123039600640,摄影师加鸡腿
174.458,底部弹幕,中,橙,1525348799,0,e8167896,2907123036454912,你指尖跃动的电光 是我此生不变的信仰 唯我超电磁炮永世长存。
447.163,普通弹幕,小,白,1525348792,0,1c82b2f1,2907123033833472,boom
158.163,底部弹幕,中,橙,1525348773,0,e8167896,2907123032784896,你指尖跃动的电光 是我此生不变的信仰 唯我超电磁炮永世长存！！
147.419,底部弹幕,中,橙,1525348755,0,e8167896,2907123031736320,你指尖跃动的电光 是我此生不变的信仰 唯我超电磁炮永世长存
390.839,普通弹幕,小,白,1525348736,0,1c82b2f1,2907123030687744,like
188.124,底部弹幕,中,白,1525348702,0,e8167896,2907123029114880,你指尖跃动的电光 是我此生不变的信仰 唯我超电磁炮永世长存！！
161.191,普通弹幕,中,白,1525348655,0,e8167896,2907123023872000,你指尖跃动的电光 是我此生不变的信仰 唯我超电磁炮永世长存
35.688,普通弹幕,中,白,1525348520,0,e8167896,2907123022823424,提前承包炮姐 谁也不许拦我
958.591,普通弹幕,中,白,1525347179,0,69f061eb,2907123019677696,战术打脸
1175.496,普通弹幕,中,白,1525346566,0,11e5450a,2907123017056320,阳光烈焰
680.543,普通弹幕,中,白,1525346035,0,9409660c,2907123012861952,标签百合
1116.688,底部弹幕,中,红,1525345888,0,4c3c7a0f,2907123009716224,蝎？？？
853.644,普通弹幕,中,白,1525344804,0,20904fb,2907123001851904,这么看炮姐好高啊
24.412,普通弹幕,中,白,1525344225,0,61e44a16,2907122998706176,蝉在叫
41.386,普通弹幕,中,白,1525343089,0,a50cc695,2907122995560448,惠比寿？
121.13,普通弹幕,中,白,1525343083,0,2411c1b6,2907122994511872,才发现，以前看过
641.387,普通弹幕,中,白,1525341947,0,cd73f6cf,2907122985598976,。。。。。
394.0,普通弹幕,中,白,1525341347,0,a2b4ccfb,2907122984026112,一血光子
269.0,普通弹幕,中,白,1525341222,0,a2b4ccfb,2907122982453312,前方贩卖机走好
270.0,普通弹幕,中,白,1525341178,0,a2b4ccfb,2907122980880384,火包       女且
30.0,普通弹幕,中,白,1525340997,0,a2b4ccfb,2907122979831808,或者不好暧昧
6.299,普通弹幕,中,白,1525340856,0,9b456867,2907122977210368,回顾×3
157.369,普通弹幕,中,蓝,1525340634,0,5ad1176d,2907122976161792,你指间跃动的电光，是我此生不变的信仰，唯我超电磁炮永世长存!
156.007,普通弹幕,中,蓝,1525340627,0,5ad1176d,2907122974588928,你指间跃动的电光，是我此生不变的信仰，唯我超电磁炮永世长存!
154.633,普通弹幕,中,红,1525340621,0,5ad1176d,2907122973016064,你指间跃动的电光，是我此生不变的信仰，唯我超电磁炮永世长存!
153.45,普通弹幕,中,黄,1525340614,0,5ad1176d,2907122971967488,你指间跃动的电光，是我此生不变的信仰，唯我超电磁炮永世长存!
152.008,普通弹幕,中,白,1525340606,0,5ad1176d,2907122970394624,你指间跃动的电光，是我此生不变的信仰，唯我超电磁炮永世长存!
940.419,普通弹幕,中,白,1525337392,0,a9d260b6,2907122967248896,秒打肿
501.815,普通弹幕,中,白,1525336543,0,e358c851,2907122965676032,请让我来
804.432,普通弹幕,中,红,1525335083,0,1b71cb79,2907122953093120,龙虎乱入。。。
105.436,底部弹幕,中,白,1525331576,0,ba814adb,2907122947325952,打工是不可能打工的
213.321,普通弹幕,中,白,1525329269,0,7f31f7eb,2907122938413056,你指尖跃动的电光，是我永生不变的信仰，唯我超电磁炮永世长存
200.362,普通弹幕,中,白,1525329213,0,7f31f7eb,2907122936840192,你指尖跃动的电光，是我永生不变的信仰，唯我超电磁炮永世长存
398.588,普通弹幕,中,白,1525328538,0,2a7e52cd,2907122932121600,凛……?
112.296,普通弹幕,中,白,1525328232,0,2a7e52cd,2907122931597312,黑子，下午打球么?
1241.108,普通弹幕,中,白,1525327373,0,e62007d5,2907122930548736,活着不好吗
776.442,普通弹幕,中,白,1525326910,0,e62007d5,2907122928975872,橘宗主。
824.326,普通弹幕,中,白,1525326861,0,b2e40460,2907122925830144,神代世利
16.974,普通弹幕,中,白,1525326250,0,27bf5f1d,2907122924781568,快跑快跑，现在还来得及
35.939,普通弹幕,中,黄,1525326247,0,c2b992f,2907122922160128,南春香
1341.095,普通弹幕,中,浅绿,1525325842,0,ff2083a0,2907122919014400,不不不  这不是日漫？日漫没有安全裤
1279.028,普通弹幕,中,浅绿,1525325780,0,ff2083a0,2907122917965824,49米
1097.085,普通弹幕,中,紫,1525325598,0,ff2083a0,2907122914295808,静静地看你们装b
18.822,普通弹幕,中,白,1525325496,0,50cfd588,2907122913247232,新人是也！
609.92,普通弹幕,中,白,1525325176,0,178ac783,2907122912198656,泪爷你可是LV6啊
24.706,普通弹幕,中,白,1525324369,0,a7f7ac0b,2907122910101504,2018 5 2啦
509.37,普通弹幕,中,白,1525324014,0,36ca6968,2907122909052928,字幕也滚
1318.019,普通弹幕,中,白,1525323107,0,11cf2be8,2907122906955776,。。。。
1246.884,普通弹幕,中,白,1525321818,0,cf88e459,2907122905382912,壮士走好
379.542,普通弹幕,中,白,1525319708,0,80ed5563,2907122900664320,夹击妹抖
1303.86,普通弹幕,中,白,1525318370,0,5f57b835,2907122896470016,还有末路观测
287.3,普通弹幕,中,白,1525308511,0,af3ac3,2907122892275712,草泥马的安全裤
1176.908,普通弹幕,中,白,1525307248,0,26cc25ce,2907122891227136,一拉一拉耶
959.792,普通弹幕,中,白,1525306965,0,26cc25ce,2907122889129984,香香的口味你吃过没
939.357,普通弹幕,中,红,1525306557,0,b6bf88b7,2907122888081408,啪啪啪
295.861,普通弹幕,中,白,1525306301,0,26cc25ce,2907122886508544,不能打架  不能打架 金坷垃好处都有啥？ 谁说对了就给他！
23.121,普通弹幕,中,红,1525305756,0,b5335fb5,2907122885459968,5月2日炮姐生日快乐，你指间跃动的电光，是我此生不变的信仰
551.233,普通弹幕,中,白,1525295311,0,b2a16570,2907122876022784,字幕组满汉全席！
244.123,普通弹幕,中,白,1525288107,0,eb8f1bfb,2907122874974208,没有信仰了
230.082,普通弹幕,中,白,1525288080,0,eb8f1bfb,2907122873925632,黒琴赛高
175.906,普通弹幕,中,白,1525287938,0,eb8f1bfb,2907122873401344,为什么能看到屏幕
1298.656,底部弹幕,中,红,1525282641,0,7cfa1f0e,2907122870255680,抱歉啊，你的前方可是一方通行啊！！！
1329.092,普通弹幕,中,白,1525282164,0,8b467b74,2907122869731328,全身橡胶的铁砂剑了解下？
1186.395,普通弹幕,中,红,1525281383,0,ad9c51fe,2907122866585600,神尘
1317.642,底部弹幕,中,黄,1525281280,0,ef93679e,2907122865537024,AC部警告
1259.945,底部弹幕,中,黄,1525281134,0,ef93679e,2907122864488448,这里有一个歧义，他说的应该是结标
23.516,普通弹幕,中,白,1525278162,0,3a7bd428,2907122858721280,我新来的，多多关照
634.146,普通弹幕,中,白,1525277588,0,2858450d,2907122857672704,幻想御手前身
1371.548,普通弹幕,中,白,1525276128,0,cf41cd14,2907122852429824,切丝入狱
384.975,普通弹幕,中,白,1525275982,0,bdfc8bbc,2907122847186944,大胸妹子
925.172,普通弹幕,中,白,1525275054,0,4f9765dd,2907122844565504,承包这个转身~
43.69,普通弹幕,中,白,1525274937,0,ccf47bc2,2907122843516928,炮姐赛高！
146.439,普通弹幕,中,白,1525274870,0,4c6cf266,2907122842468352,你指间跃动的电光，使我此生不变的信仰，唯我超电磁炮永世长存！
6.099,普通弹幕,中,白,1525274188,0,5e02f7d2,2907122838798336,2018 5 2
1314.799,普通弹幕,中,白,1525274008,0,c8b7fbac,2907122835128320,这根本不是胖次
587.964,普通弹幕,中,白,1525273701,0,7685b954,2907122829885440,泪爷
1123.042,普通弹幕,中,红,1525273316,0,7f5a89f3,2907122829361152,赤沙之蝎！！
696.822,普通弹幕,中,白,1525272267,0,41ca6f11,2907122816778240,233
327.411,普通弹幕,中,白,1525271937,0,cb1adc8b,2907122815205376,上条当麻呢
551.598,普通弹幕,中,白,1525271448,0,8bebc35a,2907122814156800,百合番不解释
511.273,普通弹幕,中,白,1525271230,0,a7318a1d,2907122813108224,欧耶
469.113,普通弹幕,中,白,1525271188,0,a7318a1d,2907122812059648,欧耶
279.185,普通弹幕,中,白,1525270990,0,a7318a1d,2907122809962496,马季洗裤袜
185.686,底部弹幕,中,青,1525270400,0,f9d4217,2907122806816768,你指尖跃动的电光，是我此生不灭的信仰，唯我超电磁炮永世长存你指尖跃动的电光，是我此生不灭的信仰，唯我超电磁炮永世长存
172.048,底部弹幕,中,青,1525270387,0,f9d4217,2907122805768192,你指尖跃动的电光，是我此生不灭的信仰，唯我超电磁炮永世长存
143.257,普通弹幕,中,白,1525270358,0,f9d4217,2907122803671040,你指尖跃动的电光，是我此生不灭的信仰，唯我超电磁炮永世长存
98.015,底部弹幕,中,白,1525270113,0,46f42f62,2907122803146752,夹击妹科233
30.66,普通弹幕,中,白,1525269732,0,33427ee7,2907122797903872,誕生日おめでとう ！ 指先が跃动する电光は、私の生まれ変わらない信仰です!
1245.95,普通弹幕,中,白,1525269681,0,ccb53ca5,2907122794758144,给车断个电不就好了吗？
212.715,普通弹幕,中,白,1525269526,0,80ecf10c,2907122793185280,不知道为什么，事隔多年，看到这个瞬间还是会起鸡皮疙瘩。
12.902,普通弹幕,中,白,1525269370,0,69bd520d,2907122791088128,5.2
168.335,普通弹幕,中,黄,1525269047,0,a70a3260,2907122789515264,あなたの指先で跃动する电光は、は私の不滅の信仰である！
208.906,普通弹幕,中,白,1525268779,0,64c99b94,2907122787418112,日式英语
153.252,普通弹幕,中,青,1525268408,0,2ad5aa1a,2907122786369536,你指间跃动的电光，是我此生唯一不变的信仰，唯有我超电磁炮永世长存
634.257,普通弹幕,中,白,1525267782,0,7ed1a7a1,2907122781126656,似李，京介
348.877,普通弹幕,中,白,1525267334,0,7ed1a7a1,2907122778505216,因为这是女校
1330.29,底部弹幕,中,白,1525266662,0,c2307737,2907122776408064,阿姨洗铁路
1317.578,底部弹幕,中,白,1525266644,0,c2307737,2907122775359488,杨永信
1192.81,底部弹幕,中,白,1525266512,0,c2307737,2907122774835200,暗器百解！
1029.568,普通弹幕,中,白,1525266353,0,c2307737,2907122773786624,可带劲啦
634.299,普通弹幕,中,白,1525265947,0,c2307737,2907122770640896,lover  ~fucker~
627.179,普通弹幕,中,白,1525265920,0,c2307737,2907122769592320,辣妹儿，法克儿～
749.754,普通弹幕,中,白,1525265847,0,80c15792,2907122769068032,前方高能
617.475,普通弹幕,中,白,1525265720,0,c83972a2,2907122768019456,帝国需要你
62.1,底部弹幕,中,红,1525265582,0,42089cc,2907122766970880,打脸
164.939,底部弹幕,中,棕,1525265074,0,a7f490a1,2907122765398016,你指尖跃动的电光，是我此生不变的信仰，唯我超电磁炮永世长存！！！
673.237,底部弹幕,中,红,1525262904,0,e3979ff4,2907122744950784,打脸
20.209,底部弹幕,中,白,1525262688,0,ba0ea434,2907122742853632,小混混你很会挑人
494.554,普通弹幕,中,白,1525262555,0,2b453c36,2907122740232192,前方核能
173.539,普通弹幕,中,红,1525261751,0,1bf1acab,2907122736037952,我炮还能再战500年！
1234.773,普通弹幕,中,白,1525260141,0,faeadc0,2907122732367872,劫匪快跑啊
1107.977,普通弹幕,中,白,1525260014,0,faeadc0,2907122729746432,啧啧啧，抢劫犯快跑啊
163.139,普通弹幕,中,白,1525259758,0,11e5450a,2907122723979264,超电磁炮永存
720.708,普通弹幕,中,白,1525259627,0,faeadc0,2907122718736384,一万块去贩卖机买饮料的某坂某琴
664.153,普通弹幕,中,白,1525259570,0,faeadc0,2907122716639232,记笔记记笔记
8.679,普通弹幕,中,粉,1525259493,0,6ea2378f,2907122716114944,再补一遍
526.304,普通弹幕,中,黄,1525259308,0,82266d9,2907122715066368,橘势不妙！
106.4,普通弹幕,中,白,1525258981,0,faeadc0,2907122697764864,hentai
199.72,普通弹幕,中,白,1525258971,0,82266d9,2907122696716288,橘里橘气你不是一个人～(￣▽￣～)~
9.615,普通弹幕,中,白,1525258885,0,faeadc0,2907122695143424,今天201852
19.0,普通弹幕,中,白,1525257689,0,f7bf882f,2907122690424960,第n遍
152.746,普通弹幕,中,粉,1525256503,0,c03c5740,2907122688851968,你指尖跃动的电光是我此生不灭的信仰，唯我超电磁炮永世长存
149.589,普通弹幕,中,粉,1525256442,0,c03c5740,2907122687803392,错了错了！口号错了
1260.48,普通弹幕,中,白,1525253282,0,3c4ed072,2907122671026176,强行解说
174.0,普通弹幕,中,红,1525252983,0,6b503bed,2907122664210432,5.2生日快乐 你指尖跃动的电光，是我此生不变的信仰，唯我超电磁炮永存
1256.48,普通弹幕,中,白,1525252974,0,fdf59446,2907122663161856,壮士走好
154.659,普通弹幕,中,红,1525252962,0,6b503bed,2907122662113280,5.2生日快乐 你指尖跃动的电光，是我此生不变的信仰，唯我超电磁炮永存
148.759,普通弹幕,中,红,1525252954,0,6b503bed,2907122658967552,5.2生日快乐 你指尖跃动的电光，是我此生不变的信仰，唯我超电磁炮永存
144.7,普通弹幕,中,红,1525252949,0,6b503bed,2907122657918976,5.2生日快乐 你指尖跃动的电光，是我此生不变的信仰，唯我超电磁炮永存
10.339,普通弹幕,中,红,1525252808,0,6b503bed,2907122655821824,再来一遍
1093.529,普通弹幕,中,橙,1525252585,0,207c4527,2907122653724672,看啥炸啥
966.3,普通弹幕,中,橙,1525252458,0,207c4527,2907122652676096,2333
947.301,普通弹幕,中,白,1525252439,0,207c4527,2907122652151808,光速打脸
717.93,普通弹幕,中,白,1525251501,0,b7727b4f,2907122646908928,炮姐好帅！
154.491,普通弹幕,中,红,1525251263,0,cc2959d3,2907122645860352,你指尖跃动的电光，是我此生不变的信仰，唯我超电磁炮永世长存！你指尖跃动的电光，是我此生不变的信仰，唯我超电磁炮永世长存！
148.603,普通弹幕,中,红,1525251230,0,cc2959d3,2907122644811776,你指尖跃动的电光，是我此生不变的信仰，唯我超电磁炮永世长存！
21.108,普通弹幕,中,白,1525250958,0,3c4ed072,2907122641141760,在哔哩哔哩看哔哩哔哩
1.927,底部弹幕,小,橙,1525248483,0,19596aea,2907122633801728,2018.5.2 炮姐生日快乐  你指尖跃动的电光，是我此生不变的信仰，唯我超电磁炮永世长存！
941.702,普通弹幕,中,白,1525247144,0,573369e5,2907122631704576,铁骨铮铮炮姐
1358.095,底部弹幕,中,红,1525246894,0,d0b72804,2907122630131776,切嗣？
1169.935,底部弹幕,中,红,1525246698,0,d0b72804,2907122628034560,原来炮姐这么忙的啊！难怪来正传打酱油！！
422.342,底部弹幕,中,红,1525245863,0,d0b72804,2907122625937408,外传的男主是打酱油的，就像正传一样炮姐是打酱油的！！
545.18,普通弹幕,中,白,1525242084,0,47fad48c,2907122614403136,LV6!!!
281.438,普通弹幕,中,白,1525241821,0,47fad48c,2907122612830208,2333333
122.904,普通弹幕,中,白,1525241244,0,8c1771de,2907122611781632,夹击妹抖
811.761,底部弹幕,中,黄,1525239334,0,5a97b95a,2907122607063040,逆风橘
4.79,普通弹幕,中,白,1525239234,0,4a71e03,2907122604441600,誕生日おめでとう ！ 指先が跃动する电光は、私の生まれ変わらない信仰です!
790.526,普通弹幕,中,黄,1525238586,0,6964b76,2907122603393024,大橘已定
1292.983,普通弹幕,中,白,1525238267,0,7069d9f6,2907122602344448,明示投币
95.552,普通弹幕,中,白,1525237985,0,5a97b95a,2907122600771584,黑子～
16.96,普通弹幕,中,白,1525237855,0,5a97b95a,2907122599723008,又是你们几个
946.855,普通弹幕,中,红,1525237833,0,2c47f7c6,2907122598674432,真香
931.4,普通弹幕,中,红,1525237817,0,2c47f7c6,2907122597625856,真香
929.195,普通弹幕,中,红,1525237812,0,2c47f7c6,2907122596577280,真香
151.297,普通弹幕,中,白,1525237341,0,21f86d88,2907122588713024,誕生日おめでとう ！ 指先が跃动する电光は、私の生まれ変わらない信仰です!
143.677,普通弹幕,中,白,1525237331,0,21f86d88,2907122587664384,誕生日おめでとう ！ 指先が跃动する电光は、私の生まれ変わらない信仰です!
637.291,普通弹幕,中,白,1525237167,0,2c47f7c6,2907122585567232,bgm：hop
8.341,底部弹幕,中,白,1525236700,0,21f86d88,2907122583470080,誕生日おめでとう ！ 指先が跃动する电光は、私の生まれ変わらない信仰です!
6.338,普通弹幕,中,白,1525236665,0,7069d9f6,2907122582421504,52庆生٩(๑^o^๑)۶
279.329,普通弹幕,中,白,1525236619,0,1e6c746d,2907122580324352,黑子好像跑美琴左边了
93.36,普通弹幕,中,白,1525234921,0,b21ab37b,2907122567741440,夹击妹抖！
1238.194,普通弹幕,中,白,1525234876,0,ca98be88,2907122566692864,尘归尘土归土
17.54,普通弹幕,中,白,1525234840,0,b21ab37b,2907122566168576,活着不好吗？
742.951,普通弹幕,中,白,1525234279,0,72f0b346,2907122565120000,为啥觉得女主的嘴贼可爱
1164.098,普通弹幕,中,白,1525232927,0,1f3775e7,2907122560925696,惊现家教
1365.064,普通弹幕,中,白,1525232701,0,b3821d3e,2907122559877120,不注意，滚
148.893,普通弹幕,中,白,1525232256,0,5482344f,2907122557779968,你指尖跃动的电光，是我此生不变的信仰，唯我超电磁炮永世长存
23.139,普通弹幕,中,白,1525232147,0,5482344f,2907122556207104,2018/5/2
383.746,普通弹幕,中,白,1525231563,0,b3821d3e,2907122555158528,怎么哪里都有这号人
155.725,普通弹幕,中,黄,1525230516,0,45f47e68,2907122551488512,你指间跃动的电光， 是我此生不变的信仰， 唯我超电磁炮永世长存！ 我心所属依旧超电磁炮， 超凡入圣吾炮任可再战！ 电闪雷鸣炮姐征战天下， 磁轨炮学院最强电击使！ 炮姐震古烁今吾炮赛高， 永无止境炮党头
144.364,普通弹幕,中,黄,1525230502,0,45f47e68,2907122550439936,你指间跃动的电光， 是我此生不变的信仰， 唯我超电磁炮永世长存！ 我心所属依旧超电磁炮， 超凡入圣吾炮任可再战！ 电闪雷鸣炮姐征战天下， 磁轨炮学院最强电击使！ 炮姐震古烁今吾炮赛高， 永无止境炮党头
1449.425,普通弹幕,中,白,1525229647,0,7d877b6,2907122545721344,男主是泪爷啊
318.145,普通弹幕,中,白,1525228648,0,a570871c,2907122544672768,可以连续传送的，范围啥的不是问题
1359.675,普通弹幕,中,白,1525228548,0,a570871c,2907122543624192,这时候不应该跪下哭着说:教练。。。。
584.381,普通弹幕,中,白,1525228480,0,d2aa1dc8,2907122542575616,百合无限好，可惜生不了，就算生不了，百合还是好
1249.84,普通弹幕,中,白,1525227526,0,39105092,2907122541002752,真.汉子
1035.465,普通弹幕,中,白,1525227295,0,39105092,2907122539954176,真正的可丽饼～～可得劲了
939.742,普通弹幕,中,白,1525227203,0,39105092,2907122537857024,真香
641.436,普通弹幕,中,白,1525226357,0,39105092,2907122535235584,放hop
508.475,普通弹幕,中,白,1525226109,0,39105092,2907122533138432,摄影师今晚吃摄像机！！
482.086,普通弹幕,中,白,1525226074,0,39105092,2907122532089856,摄影师今晚吃梁非凡
1409.333,普通弹幕,中,白,1525223878,0,c2cbb5a8,2907122530516992,漏电了！
9.1,普通弹幕,中,白,1525222959,0,fa134013,2907122529468416,不知第几遍
205.344,普通弹幕,中,白,1525221907,0,251baaab,2907122528419840,信仰被清除了
6.298,普通弹幕,中,白,1525220993,0,df224045,2907122525798400,你指尖跃动的电光，是我此生不变的信仰，唯我超电磁炮永存。
1.88,普通弹幕,中,白,1525219873,0,637d5f3e,2907122522128384,2018年5月2
178.499,普通弹幕,中,白,1525216663,0,e17477cc,2907122506924032,你指尖跃动的电弧，是我此生不变的信仰，唯我超电磁炮永世长存
155.219,普通弹幕,中,白,1525216636,0,e17477cc,2907122505875520,你指尖跃动的电弧，是我此生不变的信仰，唯我超电磁炮永世长存
151.259,普通弹幕,中,白,1525216629,0,e17477cc,2907122504826880,你指尖跃动的电弧，是我此生不变的信仰，唯我超电磁炮永世长存
227.764,普通弹幕,中,白,1525201455,0,fc2e4fbd,2907121903992832,你指尖跃动的电光，是我此生不灭的信仰，唯我超电磁炮永世长存
221.825,普通弹幕,中,白,1525201449,0,fc2e4fbd,2907121902944256,你指尖跃动的电光，是我此生不灭的信仰，唯我超电磁炮永世长存
218.196,普通弹幕,中,白,1525201446,0,fc2e4fbd,2907121901895680,你指尖跃动的电光，是我此生不灭的信仰，唯我超电磁炮永世长存
209.566,普通弹幕,中,白,1525201437,0,fc2e4fbd,2907121900847104,你指尖跃动的电光，是我此生不灭的信仰，唯我超电磁炮永世长存
161.299,底部弹幕,中,红,1525201382,0,fc2e4fbd,2907121899798528,你指尖跃动的电光，是我此生不灭的信仰，唯我超电磁炮永世长存
159.46,底部弹幕,中,红,1525201377,0,fc2e4fbd,2907121898750016,你指尖跃动的电光，是我此生不灭的信仰，唯我超电磁炮永世长存
157.619,底部弹幕,中,红,1525201373,0,fc2e4fbd,2907121898225664,你指尖跃动的电光，是我此生不灭的信仰，唯我超电磁炮永世长存
154.879,底部弹幕,中,红,1525201366,0,fc2e4fbd,2907121897177088,你指尖跃动的电光，是我此生不灭的信仰，唯我超电磁炮永世长存
153.039,底部弹幕,中,红,1525201361,0,fc2e4fbd,2907121896128512,你指尖跃动的电光，是我此生不灭的信仰，唯我超电磁炮永世长存
151.4,底部弹幕,中,红,1525201357,0,fc2e4fbd,2907121895079936,你指尖跃动的电光，是我此生不灭的信仰，唯我超电磁炮永世长存
149.959,底部弹幕,中,红,1525201349,0,fc2e4fbd,2907121894031360,你指尖跃动的电光，是我此生不灭的信仰，唯我超电磁炮永世长存
147.82,底部弹幕,中,红,1525201345,0,fc2e4fbd,2907121892982784,你指尖跃动的电光，是我此生不灭的信仰，唯我超电磁炮永世长存
7.85,普通弹幕,中,白,1525197852,0,548c25b2,2907121887215616,あなたの指先で跃动する电光は、は私の不滅の信仰である！
14.001,普通弹幕,中,白,1525196611,0,b728b781,2907121885642752,你指尖跳动的电光，是我永恒不变的信仰。唯我超电磁炮永世长存
38.859,普通弹幕,中,白,1525196121,0,91f8de93,2907121882497024,5月2日只为你而存在，你指尖跃动的电光，是我此生不灭的信仰，姐姐大人生日快乐！！！
35.58,普通弹幕,中,白,1525196091,0,91f8de93,2907121881972736,5月2日只为你而存在，你指尖跃动的电光，是我此生不灭的信仰，姐姐大人生日快乐！！！
32.299,普通弹幕,中,白,1525196054,0,91f8de93,2907121880924160,5月2日只为你而存在，你指尖跃动的电光，是我此生不灭的信仰，姐姐大人生日快乐！！！
12.939,普通弹幕,中,白,1525195999,0,91f8de93,2907121879875584,5月2日只为你而存在，你指尖跃动的电光，是我此生不灭的信仰，姐姐大人生日快乐
7.979,普通弹幕,中,白,1525195957,0,91f8de93,2907121878827008,5月2日只为你而存在，你指尖跃动的电光，是我此生不灭的信仰，姐姐大人生日快乐
1316.602,底部弹幕,中,白,1525195897,0,418089f5,2907121876205568,要不是这一脚你还能当个体面人
908.279,普通弹幕,中,白,1525194870,0,c82faf79,2907121873059840,真男主上线
1247.21,底部弹幕,中,白,1525193537,0,e32c05dc,2907121861525504,感动的我热泪盈眶。。真的，为什么
1040.971,普通弹幕,中,白,1525193452,0,addfadf4,2907121859428352,泪爷美如画
24.678,普通弹幕,中,白,1525193328,0,c5228fa5,2907121857331200, 小混混快跑
46.8,普通弹幕,中,白,1525192976,0,7f98519c,2907121854709760,炮姐生日快乐！你指尖跃动的电光，是我此生不变的信仰，唯我超电磁炮永世长存.
41.18,普通弹幕,中,白,1525192970,0,7f98519c,2907121853661184,炮姐生日快乐！你指尖跃动的电光，是我此生不变的信仰，唯我超电磁炮永世长存
153.788,普通弹幕,中,白,1525192932,0,ea9e5581,2907121851564032,你指尖跃动的电光，是我此生不变的信仰，唯我超电磁炮永世长存
5.141,底部弹幕,中,白,1525192695,0,66c46081,2907121850515456,誕生日おめでとう ！ 指先が跃动する电光は、私の生まれ変わらない信仰です!
338.718,普通弹幕,中,白,1525192643,0,250e42b9,2907121849991168,名bgm上线
679.849,普通弹幕,中,白,1525192572,0,e32c05dc,2907121848942592,咱们主角这方人可好了（按套路）
862.443,普通弹幕,小,白,1525192002,0,96835a90,2907121844748288,好听吗？好听就是好锅
51.454,普通弹幕,中,白,1525191546,0,eca54fcd,2907121841078272,av22786437大家快来给炮姐庆生吧！！誕生日おめでとう ！ 指先が跃动する电光は、私の生まれ変わらない信仰です!
276.244,普通弹幕,中,白,1525191259,0,72e07faf,2907121839505408,贩卖机快跑
148.671,普通弹幕,中,白,1525191076,0,cc2959d3,2907121836359680,你指尖跃动的电光，是我此生不变的信仰，唯我超电磁炮永世长存！
143.657,普通弹幕,中,白,1525191034,0,cc2959d3,2907121834786816,你指尖跃动的电光，是我此生不变的信仰，唯我超电磁炮永世长存！
1171.278,普通弹幕,中,红,1525191024,0,1032fb59,2907121833738240,灭妖神火？
1494.971,底部弹幕,中,红,1525190818,0,78f6378,2907121828495360,高科技翻盖呱太手机
1481.674,底部弹幕,中,红,1525190782,0,78f6378,2907121825873920,炮姐大总攻
949.641,普通弹幕,中,红,1525190750,0,1032fb59,2907121824825344,真香！
8.379,普通弹幕,中,白,1525190710,0,63bcbf7c,2907121822728192,你指尖悦动的电光，是我此生不变的信仰，唯我超电磁炮永世长存
1386.461,底部弹幕,中,红,1525190677,0,78f6378,2907121821679616,orz
858.16,普通弹幕,中,白,1525190647,0,1032fb59,2907121820631040,左边俩腿画崩了？
1359.901,底部弹幕,中,红,1525190642,0,78f6378,2907121819582464,注意这里
1279.222,底部弹幕,中,红,1525190555,0,78f6378,2907121816961024,强行解释
1099.861,底部弹幕,中,红,1525190331,0,78f6378,2907121812242432,男主干的23333
1093.221,底部弹幕,中,红,1525190316,0,78f6378,2907121811193856,夹击妹抖
1054.967,底部弹幕,中,绿,1525190272,0,78f6378,2907121810669568,自动变色
850.788,普通弹幕,中,白,1525190227,0,a7a1cfbd,2907121808572416,贝蒂？
907.8,普通弹幕,中,白,1525190157,0,22e1fa8a,2907121807523840,又是可丽饼
948.699,底部弹幕,中,红,1525190110,0,78f6378,2907121806475264,王境泽？是你吗？
143.32,普通弹幕,中,蓝,1525190086,0,65878373,2907121803329536,南酱南酱南酱赛高
933.78,底部弹幕,中,绿,1525190079,0,78f6378,2907121800183808,呱？
929.42,底部弹幕,中,绿,1525190070,0,78f6378,2907121799135232,呱？
742.18,底部弹幕,中,黄,1525189858,0,78f6378,2907121794940928,前方橘色预警
605.214,普通弹幕,中,白,1525189822,0,a158f25e,2907121794416640,腿玩年
641.731,底部弹幕,中,红,1525189733,0,78f6378,2907121793368064,妖王
632.211,底部弹幕,中,红,1525189717,0,78f6378,2907121792319552,2333
625.452,底部弹幕,中,红,1525189707,0,78f6378,2907121791270912,哈哈哈哈罪恶的音乐
565.651,底部弹幕,中,红,1525189635,0,78f6378,2907121790222336,初春美如画
504.222,普通弹幕,中,白,1525189571,0,22e1fa8a,2907121788125184,……
256.364,底部弹幕,中,红,1525189303,0,78f6378,2907121783930880,夹击妹抖
203.083,底部弹幕,中,红,1525189225,0,78f6378,2907121783406592,你指间跃动的电光，是我此生不变的信仰，唯我超电磁炮永世长存
173.164,底部弹幕,中,红,1525189192,0,78f6378,2907121782358016,你指间跃动的电光，是我此生不变的信仰，唯我超电磁炮永世长存
157.244,底部弹幕,中,红,1525189167,0,78f6378,2907121781309440,你指间跃动的电光，是我此生不变的信仰，唯我超电磁炮永世长存
155.763,底部弹幕,中,红,1525189161,0,78f6378,2907121780260864,你指间跃动的电光，是我此生不变的信仰，唯我超电磁炮永世长存
132.323,底部弹幕,中,红,1525189132,0,78f6378,2907121777639424,哦！咕噜咕噜
66.379,底部弹幕,中,红,1525189041,0,78f6378,2907121776590848,炮姐教你做人
63.579,底部弹幕,中,红,1525189026,0,78f6378,2907121775542272,打脸高能
43.859,底部弹幕,中,红,1525188997,0,78f6378,2907121775017984,前方高能
159.698,普通弹幕,中,白,1525188909,0,55dbca34,2907121773969408,...
391.382,普通弹幕,中,白,1525188792,0,34b7e605,2907121772920832,一血光子也是v4的    能力也很强啊
335.68,普通弹幕,中,白,1525188715,0,34b7e605,2907121771872256,上茵赛高    黑琴赛高
176.355,底部弹幕,中,红,1525188414,0,f22c491c,2907121769775104,誕生日おめでとう ！ 指先が跃动する电光は、私の生まれ変わらない信仰です!
159.275,普通弹幕,中,白,1525188377,0,f22c491c,2907121768726528,誕生日おめでとう ！ 指先が跃动する电光は、私の生まれ変わらない信仰です!
146.755,普通弹幕,中,白,1525188360,0,f22c491c,2907121767677952,誕生日おめでとう ！ 指先が跃动する电光は、私の生まれ変わらない信仰です!
434.488,普通弹幕,中,白,1525188105,0,36df0171,2907121767153664,女帝吗？
175.53,底部弹幕,中,紫,1525187622,0,e223322b,2907121764007936,你指尖跃动的电光，是我此生不变的信仰。（炮姐生日快乐）
1112.24,普通弹幕,中,红,1525185766,0,a7f9c9b2,2907121753522176,黑子
936.098,普通弹幕,中,粉,1525185549,0,a7f9c9b2,2907121752473600,脸疼痛痛痛痛痛痛痛痛痛痛痛痛痛痛痛
1037.92,普通弹幕,中,白,1525184582,0,8d8c9aaa,2907121749852160,哈哈哈
710.602,普通弹幕,中,白,1525184438,0,27b82e2f,2907121748803584,男主就一客串的，这是百合番
708.791,普通弹幕,中,白,1525184230,0,26db8293,2907121747755008,一方出现吗？
11.106,普通弹幕,中,白,1525183702,0,27b82e2f,2907121745133568,炮姐黑子一生推
181.211,普通弹幕,中,白,1525183427,0,d37acec,2907121743036416,百合番……懂吧
192.424,普通弹幕,中,红,1525183427,0,1931f343,2907121744084992,当妈
631.764,普通弹幕,中,白,1525183204,0,8a71312,2907121741987840,Iphone4s
65.904,底部弹幕,中,红,1525183143,0,1931f343,2907121740939264,落雷！！
17.593,底部弹幕,中,红,1525183075,0,1931f343,2907121739890688,混混们快跑，你惹到上条势力了
346.601,底部弹幕,中,绿,1525182989,0,f22dad27,2907121738317824,麻呱党在此！！！
1346.812,普通弹幕,中,灰绿,1525182975,0,5a32d805,2907121737269248,我记得有个女生叫百合子
1346.812,普通弹幕,中,黑,1525182967,0,5a32d805,2907121736220672,我记得有个女生叫百合子
1346.812,普通弹幕,中,白,1525182961,0,5a32d805,2907121735172096,我记得有个女生叫百合子
21.981,底部弹幕,中,白,1525181609,0,1dbfbfa4,2907121732026368,你指尖跃动的电光 是我此生不灭的信仰，唯我超电磁炮永世长存
8.961,普通弹幕,中,白,1525181596,0,1dbfbfa4,2907121731502080,你指尖跃动的电光 是我此生不灭的信仰，唯我超电磁炮永世长存
314.858,普通弹幕,中,粉,1525181510,0,72f0b346,2907121730453504,全程看炮姐的，，嘴
156.099,普通弹幕,中,白,1525181476,0,8cc97804,2907121728880640,前来补翻！！！！！
949.01,普通弹幕,中,白,1525181440,0,79eaf458,2907121726783488,2009年的老番画的不错了
957.278,底部弹幕,中,蓝,1525180951,0,6e77b402,2907121724162048,真香
955.738,底部弹幕,中,绿,1525180944,0,6e77b402,2907121723113472,真香
953.878,底部弹幕,中,紫,1525180938,0,6e77b402,2907121722064960,真香
951.778,底部弹幕,中,黄,1525180931,0,6e77b402,2907121721016320,真香
949.998,底部弹幕,中,蓝,1525180922,0,6e77b402,2907121719967744,真香
947.898,底部弹幕,中,黄,1525180912,0,6e77b402,2907121719443456,真香！
783.238,底部弹幕,中,黄,1525180736,0,6e77b402,2907121717346304,橘势不妙
739.218,底部弹幕,中,黄,1525180661,0,6e77b402,2907121716822016,橘里橘气
730.318,底部弹幕,中,黄,1525180639,0,6e77b402,2907121715773440,大桔已定
602.673,底部弹幕,中,黄,1525180412,0,6e77b402,2907121712627712,空气变得蕉燥不安了
596.153,底部弹幕,中,黄,1525180343,0,6e77b402,2907121712103424,那个代表着自由的男人会来吗？
6.9,普通弹幕,中,白,1525180273,0,ce89499f,2907121711054848,新人补分
277.094,底部弹幕,小,蓝,1525180001,0,6e77b402,2907121708957696,快跑！
418.514,普通弹幕,中,白,1525179710,0,bc2500d1,2907121707384832,硬币掉了
169.158,普通弹幕,中,白,1525179496,0,bc2500d1,2907121706336256,你指尖跃动的电光，是我此生不变的信仰，唯我超电磁炮永世长存
1393.242,普通弹幕,中,白,1525179336,0,22b39d69,2907121705287680,哥哥和姐姐发音比较相似
1277.281,普通弹幕,中,白,1525179190,0,22b39d69,2907121704763392,吃老子一个钢镚
1076.504,普通弹幕,中,白,1525179121,0,832f9d3d,2907121703714816,前方高能   壮士走好
47.547,普通弹幕,中,白,1525178178,0,5c5dc621,2907121700569088,5月2日要到了
1309.901,普通弹幕,中,白,1525177831,0,61fdb1b7,2907121699520512,切，安全裤~
1296.228,普通弹幕,中,白,1525176882,0,e3572da2,2907121696899072,信仰啊
1277.114,普通弹幕,中,白,1525176859,0,e3572da2,2907121695850496,走好
1245.84,普通弹幕,中,白,1525176824,0,e3572da2,2907121694801920,正面上我啊
802.448,普通弹幕,中,白,1525176668,0,2ba47d4c,2907121693753344,龙?
1021.839,普通弹幕,中,白,1525176576,0,e3572da2,2907121693229056,欧尼撒嘛
933.03,普通弹幕,中,白,1525176461,0,e3572da2,2907121691131904,打脸吧
617.177,普通弹幕,中,白,1525176126,0,e3572da2,2907121688510464,泪爷很6啊
543.611,普通弹幕,中,白,1525175994,0,e3572da2,2907121686413312,你这是什么动作
19.968,普通弹幕,中,白,1525175987,0,c7c142be,2907121685364800,F4！
124.862,普通弹幕,中,白,1525175539,0,e3572da2,2907121684316160,为什么又在做这个动作呢
102.44,普通弹幕,中,白,1525175502,0,e3572da2,2907121683267584,变态出场
2.499,普通弹幕,中,白,1525175274,0,90a12f8a,2907121682219008,补一下
383.861,普通弹幕,中,白,1525174843,0,fe28b3a3,2907121681170432,何等风骚
561.719,普通弹幕,中,白,1525174791,0,635d8c63,2907121680646144,是我就打一拳佐天了
1250.311,普通弹幕,中,白,1525174762,0,d2e6306f,2907121679597568,壮士走好
831.563,普通弹幕,中,白,1525174296,0,d2e6306f,2907121678548992,泪爷
624.815,普通弹幕,中,白,1525174258,0,8ce5ce7d,2907121677500416,土御门是再生
643.938,底部弹幕,中,红,1525173894,0,5853fc39,2907121676976128,hop的今晚送到妖王澡盆去
554.998,底部弹幕,中,红,1525173762,0,5853fc39,2907121675927552,居然有男的，这不是女校吗
334.464,底部弹幕,中,红,1525173552,0,5853fc39,2907121673830400,问男主的，这是女校！
1175.377,普通弹幕,中,白,1525173354,0,cacded73,2907121672781824,狐妖的别闹
140.539,底部弹幕,中,黄,1525172535,0,9aa47e74,2907121670684672,站歌起
5.699,底部弹幕,中,黄,1525172392,0,9aa47e74,2907121670160384,五月一号
27.0,底部弹幕,中,黄,1525172341,0,9aa47e74,2907121669111808,五月一号
1245.511,普通弹幕,中,白,1525170600,0,91bc1b9,2907121664917504,壮士走好
571.8,普通弹幕,中,白,1525169665,0,7ffafb23,2907121664393216,请务必让我来
105.646,普通弹幕,中,白,1525169383,0,91bc1b9,2907121663344640,黑子
1174.249,普通弹幕,中,白,1525169043,0,20bda830,2907121659674624,纯制阳炎
26.592,普通弹幕,中,白,1525168571,0,a4e02c14,2907121656528896,壮士好走...
572.202,普通弹幕,中,蓝,1525168551,0,4ee76947,2907121656004608,新人表示害怕。。
500.017,普通弹幕,中,黄,1525168417,0,ca98be88,2907121654956032,请务必让我来
477.875,普通弹幕,中,黄,1525168325,0,ca98be88,2907121653907456,发生了什么，绅士们
17.94,普通弹幕,中,白,1525167816,0,ca98be88,2907121652858880,炮姐冷静
10.359,普通弹幕,中,白,1525167781,0,ca98be88,2907121652334592,新人
1042.456,普通弹幕,中,白,1525167507,0,70a2cd24,2907121651286016,你吃过煤
755.987,普通弹幕,中,白,1525167204,0,70a2cd24,2907121649188864,万恶之源
847.506,普通弹幕,中,白,1525167116,0,bef154f7,2907121647091712,米萨卡米阔多
323.157,普通弹幕,中,白,1525166544,0,750adf98,2907121644470272,还有安全裤
8.2,普通弹幕,中,白,1525166441,0,595d65ee,2907121643945984,再看一遍
477.681,普通弹幕,中,白,1525166222,0,dabd3d79,2907121642897408,就是贝蒂
956.199,普通弹幕,中,红,1525166187,0,5d93a9ab,2907121641848832,无形打脸，最为致命。
779.094,普通弹幕,中,黄,1525165980,0,5d93a9ab,2907121640800256,橘里橘气
1249.93,普通弹幕,中,白,1525165856,0,e848b70b,2907121637130240,你完了，先上香
324.676,普通弹幕,中,白,1525165855,0,616b101f,2907121636605952,基佬夫
283.146,普通弹幕,中,白,1525165266,0,fbaeb7b3,2907121634508800,自动贩卖机:我做错了什么你要这样对我(╥╯﹏╰╥)ง
84.452,普通弹幕,中,白,1525165262,0,5d93a9ab,2907121633460224,光速打脸
228.406,普通弹幕,中,白,1525165159,0,fbaeb7b3,2907121631887360,你指尖跃动的电光是我此生不灭的信仰，唯我超电磁炮与世长存！
170.443,普通弹幕,中,白,1525165093,0,fbaeb7b3,2907121630838784,你指尖跃动的电光是我此生不灭的信仰，唯我超电磁炮与世长存！
154.625,普通弹幕,中,白,1525165068,0,fbaeb7b3,2907121629265920,你指尖跃动的电光是我此生不灭的信仰，唯我超电磁炮与世长存！
144.147,普通弹幕,中,白,1525165054,0,fbaeb7b3,2907121628217344,你指尖跃动的电光是我此生不灭的信仰，唯我超电磁炮与世长存！
26.643,普通弹幕,中,白,1525164865,0,fbaeb7b3,2907121624547328,活着不好嘛？
26.643,普通弹幕,中,白,1525164852,0,fbaeb7b3,2907121623498816,活着又不好
217.955,普通弹幕,中,白,1525164787,0,4d00fe72,2907121622974464,你指尖跃动的电光，是我此生不变的信仰，唯我超电磁炮永世长存
196.06,普通弹幕,中,白,1525164722,0,4d00fe72,2907121620877312,你指尖跃动的电光，是我此生不变的信仰，唯我超电磁炮永世长存
1426.829,普通弹幕,中,白,1525164597,0,60e8ac8a,2907121619828736,亲亲
1245.642,普通弹幕,中,白,1525164343,0,60e8ac8a,2907121619304448,show time!!!!!!!!!!!!!!
1089.119,普通弹幕,中,白,1525164132,0,60e8ac8a,2907121618255872,黑子好帅呀
770.931,普通弹幕,中,白,1525163800,0,60e8ac8a,2907121616158720,缜密的计划
502.394,普通弹幕,中,白,1525163499,0,60e8ac8a,2907121615634432,大橘已定
1211.2,普通弹幕,中,白,1525163004,0,5970737f,2907121614585856,你们这是在找小狗小猫嘛。。。
793.551,普通弹幕,中,白,1525162834,0,8d5416fc,2907121613537280,橘里橘气
588.726,普通弹幕,中,白,1525162303,0,5970737f,2907121612488768,都市不可思议事件全是真的系列
238.933,普通弹幕,中,白,1525162186,0,abe63d09,2907121611440128,这番有男生吗
391.666,普通弹幕,中,白,1525162089,0,5970737f,2907121610915840,吾只要食蜂操祈蜜蚁爱愉御坂美琴还有茵蒂克丝就行了。其他你们分
8.32,普通弹幕,中,白,1525162025,0,abe63d09,2907121609867264,好看吗？
165.324,普通弹幕,中,白,1525161965,0,dac84fac,2907121607770112,君指先跃动の光は、私の一生不変の信仰に、唯私の超電磁砲永世生き
155.586,普通弹幕,中,白,1525161955,0,dac84fac,2907121607245824,君指先跃动の光は、私の一生不変の信仰に、唯私の超電磁砲永世生き
197.1,普通弹幕,中,白,1525161040,0,5970737f,2907121603575808,当妈啊
1317.378,普通弹幕,中,白,1525160694,0,a32d76e6,2907121600430080,损坏公物罪，逮捕！
1249.897,普通弹幕,中,白,1525160616,0,a32d76e6,2907121598857216,RIP      RIL
1024.495,普通弹幕,中,白,1525160370,0,a32d76e6,2907121597808640,纳豆好吃
677.0,普通弹幕,中,白,1525160362,0,28d56542,2907121596760064,那么大了看见呱呱太还走不动道，正常吗
946.052,普通弹幕,中,白,1525160215,0,a32d76e6,2907121595711488,吾命休矣
699.108,普通弹幕,中,白,1525159956,0,a32d76e6,2907121588371456,西葛西造舰
240.891,普通弹幕,中,白,1525159901,0,f55043ba,2907121587322880,我终于看到屏幕了
637.148,普通弹幕,中,白,1525159881,0,a32d76e6,2907121586274304,真TM丑
1431.198,普通弹幕,中,白,1525159600,0,d417415a,2907121583652864,这番有男主么
1117.939,普通弹幕,中,白,1525159141,0,d417415a,2907121582604288,蝎？
234.347,普通弹幕,中,白,1525158778,0,26e13bb4,2907121580507136,我来当男主
220.627,普通弹幕,中,白,1525158751,0,26e13bb4,2907121579458560,有没有男主
710.229,普通弹幕,中,白,1525158716,0,d417415a,2907121578934272,百合番吗？
1314.658,普通弹幕,中,白,1525158521,0,5eb42732,2907121577885696,炮姐赛高
508.971,普通弹幕,中,白,1525157523,0,5eb42732,2907121575788544,摄影师满汉全席
258.842,普通弹幕,中,白,1525157266,0,5eb42732,2907121573691392,炮姐赛高
1105.331,普通弹幕,中,白,1525157188,0,428b2161,2907121572642816,切格瓦拉
1198.615,普通弹幕,中,白,1525156521,0,b41fe593,2907121569497088,莫非这是老中医的针
791.564,普通弹幕,中,白,1525156317,0,de795f0b,2907121568972800,表情包
1102.191,底部弹幕,中,红,1525156127,0,f638b381,2907121567924224,太平洋标准银行
279.646,普通弹幕,中,白,1525156050,0,dfab50,2907121565827072,敲萌的黑子
945.701,底部弹幕,中,红,1525155962,0,f638b381,2907121565302784,真香
549.921,普通弹幕,中,白,1525155734,0,cb27fd1,2907121564254208,摄影师今天晚饭加十个鸡腿....
387.461,普通弹幕,中,白,1525155695,0,ee45237a,2907121563205632,夹击妹抖*5
423.951,普通弹幕,中,白,1525155600,0,f1646009,2907121562157056,从零开始中的贝蒂丝
1145.656,普通弹幕,中,白,1525155557,0,164734eb,2907121561108480,蝎傀儡来厉
70.656,普通弹幕,中,白,1525155415,0,b41fe593,2907121557438464,我来补课了
98.054,普通弹幕,中,白,1525155392,0,ee45237a,2907121556389888,夹击妹抖*2
208.81,普通弹幕,中,白,1525155382,0,cb27fd1,2907121555341312,显卡的香气
66.326,普通弹幕,中,白,1525155239,0,cb27fd1,2907121554292736,握草小混混快跑
205.021,普通弹幕,中,白,1525151589,0,8b393584,2907121546428416,不够啊
532.962,普通弹幕,中,白,1525151005,0,42ab085f,2907121545379840,哈哈，|v6绝对能力者一一泪爷上线
2.901,普通弹幕,中,白,1525150933,0,5d6341a5,2907121544331264,再来一遍
1398.586,普通弹幕,中,黄,1525150775,0,571d0bcc,2907121542234112,橘里橘气
1359.466,普通弹幕,中,白,1525150726,0,571d0bcc,2907121541185536,伏笔
1276.906,普通弹幕,中,白,1525150580,0,571d0bcc,2907121540661248,暗示投币
1269.707,普通弹幕,中,白,1525150569,0,571d0bcc,2907121539612672,给你个硬币
1245.059,普通弹幕,中,白,1525150535,0,571d0bcc,2907121538564096,壮士走好
1240.907,普通弹幕,中,白,1525150523,0,571d0bcc,2907121537515520,前方高能帅气
11.622,普通弹幕,中,白,1525150383,0,f3df8f8c,2907121533845504,补翻
1121.716,普通弹幕,中,白,1525150379,0,571d0bcc,2907121532796928,似乎他们笑了。。笑了耶
1110.706,普通弹幕,中,白,1525150354,0,571d0bcc,2907121531748352,标准开头
1056.128,普通弹幕,中,白,1525150289,0,571d0bcc,2907121529651200,百合大法好
939.129,普通弹幕,中,白,1525150144,0,571d0bcc,2907121527029760,真.电磁炮打脸
29.897,普通弹幕,中,白,1525149994,0,4da46b4d,2907121525456896,2300000*80%=1840000
239.598,普通弹幕,中,白,1525149885,0,e12a792d,2907121524408320,发现新世界
783.541,普通弹幕,中,白,1525149284,0,18beb58d,2907121523359744,像一坨稀饭
81.381,普通弹幕,中,白,1525148782,0,18beb58d,2907121520214016,打脸
469.246,普通弹幕,中,白,1525148536,0,dba40b77,2907121519689728,前方高能
132.21,普通弹幕,中,白,1525146796,0,8c1eebdb,2907121516544000,所以这里就是夹击妹抖的出处吗
1252.552,普通弹幕,中,蓝,1525146225,0,d0c7ebb5,2907121513922560,壮士走好，不送~
691.353,普通弹幕,中,白,1525146199,0,fa1e9813,2907121512873984,？？？
158.719,底部弹幕,中,黄,1525145786,0,b5188429,2907121510776832,君指先跃动の光は、私の一生不変の信仰に、唯私の超電磁砲永世生き
522.084,普通弹幕,中,蓝,1525145462,0,d0c7ebb5,2907121509203968,无路赛~
1228.379,普通弹幕,中,白,1525145324,0,8de0b2c7,2907121508155392,壮士走好
63.529,普通弹幕,中,蓝,1525144972,0,d0c7ebb5,2907121507106816,一车的马猴烧酒
1042.481,普通弹幕,中,白,1525144327,0,f4ef7901,2907121503961088,吃过没，尝过没
1355.712,普通弹幕,中,红,1525143691,0,98707cf3,2907121502912512,学海无涯
1059.173,普通弹幕,中,黄,1525143380,0,98707cf3,2907121501863936,橘里橘气
44.2,普通弹幕,中,白,1525143326,0,af89e99f,2907121500815360,你指间跃动的电光 是我此生不变的
32.382,普通弹幕,中,白,1525143314,0,af89e99f,2907121500291072,你指间跃动的电光 是我此生不变的信
6.953,普通弹幕,中,白,1525143289,0,af89e99f,2907121499242496,你指间跃动的电光 是我此生不变的信仰
22.354,普通弹幕,中,白,1525142303,0,242cb4af,2907121498193920,新人+1
185.024,普通弹幕,中,白,1525142284,0,4d3ba67e,2907121497669632,疯了
168.789,普通弹幕,中,白,1525142259,0,4d3ba67e,2907121496621056,疯了
165.005,普通弹幕,中,黄,1525141704,0,6c058996,2907121493475328,前面承包南球的休想
9.988,普通弹幕,中,红,1525141504,0,fcd87315,2907121491902464,再看一遍
1176.594,普通弹幕,中,白,1525140330,0,8d982025,2907121489805312,火球术
784.097,普通弹幕,中,黄,1525140258,0,a29b343a,2907121488756736,橘里橘气
1194.187,普通弹幕,中,粉,1525140051,0,606959ea,2907121487708160,人体描边大师
1290.977,普通弹幕,中,红,1525139913,0,a734218e,2907121486659584,开炮！！！
775.037,普通弹幕,中,白,1525139897,0,8d982025,2907121485611008,恐怖如斯
1247.246,普通弹幕,中,红,1525139852,0,a734218e,2907121485086720,一鞠躬，二鞠躬，三鞠躬，家属谢礼
1241.209,普通弹幕,中,红,1525139805,0,a734218e,2907121482989568,风萧萧兮易水寒，壮士一去不复返
1392.802,普通弹幕,中,白,1525139727,0,73393019,2907121481940992,捕捉后宫
1132.772,普通弹幕,中,红,1525139686,0,a734218e,2907121480892416,壮士走好，已通知家属
1126.177,普通弹幕,中,红,1525139664,0,a734218e,2907121480368128,壮士走好
1276.921,普通弹幕,中,白,1525139606,0,73393019,2907121478270976,走好
1076.301,普通弹幕,中,绿,1525139604,0,a734218e,2907121477222400,这时候应该柯南出现
1263.253,普通弹幕,中,白,1525139583,0,aa652641,2907121476173888,壮士愿地狱没有悲哀
1067.384,普通弹幕,中,绿,1525139558,0,a734218e,2907121475649536,中国银行？
912.28,普通弹幕,中,红,1525139373,0,a734218e,2907121473552384,来自世界的恶意
621.324,普通弹幕,中,粉,1525139358,0,606959ea,2907121473028096,前面的，土御门是LV1！魔禁白看了？
592.534,普通弹幕,中,粉,1525139280,0,606959ea,2907121470930944,花才是本体！！！
794.175,普通弹幕,中,红,1525139211,0,a734218e,2907121469882368,路人惊了
721.164,普通弹幕,中,红,1525139119,0,a734218e,2907121468833792,我蓝猫龙骑团表示不服
629.268,普通弹幕,中,白,1525139014,0,73393019,2907121467785216,法克儿 辣妹儿
623.06,普通弹幕,中,红,1525139004,0,a734218e,2907121466736640, Pa pa l' americano
623.445,普通弹幕,中,红,1525138978,0,a734218e,2907121465688128,辣妹儿～啊哈哈哈
550.121,普通弹幕,中,红,1525138881,0,a734218e,2907121465163776,小新的侧脸
534.423,普通弹幕,中,红,1525138840,0,a734218e,2907121464115200,你好～
0.0,普通弹幕,中,白,1525137720,0,c8ad7289,2907121458872320,还有几人看了正传
702.968,底部弹幕,中,蓝,1525137230,0,8905f382,2907121457299456,bgm hop
1113.443,普通弹幕,中,白,1525136536,0,afe0669f,2907121456250880,男主什么时候上线啊。
779.915,普通弹幕,中,黄,1525136292,0,f72c91d5,2907121455202304,橘里橘气
624.033,普通弹幕,中,白,1525136015,0,afe0669f,2907121454153728,讲个笑话这个番没男主
187.558,普通弹幕,中,白,1525134775,0,afe0669f,2907121453105152,我要看当麻
1224.899,普通弹幕,中,白,1525134598,0,2c89b2d8,2907121451008000,前方高能
1139.227,普通弹幕,中,白,1525134357,0,75593b04,2907121448910848,沉沙落雁式
241.058,普通弹幕,中,黄,1525133669,0,57edb209,2907121446813696,Judgement×4
122.24,普通弹幕,中,黄,1525133615,0,57edb209,2907121446289408,Judgment×3
96.32,普通弹幕,中,黄,1525133578,0,57edb209,2907121445240832,Judgement×2
23.48,普通弹幕,中,黄,1525133493,0,57edb209,2907121442619392,Judgement×1
754.738,普通弹幕,中,白,1525132634,0,eece8e92,2907121441570880,危险的黑子
270.937,底部弹幕,中,白,1525132031,0,d8d6890e,2907121438425152,前方心疼贩卖机
1274.295,普通弹幕,中,红,1525131902,0,6ebac196,2907121437900800,该投硬币啦
144.677,普通弹幕,中,白,1525131849,0,d8d6890e,2907121435803648,你指尖跃动的电光是我此生不变的信仰
1078.552,普通弹幕,中,白,1525129845,0,f44ea5c9,2907121430036480,截图
53.994,普通弹幕,中,白,1525127942,0,f5446c4a,2907121425842176,筑波？
164.17,普通弹幕,中,白,1525119768,0,f78fef20,2907121420599296,头皮发麻啊。
283.758,底部弹幕,中,红,1525117052,0,aa3afea8,2907121419550720,上次我这么做，也就是蹲了几天而已
235.383,底部弹幕,中,红,1525114911,0,61fa628e,2907121414307840,等等 百……百合番……铃科百合子一方算不算……
14.502,普通弹幕,中,白,1525112317,0,b43321e7,2907121411686400,从魔禁来的
940.601,普通弹幕,中,白,1525111815,0,61764b50,2907121410637824,。。
1269.359,普通弹幕,中,白,1525110310,0,5ca3dd56,2907121409064960,我允许你先跑39米
211.763,底部弹幕,中,白,1525109516,0,9506fb,2907121408016384,你指尖跃动的电光，是我此生不变的信仰，唯我超电磁炮永世长存。
210.443,底部弹幕,中,白,1525109512,0,9506fb,2907121406967808,你指尖跃动的电光，是我此生不变的信仰，唯我超电磁炮永世长存。
202.403,底部弹幕,中,白,1525109502,0,9506fb,2907121405919232,你指尖跃动的电光，是我此生不变的信仰，唯我超电磁炮永世长存。
200.603,底部弹幕,中,白,1525109498,0,9506fb,2907121404870720,你指尖跃动的电光，是我此生不变的信仰，唯我超电磁炮永世长存。
269.098,普通弹幕,中,白,1525108188,0,52c4fd1e,2907120802463744,一方本传外传都是黑的好吧？后期只是为了赎罪罢了。。。
1313.839,普通弹幕,中,白,1525106876,0,9fe87cbb,2907120799318016,十万伏特
503.599,底部弹幕,中,红,1525106033,0,a56885af,2907120795648000,高能出现了
467.34,底部弹幕,中,红,1525105957,0,a56885af,2907120795123712,高能是什么
1066.044,普通弹幕,中,白,1525105597,0,45ff5a44,2907120793026560,上琴就别来百合番找存在感
811.697,底部弹幕,中,红,1525105561,0,34a7403c,2907120791977984,好听吗？好听就是好锅！
237.741,普通弹幕,中,白,1525104840,0,feff5035,2907120789880832,没男主？
619.347,普通弹幕,中,白,1525102862,0,a38239ed,2907120786735168,上条当麻
1000.783,普通弹幕,中,白,1525102510,0,1ceecb05,2907120785162240,傲娇毁一生！
1201.205,底部弹幕,中,黄,1525101705,0,9ea3f49e,2907120783065088,查克拉白棒
997.491,普通弹幕,中,白,1525101262,0,55a83ef4,2907120779395072,BGM:流浪者之歌
633.334,普通弹幕,中,白,1525100964,0,55a83ef4,2907120777822208,哈吉咩
1389.871,普通弹幕,中,白,1525100570,0,3688e6b8,2907120776773632,我来找教主
532.561,普通弹幕,中,白,1525100522,0,14e5f686,2907120775725056,终于看到男的了。
879.649,普通弹幕,中,白,1525100036,0,3688e6b8,2907120774152192,电车是正的？！
142.633,底部弹幕,中,棕,1525099767,0,cc3a0377,2907120773103616,你指尖跃动的电光，是我此生不变的信仰，唯我超电磁炮永世长存
292.924,普通弹幕,中,白,1525099406,0,3688e6b8,2907120771006464,我是来找教主的
282.986,普通弹幕,中,白,1525098553,0,9a2b26c3,2907120763142144,正在使用能量饮料×2
141.482,普通弹幕,中,白,1525098463,0,493a8702,2907120762093568,你指尖悦动的电光，是我此生不灭的信念唯我超电磁炮永世长存
4.778,普通弹幕,中,白,1525098274,0,9a2b26c3,2907120761044992,正在使用能量饮料
814.68,普通弹幕,中,白,1525097790,0,31baab5c,2907120758947840,照脸一锅，你面部着地滑行了5米，然后成盒
1347.294,普通弹幕,中,白,1525097024,0,96b4c853,2907120756326400,电生磁，磁生电，磁对电有力的作用
1410.517,底部弹幕,中,白,1525096968,0,f13f0acf,2907120754229248,炮姐！
1310.43,普通弹幕,中,白,1525096955,0,96b4c853,2907120752656384,她本身是一个强力永磁体，硬币只是一个放大电磁能的导体
1397.783,普通弹幕,中,白,1525096955,0,f13f0acf,2907120753704960,炮姐！
126.285,普通弹幕,中,红,1525096871,0,f3030944,2907120751607872,熟了吧?
1290.121,普通弹幕,中,白,1525096842,0,96b4c853,2907120750559232,电磁感应运动准备！！
1184.307,普通弹幕,中,白,1525096690,0,96b4c853,2907120750034944,高维瞬移，能在光锥之外看见光锥之内的事件
1025.402,底部弹幕,中,白,1525096502,0,dc509b27,2907120747937792,纳豆。。。臭脚丫子味儿
508.892,普通弹幕,中,白,1525096473,0,fdc27407,2907120746889216,对a，要不起
18.73,底部弹幕,中,红,1525096067,0,39a041ea,2907120744792064,活着不好吗？
165.994,普通弹幕,中,白,1525095988,0,96b4c853,2907120742694912,敬伟大的电磁感应！！
83.669,普通弹幕,中,白,1525095844,0,96b4c853,2907120741646336,从科学上来讲，红绿灯收受干扰是因为炮姐放电导致电磁感应产生的高压电弧所导致
701.43,普通弹幕,中,白,1525095585,0,63b2fa84,2907120741122048,変態
1297.539,普通弹幕,中,白,1525094332,0,e1a50a07,2907120735354880,我想起了我吃鸡的时候
418.581,普通弹幕,中,白,1525094301,0,c7354538,2907120734306304,为啥叫一血光子啊
207.27,普通弹幕,中,白,1525093975,0,3bd327a3,2907120733257728,信仰存于心
143.187,普通弹幕,中,白,1525093915,0,abcc73e4,2907120732733440,你指间跃动的电光，是我此生不变的信仰，唯我超电磁炮永世长存
1253.246,普通弹幕,中,白,1525093851,0,5ad4a1ba,2907120731684864,壮士走好
63.675,普通弹幕,中,白,1525093696,0,dd967ea,2907120730636288,姐姐你也教我吗
636.374,底部弹幕,中,蓝,1525093692,0,9d23f6f8,2907120729587712,hibiki快回去
1113.192,普通弹幕,中,白,1525093664,0,5ad4a1ba,2907120729063424,夹击妹抖
151.85,普通弹幕,中,红,1525093150,0,a0258329,2907120726966272,你指尖跃动的电光，是我此生不灭的信仰，唯我电磁炮永世长存。你指尖跃动的电光，是我此生不灭的信仰，唯我电磁炮永世长存。你指尖跃动的电光，是我此生不灭的信仰，唯我电磁炮永世长存。你指尖跃动的电光，是我此生
150.57,普通弹幕,中,红,1525093144,0,a0258329,2907120726441984,你指尖跃动的电光，是我此生不灭的信仰，唯我电磁炮永世长存。
58.833,普通弹幕,中,红,1525093068,0,a0258329,2907120725393408,你指尖跃动的电光，是我此生不灭的信仰，唯我电磁炮永世长存。
1246.178,底部弹幕,中,蓝,1525092968,0,dadb8f9f,2907120724344832,壮士走好
932.698,普通弹幕,中,青,1525092838,0,1f4ada8f,2907120723296256,真香
887.834,普通弹幕,中,绿,1525092757,0,1f4ada8f,2907120722247680,偶系骨添裸
856.022,普通弹幕,中,橙,1525092726,0,1f4ada8f,2907120721723392,法克儿~~~~~~
841.865,普通弹幕,中,橙,1525092711,0,1f4ada8f,2907120720674816,辣妹儿~~~~
813.09,普通弹幕,中,黄,1525092683,0,1f4ada8f,2907120719626240,梁非凡
947.344,底部弹幕,中,蓝,1525092650,0,dadb8f9f,2907120718577664,光速打脸
165.161,普通弹幕,中,白,1525091960,0,c94fbd71,2907120715956224,君指先跃动の光は、私の一生不変の信仰に、唯私の超電磁砲永世生き
290.402,底部弹幕,中,蓝,1525091893,0,dadb8f9f,2907120714907648,官方吐槽
496.159,普通弹幕,中,白,1525090405,0,13e4223e,2907120710713344,对A
155.156,普通弹幕,中,白,1525089983,0,6c0d93c5,2907120708616192,信仰
496.556,普通弹幕,中,白,1525089971,0,7b5d0eb5,2907120707567616,前方高能预警
129.096,普通弹幕,中,白,1525089956,0,e507e27a,2907120706519040,慌了吧
173.915,普通弹幕,中,白,1525089934,0,6bb79360,2907120705994752,你指尖跃进的地
498.488,普通弹幕,中,白,1525089930,0,7b5d0eb5,2907120704946176,qiandjol
951.634,底部弹幕,中,白,1525088783,0,336a2396,2907120703897600,前方夏娜！
955.175,普通弹幕,中,白,1525088612,0,a5e3a325,2907120702849024,夏娜在哪？
166.518,普通弹幕,中,红,1525088593,0,aa1c94a7,2907120701800448,唯我意大利炮与世长存
152.218,普通弹幕,中,黄,1525088533,0,aa1c94a7,2907120701276160,唯我意大利炮与世长存
142.959,普通弹幕,中,蓝,1525088510,0,aa1c94a7,2907120700227584,唯我意大利炮与世长存
175.8,普通弹幕,中,蓝,1525088470,0,aa1c94a7,2907120699179008,唯我意大利炮与世长存
165.579,普通弹幕,中,黄,1525088441,0,aa1c94a7,2907120698654720,意大利炮意大利炮意大利炮
144.44,普通弹幕,中,白,1525088404,0,aa1c94a7,2907120697081856,你手中跃动的亮剑，是我此生不变的信仰，唯我意大利炮永世长存
1244.143,普通弹幕,中,白,1525088375,0,ef9939f3,2907120696557568,一路走好
894.525,普通弹幕,中,白,1525088362,0,a5e3a325,2907120695508992,白夜叉+1
84.611,普通弹幕,中,白,1525088297,0,aa1c94a7,2907120694460416,她是某科学的意大利炮
0.298,普通弹幕,中,白,1525088275,0,aa1c94a7,2907120692887552,某科学的意大利炮
477.905,普通弹幕,中,白,1525088181,0,87d7d945,2907120690790400,摄影师晚饭加鸡腿
546.682,普通弹幕,中,白,1525087794,0,559eeb25,2907120686596096,说好的女校？
1364.168,普通弹幕,中,白,1525086844,0,b43d34eb,2907120685547520,。。
24.5,普通弹幕,中,白,1525085839,0,f24cced,2907120680828928,耳朵怀孕了
15.339,普通弹幕,中,白,1525085814,0,f24cced,2907120679780352,QAQ画质感人
9.179,普通弹幕,中,白,1525085803,0,f24cced,2907120679256064,QAQ画质感人
1424.629,普通弹幕,中,白,1525085631,0,9094363f,2907120678207488,亲上去了？
826.242,普通弹幕,中,白,1525085512,0,6062a1c3,2907120677158912,初春势利
1306.411,普通弹幕,中,白,1525085454,0,9094363f,2907120676634624,安全裤差评
940.946,普通弹幕,中,白,1525084644,0,385f17f3,2907120675586112,高速打脸
1341.083,普通弹幕,中,白,1525084532,0,d418cb23,2907120674537472,药师兜
1030.188,普通弹幕,中,白,1525084160,0,d418cb23,2907120671916032,真正的石灰
682.919,普通弹幕,中,白,1525083803,0,d418cb23,2907120670867456,犬牙！
645.929,普通弹幕,中,白,1525083731,0,d418cb23,2907120668770304,辣妹儿～
604.139,普通弹幕,中,白,1525083657,0,d418cb23,2907120667197440,黑色不谢
8.699,普通弹幕,中,白,1525083243,0,cf7660c3,2907120664051712,再来一遍
537.557,普通弹幕,中,白,1525082974,0,132304ab,2907120663003136,前方高萌
1395.429,普通弹幕,中,白,1525082441,0,2b396e63,2907120661954560,学海无涯苦作舟的233333
1015.317,普通弹幕,中,白,1525082061,0,2b396e63,2907120660905984,咸鱼233333
493.393,普通弹幕,中,白,1525081993,0,ef4769f7,2907120659333120,fdklfgmkg
18.224,普通弹幕,中,白,1525081746,0,4cf5f830,2907120657760256,哔哩哔哩干杯
740.707,普通弹幕,中,白,1525080367,0,277eeae9,2907120651468800,史莱克七怪
538.581,普通弹幕,中,白,1525079392,0,8680684f,2907120647798784,百合
49.899,普通弹幕,中,白,1525077855,0,18273ddf,2907120647274496,问一下这个和魔法书番有什么关联
164.51,普通弹幕,中,白,1525077656,0,e1646e42,2907120646225920,看不见我
1456.246,底部弹幕,中,红,1525077179,0,7967b44a,2907120645177344,股舔乐 泥垢了
1171.923,普通弹幕,中,白,1525076811,0,7967b44a,2907120642555904,火遁
1032.038,普通弹幕,中,白,1525076659,0,7967b44a,2907120641507392,纯 简拉基 瓷的
1243.678,普通弹幕,中,白,1525074540,0,4ad0f20f,2907120637837312,壮士一路走好
474.773,普通弹幕,中,白,1525074482,0,4ad0f20f,2907120636788736,天堂
162.154,普通弹幕,中,白,1525074411,0,4ad0f20f,2907120636264448,你指尖跃动的电光是我此生不变的信仰唯我超电磁炮永世长存
156.619,普通弹幕,中,白,1525074034,0,69737ab4,2907120635215872,原来这首歌出自这里
539.919,普通弹幕,中,白,1525074006,0,4ad0f20f,2907120634167296,您的好友掀裙狂魔已上线
149.18,普通弹幕,中,白,1525073887,0,4ad0f20f,2907120632594432,你指尖跃动的电光是我此生不变的信仰唯我超电磁炮永世长存
103.521,普通弹幕,中,白,1525073798,0,4ad0f20f,2907120631545856,老黑上线
9.642,普通弹幕,中,白,1525073734,0,4ad0f20f,2907120629448704,再来一遍
793.112,普通弹幕,中,白,1525073180,0,525e9d15,2907120628400128,百合啊
141.561,普通弹幕,中,白,1525073052,0,70414438,2907120627351552,欧尼sama
17.78,普通弹幕,中,白,1525071668,0,c8474f88,2907120624730112,混子快逃
144.779,普通弹幕,中,白,1525070598,0,d299ff73,2907120623681536,你指尖跃动的电光，是我此生不灭的信仰，唯我超电磁炮永世长存
1140.758,普通弹幕,中,白,1525069607,0,31e56834,2907120622632960,不觉得更像蝎的那个傀儡吗？
636.622,普通弹幕,中,白,1525069364,0,c7fd8c63,2907120621584384,拉二是你吗！
1261.806,普通弹幕,中,白,1525069145,0,923c90d8,2907120620535808,装饰做好
747.205,普通弹幕,中,白,1525068734,0,d9220ace,2907120618438656,7777777
1399.507,普通弹幕,中,黄,1525068604,0,b09dd2df,2907120617390080,后宫+1
14.947,普通弹幕,中,白,1525068413,0,31e56834,2907120616341504,O~Yes
1040.67,普通弹幕,中,黄,1525068245,0,b09dd2df,2907120615292928,可带劲儿了
898.962,普通弹幕,中,黄,1525068103,0,b09dd2df,2907120614768640,毕竟老番了，画成这样不错了
76.786,普通弹幕,中,白,1525068004,0,923c90d8,2907120612671488,打脸
775.87,普通弹幕,中,白,1525067978,0,b09dd2df,2907120611622912,橘势已定
655.979,普通弹幕,中,白,1525067825,0,b09dd2df,2907120609001472,法克儿
646.198,普通弹幕,中,白,1525067815,0,b09dd2df,2907120607952896,辣妹儿
522.993,底部弹幕,中,白,1525067657,0,b9b4567b,2907120606904384,官方名事
1410.483,普通弹幕,中,棕,1525067097,0,60996c20,2907120604282880,橘气四溢
1403.681,普通弹幕,中,黄,1525067050,0,60996c20,2907120602185728,橘里橘气
1307.967,普通弹幕,中,黄,1525066949,0,60996c20,2907120600088576,前面那个电击小子的泥垢了
1242.302,普通弹幕,中,黄,1525066858,0,60996c20,2907120599564288,小伙子一路走好
1170.157,普通弹幕,中,黄,1525066776,0,60996c20,2907120597467136,净莲妖火
276.137,普通弹幕,中,绿,1525066670,0,cb527ae8,2907120596418560,贩卖机快跑
1066.693,普通弹幕,中,黄,1525066665,0,60996c20,2907120595370048,大橘已定
90.617,普通弹幕,中,蓝,1525066413,0,cb527ae8,2907120591175680,黑子
1328.139,普通弹幕,中,白,1525065788,0,d6d70a6d,2907120589078528,炮姐还没使出全力。。
30.933,普通弹幕,中,白,1525065337,0,9f3f8f51,2907120588554240,快跑啊
162.854,普通弹幕,中,白,1525064498,0,f89d6671,2907120582787072,你指尖跃动的雷光是我此生不变的信仰唯我超电磁炮永世长存
156.692,普通弹幕,中,红,1525064474,0,f89d6671,2907120581738496,你指尖跃动的雷光是我此生不变的信仰唯我超电磁炮永世长存
19.1,普通弹幕,中,红,1525063584,0,d77ce08c,2907120580689920,兄弟，一路走好
6.699,普通弹幕,中,白,1525063515,0,66f414db,2907120579641344,过来炸手机的
706.632,普通弹幕,中,白,1525063266,0,f99876df,2907120578592768,俺已自了宫
11.0,普通弹幕,中,白,1525062868,0,aa222b74,2907120578068480,新人+1
11.041,普通弹幕,中,白,1525062829,0,92099002,2907120577019904,这个好看吗？
1415.379,普通弹幕,中,白,1525061427,0,afc7c50c,2907120562864128,哈哈
1315.599,普通弹幕,中,白,1525061327,0,afc7c50c,2907120561815552,我只想问怎么投币
1192.68,普通弹幕,中,白,1525061204,0,afc7c50c,2907120552902656,斯国一
1144.647,普通弹幕,中,白,1525061156,0,afc7c50c,2907120551854080,黑子好帅
1086.716,普通弹幕,中,白,1525061098,0,afc7c50c,2907120551329792,握草
189.243,底部弹幕,中,黄,1525061094,0,c76213a,2907120550281216,你指尖跃动的电光，是我此生不灭的信仰，唯我超电磁炮永世长存你指尖跃动的电光，是我此生不灭的信仰，唯我超电磁炮永世长存
150.73,底部弹幕,中,黄,1525061055,0,c76213a,2907120549232640,你指尖跃动的电光，是我此生不灭的信仰，唯我超电磁炮永世长存
150.73,底部弹幕,中,黄,1525061051,0,c76213a,2907120548184064,你指尖跃动的电光，是我此生不灭的信仰，唯我超电磁炮永世长存
150.73,底部弹幕,中,黄,1525061047,0,c76213a,2907120547659776,你指尖跃动的电光，是我此生不灭的信仰，唯我超电磁炮永世长存
1031.072,普通弹幕,中,白,1525061043,0,afc7c50c,2907120546611200,炮姐好可爱
150.73,底部弹幕,中,黄,1525061042,0,c76213a,2907120545562624,你指尖跃动的电光，是我此生不灭的信仰，唯我超电磁炮永世长存
150.73,底部弹幕,中,黄,1525061038,0,c76213a,2907120544514048,你指尖跃动的电光，是我此生不灭的信仰，唯我超电磁炮永世长存
150.73,底部弹幕,中,黄,1525061030,0,c76213a,2907120543989760,你指尖跃动的电光，是我此生不灭的信仰，唯我超电磁炮永世长存
150.73,底部弹幕,中,黄,1525061027,0,c76213a,2907120542941184,你指尖跃动的电光，是我此生不灭的信仰，唯我超电磁炮永世长存
150.73,底部弹幕,中,黄,1525061022,0,c76213a,2907120541892608,你指尖跃动的电光，是我此生不灭的信仰，唯我超电磁炮永世长存
1003.89,普通弹幕,中,白,1525061015,0,afc7c50c,2907120540844032,好可爱我都想要
960.189,普通弹幕,中,白,1525060972,0,afc7c50c,2907120539795456,打脸番
942.59,普通弹幕,中,白,1525060954,0,afc7c50c,2907120539271168,哈哈哈
188.178,普通弹幕,中,白,1525060915,0,934d785e,2907120538222592,你指尖跃动的电光是我此生不变的信仰，维我超电磁炮永世长存
140.353,普通弹幕,中,白,1525060307,0,a1b0003b,2907120536125440,切不就是学生会嘛
1255.284,普通弹幕,中,白,1525059543,0,630e52dd,2907120534552576,壮士走好
1143.04,普通弹幕,中,白,1525058992,0,1ac05e74,2907120530882560,这个字幕给力了
938.717,普通弹幕,中,白,1525058778,0,1ac05e74,2907120529833984,光速打脸来一波
1319.191,普通弹幕,中,白,1525058743,0,5d6d533f,2907120528785408,不不不，猪脚光环你没有
1254.712,普通弹幕,中,白,1525058659,0,5d6d533f,2907120528261120,70
1217.167,普通弹幕,中,白,1525058628,0,5d6d533f,2907120527212544,狗鼻子上线
1213.127,普通弹幕,中,白,1525058619,0,5d6d533f,2907120526163968,狗鼻子上线
710.652,普通弹幕,中,白,1525058532,0,1ac05e74,2907120525115392,好像落下一个灰包吧。。。
157.017,普通弹幕,中,白,1525057881,0,ce68313,2907120517775360,炮姐赛高
422.222,普通弹幕,中,紫,1525057613,0,2c89b2d8,2907120516202496,基佬紫
275.092,普通弹幕,中,白,1525057312,0,5ab44631,2907120511483904,说魔禁是番外的，你想吃友情破颜拳吗？
706.305,普通弹幕,中,白,1525056778,0,8099f84a,2907120508862464,男主什么时候出来嘞
673.645,普通弹幕,中,白,1525056733,0,8099f84a,2907120507289600,有男主吗
171.624,普通弹幕,中,白,1525056675,0,bb98f74b,2907120506765312,清屏了！能看到屏幕了！
120.705,普通弹幕,中,白,1525056585,0,bb98f74b,2907120504143872,夹击妹抖
647.434,底部弹幕,中,白,1525055700,0,530b8009,2907120502571008,HoP，bgm不用谢
266.688,普通弹幕,中,白,1525055001,0,1b838865,2907120501522432,上条当麻
643.814,普通弹幕,中,白,1525053595,0,d249c8ab,2907120500473856,象征自由的男人。
1304.347,普通弹幕,中,蓝,1525052892,0,a25979ed,2907120499425280,说实话，特效不够炫啊
1155.722,普通弹幕,中,白,1525052390,0,1dafa7bd,2907120498900992,路人好淡定
1418.348,底部弹幕,中,棕,1525050703,0,a7f490a1,2907120495755264,你要摸俺蛋~~~~~~~
5.7,普通弹幕,中,红,1525050470,0,9991cb8c,2907120494706688,回归第N遍
930.406,普通弹幕,中,白,1525046527,0,e1f08fe7,2907120489988096,教科书式傲娇
79.882,普通弹幕,中,白,1525046369,0,1de41c7c,2907120488939520,打脸
689.661,普通弹幕,中,白,1525046277,0,e1f08fe7,2907120486842368,法克儿
503.981,普通弹幕,中,白,1525046084,0,e1f08fe7,2907120486318080,加鸡腿
338.002,普通弹幕,中,白,1525045915,0,e1f08fe7,2907120485269504,请务必让我来检查
1204.036,普通弹幕,中,白,1525039394,0,c193c22a,2907120482123776,艾斯给怼了
161.724,普通弹幕,中,白,1525030341,0,e82d21ca,2907120478453760,你指尖跃动的电光，是我此生不变的信仰，唯我超电磁炮永世长存！你指尖跃动的电光，是我此生不变的信仰，唯我超电磁炮永世长存！
14.459,普通弹幕,中,白,1525026851,0,c4c55f63,2907120477405184,新人新人
152.4,底部弹幕,中,黄,1525023075,0,cf48d1e7,2907120473735168,你指间跃动的电光，是我此生不变的信仰，唯我超电磁炮永世长存
29.894,普通弹幕,中,黄,1525022506,0,f1f65987,2907120471113728,夹鸡妹抖
11.44,普通弹幕,中,黄,1525022465,0,f1f65987,2907120470589440,再来一遍
867.383,普通弹幕,中,红,1525022115,0,ef6d6434,2907120469540864,平底锅
862.548,普通弹幕,中,红,1525022107,0,ef6d6434,2907120468492288,平底锅吗？？？
170.297,底部弹幕,中,红,1525021433,0,ffd21fb7,2907120465870848,没有男猪，谢谢
1249.204,底部弹幕,中,红,1525020806,0,9cd51595,2907120463773696,风萧萧兮易水寒，壮士一去兮不复还
161.577,普通弹幕,中,白,1525020000,0,4d220c31,2907120462725120,你指尖跃动的电光，是我此生不变的信仰，唯我超电磁炮永世长存
75.178,普通弹幕,中,黄,1525019914,0,a20d563c,2907120462200832,光速打脸
1258.34,普通弹幕,中,白,1525019030,0,37abb129,2907120460103680,结标是move point，和黑子的teleport属于相同系，但很多地方还是有着不同的
857.957,普通弹幕,中,白,1525017832,0,571d0bcc,2907120457482240,好听吗
813.198,普通弹幕,中,白,1525017785,0,571d0bcc,2907120456433664,吃鸡了！
467.243,普通弹幕,中,白,1525016013,0,844ddb8f,2907120455385088,"3,马赫。。。"
485.592,普通弹幕,中,白,1525015960,0,5832f782,2907120454336512,摄影师你被开除了
1309.031,普通弹幕,中,白,1525015536,0,bb13a4a5,2907120452763648,黑子完虐当妈 闪过去一顿乱打 又不用超能力是不是 我就不信黑子搏斗技术还比不过当妈
1245.36,普通弹幕,中,绿,1525015291,0,6940a2eb,2907120450666496,壮士走好
231.459,普通弹幕,中,棕,1525014142,0,7ad73485,2907120448569344,你指间跃动的电光 是我此生唯一的信仰
582.546,普通弹幕,中,绿,1525013019,0,2a21dc83,2907120446472192,哇T^T
1395.495,普通弹幕,中,白,1525012540,0,39e89018,2907120443850752,弯+1
151.859,普通弹幕,中,白,1525012418,0,f13dcbf,2907120441753600,用这个曲子是我玩火炮炸的最准的曲子
92.235,普通弹幕,中,白,1525012289,0,6a2c8453,2907120439656448,夹击妹抖
1112.395,普通弹幕,中,白,1525010488,0,38a9da1c,2907120436510720,judgement
1255.939,普通弹幕,中,红,1525009837,0,86b16228,2907120434413568,壮士走好
152.763,普通弹幕,中,白,1525009834,0,cc2959d3,2907120433364992,你指尖跃动的电光，是我此生不变的信仰，唯我超电磁炮永世长存！你指尖跃动的电光，是我此生不变的信仰，唯我超电磁炮永世长存！你指尖跃动的电光，是我此生不变的信仰，唯我超电磁炮永世长存！你指尖跃动的电光，是
544.928,普通弹幕,中,白,1525009674,0,38a9da1c,2907120432316416,厉害
149.755,普通弹幕,中,白,1525009671,0,cc2959d3,2907120431792128,你指尖跃动的电光，是我此生不变的信仰，唯我超电磁炮永世长存！
120.041,普通弹幕,中,白,1525009657,0,de183534,2907120430743552,影子好奇怪
502.599,普通弹幕,中,白,1525009604,0,38a9da1c,2907120429694976,穷凶极恶
933.983,普通弹幕,中,白,1525009490,0,ecafdf9e,2907120428646400,乌帕
400.829,普通弹幕,中,白,1525008808,0,2c846692,2907120428122112,这个声音很像白夜叉啊有没有 
114.4,普通弹幕,中,粉,1525003328,0,f8ee4397,2907120422355008,碧翠丝，是你吗？
77.859,普通弹幕,中,红,1525003269,0,f8ee4397,2907120420257792,这脸打的，脖子都断了
20.4,普通弹幕,中,白,1525001447,0,36ced7a0,2907120417636352,お名前を伺っております
103.971,底部弹幕,中,黄,1525001021,0,7d3eff61,2907120417112064,超喜欢这里！
60.161,普通弹幕,中,白,1525000579,0,a5ff0c0c,2907120416063488,偷偷混进去
55.501,普通弹幕,中,白,1525000563,0,a5ff0c0c,2907120415014912,天天
53.141,普通弹幕,中,白,1525000557,0,a5ff0c0c,2907120413966336,TT
776.499,普通弹幕,中,白,1524999961,0,1100c146,2907120412393472,橘里橘气     橘里橘气
1171.273,普通弹幕,中,白,1524999929,0,be4714d3,2907120411344896,螺旋丸！
533.571,普通弹幕,中,白,1524999772,0,1100c146,2907120409772032,橘里橘气
513.372,普通弹幕,中,白,1524999747,0,1100c146,2907120408723456,橘里橘气
199.525,普通弹幕,中,白,1524999634,0,366f6c8,2907120407674880,我曾经的信仰呢..
264.696,普通弹幕,中,白,1524999496,0,1100c146,2907120406626304,橘里橘气
935.294,普通弹幕,中,蓝,1524999079,0,54e13992,2907120406102016,可是你就是喜欢
306.462,底部弹幕,中,黄,1524998891,0,e82a4825,2907120405053440,浪费可耻
948.614,普通弹幕,中,白,1524998852,0,71b0bb3c,2907120402432000,真香的够了哈哈哈哈
509.536,普通弹幕,中,蓝,1524998647,0,54e13992,2907120401383424,:-O
16.141,底部弹幕,中,黄,1524998618,0,e82a4825,2907120400859136,特地来看看qwq
7.46,底部弹幕,中,黄,1524998598,0,e82a4825,2907120399810560,这里新人一枚qwq
901.668,普通弹幕,中,白,1524998169,0,a587c3c0,2907120396664832,白夜叉？？？
6.598,普通弹幕,中,白,1524997968,0,b4ba39ff,2907120395616256,..
15.44,普通弹幕,中,蓝,1524997274,0,528c17ec,2907120391421952,炮姐
71.398,普通弹幕,中,白,1524997036,0,6da2aa75,2907120389849088,光速打脸
190.074,普通弹幕,中,白,1524996850,0,fdb22f35,2907120387751936,emmmm，音乐一样啊，歌词不一样而已
271.872,普通弹幕,中,白,1524994649,0,60516c98,2907120385654784,番外禁书的你够了
465.384,普通弹幕,中,白,1524994089,0,7625272f,2907120384606208,不就是硬币嘛！拿去！
1121.9,普通弹幕,中,白,1524993627,0,b6d4676a,2907120383033344,崔夫，迈克，富兰克林，够了啊哈哈哈哈
945.011,普通弹幕,中,白,1524993354,0,34ede01c,2907120381984768,真香
31.051,普通弹幕,中,白,1524992479,0,59198c,2907120378839040,还有百分之20是老师
5.579,普通弹幕,中,白,1524992076,0,34ede01c,2907120377790464,我在biilibili看御坂美琴
510.361,普通弹幕,中,白,1524991288,0,451289c9,2907120375169024,摄像师加鸡腿
833.756,普通弹幕,中,白,1524990367,0,afc7c50c,2907120374120448,初春饰利
72.149,普通弹幕,中,白,1524990153,0,734a4707,2907120373071872,炮姐跟你了
1248.764,普通弹幕,中,白,1524990099,0,8aac95c1,2907120372023296,壮士走好
5.835,普通弹幕,中,白,1524989513,0,8e65181,2907120371499008,再看两遍
182.632,普通弹幕,中,白,1524989136,0,cd7719d3,2907120370450432,好听~
190.833,普通弹幕,中,白,1524988847,0,e3f400e5,2907120369401856,你指尖跃动的电光，是我此生不灭的信仰。
117.323,普通弹幕,中,白,1524988773,0,e3f400e5,2907120368353280,夹击妹抖
1283.28,普通弹幕,中,红,1524987596,0,5cba48f5,2907120364683264,兄dei，我敬你是条汉子
937.583,普通弹幕,中,白,1524986127,0,af251bbe,2907120362586176,真香
12.01,普通弹幕,中,白,1524985211,0,fb514cf5,2907120359964672,炮姐
641.523,普通弹幕,中,白,1524985141,0,571d0bcc,2907120357867520,hop，已迷上门口那老头
626.404,普通弹幕,中,白,1524985115,0,571d0bcc,2907120356818944,辣妹儿~法克儿~
542.523,普通弹幕,中,白,1524984986,0,571d0bcc,2907120354197504,奥义，上升气流
522.723,普通弹幕,中,白,1524984959,0,571d0bcc,2907120353148928,请务必让我来
503.764,普通弹幕,中,白,1524984937,0,571d0bcc,2907120352100352,陈独秀
467.403,普通弹幕,中,白,1524984898,0,571d0bcc,2907120350527488,我就知道有高能预警
456.724,普通弹幕,中,白,1524984882,0,571d0bcc,2907120349478912,投币走起
429.243,普通弹幕,中,白,1524984852,0,571d0bcc,2907120348430336,不不不，这只是炮姐的一个钢蹦掉到水里了
292.25,普通弹幕,中,白,1524984692,0,571d0bcc,2907120347381760,官方吐槽
129.899,普通弹幕,中,白,1524984512,0,571d0bcc,2907120345808896,...想不到吧
73.979,普通弹幕,中,白,1524984445,0,571d0bcc,2907120343711744,我们家长贼安心着呢
62.819,普通弹幕,中,白,1524984423,0,571d0bcc,2907120342663168,前方高能打脸
1277.182,底部弹幕,中,红,1524983684,0,499d022d,2907120340566016,风萧萧兮易水寒
108.143,普通弹幕,中,白,1524981270,0,ea683114,2907120340041728,呦吼
1249.28,普通弹幕,中,白,1524980628,0,bf996e7e,2907120338993152,活着不好吗？
909.152,普通弹幕,中,白,1524979636,0,70ed1ab5,2907120336371712,对，，黑子 和贝蒂是一个配音员
161.348,普通弹幕,中,蓝,1524977983,0,53f0d6e,2907120335323136,颜色代表立场
1236.406,普通弹幕,中,红,1524977377,0,a2f3f84e,2907120334274560,一路走好
872.641,普通弹幕,中,白,1524977001,0,a2f3f84e,2907120333225984,炮姐！我送你个硬币！
287.718,普通弹幕,中,白,1524976475,0,27343eae,2907120332177408,說的太好了
203.494,普通弹幕,中,白,1524976361,0,27343eae,2907120330604544,你指尖躍動的電光，，是我此生不變的信仰，唯我超電磁砲永世長存
145.105,普通弹幕,中,白,1524976295,0,27343eae,2907120330080256,你指尖躍動的電光，，是我此生不變的信仰，唯我超電磁砲永世長存
325.604,普通弹幕,中,白,1524976237,0,39b3cbfd,2907120329031680,这个绿灯走路姿势可以的
715.433,普通弹幕,中,红,1524976087,0,a2f3f84e,2907120327983104,和亚梦一毛一样的台词啊！
557.515,普通弹幕,中,红,1524975976,0,a2f3f84e,2907120326934528,这是美妙天堂里眼镜姐的声优！
285.531,普通弹幕,中,红,1524975647,0,a2f3f84e,2907120324837376,教练我要学！
24.74,普通弹幕,中,红,1524975418,0,a2f3f84e,2907120322740224,壮士走好
940.82,普通弹幕,中,白,1524974433,0,1e5a590c,2907120320118784,哈哈哈
146.42,普通弹幕,中,白,1524974325,0,f212faf,2907120318021632,炮姐！！
191.978,底部弹幕,中,黄,1524974010,0,e3fe18b1,2907119724003328,你指尖跃动的电光，是我此生不变的信仰，唯我超电磁炮永世长存！
162.078,普通弹幕,中,黄,1524973973,0,e3fe18b1,2907119723479040,你指尖跃动的电光，是我此生不变的信仰，唯我超电磁炮永世长存！
804.593,普通弹幕,中,白,1524973902,0,8122d965,2907119721381888,大橘已定
170.53,普通弹幕,中,黄,1524973778,0,e3fe18b1,2907119718236160,你指尖跃动的电光，是我此生不变的信仰，唯我超电磁炮永世长存！
167.11,普通弹幕,中,黄,1524973772,0,e3fe18b1,2907119717187584,你指尖跃动的电光，是我此生不变的信仰，唯我超电磁炮永世长存！
164.89,普通弹幕,中,黄,1524973767,0,e3fe18b1,2907119716663296,你指尖跃动的电光，是我此生不变的信仰，唯我超电磁炮永世长存！
163.31,底部弹幕,中,黄,1524973762,0,e3fe18b1,2907119715614720,你指尖跃动的电光，是我此生不变的信仰，唯我超电磁炮永世长存！
152.39,底部弹幕,中,黄,1524973736,0,e3fe18b1,2907119709323264,你指尖跃动的电光，是我此生不变的信仰，唯我超电磁炮永世长存！
150.971,底部弹幕,中,黄,1524973731,0,e3fe18b1,2907119708798976,你指尖跃动的电光，是我此生不变的信仰，唯我超电磁炮永世长存！
181.5,普通弹幕,中,白,1524973671,0,1e5a590c,2907119707750400,你指尖跳跃的电光，是我此生不变的信仰，唯我超电磁炮永世长存
143.104,普通弹幕,中,白,1524973242,0,ec4db57e,2907119703556096,终于揭开节奏大师神秘歌曲15的“庐山真面目”了
20.788,普通弹幕,中,红,1524972808,0,4d338164,2907119701458944,总觉得字母变了，原先不是这样的
1271.677,普通弹幕,中,白,1524972697,0,4d338164,2907119700410368,总觉得字幕变了
170.999,普通弹幕,中,白,1524972021,0,bd0b1f17,2907119699886080,不知道清过多少次屏
220.481,普通弹幕,中,白,1524971924,0,a2ee724b,2907119698837504,居然清屏了
1361.371,普通弹幕,中,白,1524971709,0,5896a21f,2907119696740352,回头你将会是男主！
1138.971,普通弹幕,中,白,1524969779,0,c2f58498,2907119696216064,像蝎的绯流琥
18.961,底部弹幕,中,白,1524969113,0,8b6837cf,2907119695167488,新人补播
10.24,普通弹幕,中,白,1524969096,0,8b6837cf,2907119694118912,新人补播
324.3,普通弹幕,中,白,1524968486,0,e5d2c5d9,2907119693070336,20到30年技术差别的绿灯
1317.709,普通弹幕,中,白,1524967698,0,b3861bcc,2907119692021760,安全裤？
155.487,普通弹幕,中,绿,1524967425,0,7c9f813c,2907119691497472,你指尖跃动的电光，是我此生不灭的信仰，唯我超电磁炮永世长存
929.474,普通弹幕,中,白,1524966639,0,681083a3,2907119687827456,哈哈啊哈
786.954,底部弹幕,中,黄,1524964484,0,a713faea,2907119683633152,橘势失控
142.382,底部弹幕,中,红,1524961111,0,8140b3cc,2907119677865984,あなたの指先が动く电光は、私の人生の不変の信仰で、唯一の超电磁炮永世は永远に続いています！
1170.619,普通弹幕,中,白,1524959311,0,ebacc63a,2907119674195968,言灵·君焰
155.544,普通弹幕,中,白,1524958435,0,97bd41f2,2907119671050240,你的指尖跳跃的电光是我此生不灭的信仰
170.464,普通弹幕,中,白,1524956701,0,f8745ed4,2907119668953088,你指间跃动的电光，是我此生不变的信仰，唯我超电磁炮永世长存
164.264,普通弹幕,中,白,1524956644,0,f8745ed4,2907119667904512,你指间跃动的电光，是我此生不变的信仰，唯我超电磁炮永世长存
776.447,底部弹幕,中,黄,1524947596,0,5f4b00cc,2907119666331648,橘势不妙
162.5,普通弹幕,中,黄,1524946197,0,318f7249,2907119661088768,和姐姐大人同居的日子就是以这个番为魔板吧！！！
185.827,普通弹幕,中,绿,1524945895,0,3b892e3e,2907119660040192,炮姐无敌
163.922,普通弹幕,中,白,1524943497,0,8c614c4c,2907119659515904,我就是男主
12.265,底部弹幕,中,红,1524942388,0,8c6dce1e,2907119658467328,从魔禁那来得，来看当妈！
2.451,底部弹幕,中,白,1524942365,0,8c6dce1e,2907119657418752,魔禁来的，（先看魔禁的）
1316.968,普通弹幕,中,白,1524936489,0,ee267a87,2907119655845888,当麻个妻管严，笑得起来？
11.029,普通弹幕,中,白,1524935510,0,30180081,2907119654797312,再来一遍
1182.533,普通弹幕,中,白,1524934560,0,ae2c962a,2907119651651584,那边的少妇！
1299.539,底部弹幕,小,蓝,1524933988,0,af4914ad,2907119649030144,心疼泪爷
532.902,底部弹幕,小,蓝,1524933184,0,af4914ad,2907119643787328,要出现了
233.611,底部弹幕,中,白,1524933086,0,15829b5,2907119643262976,茵蒂克丝过来
1100.663,普通弹幕,中,白,1524932792,0,40a9ac6a,2907119640641536,崔爷又来抢银行了
1089.432,普通弹幕,中,白,1524932442,0,1b41daaf,2907119639592960,黑子哲也瞬间跳戏。。
728.485,普通弹幕,中,白,1524932406,0,40a9ac6a,2907119639068672,七龙珠
1407.952,普通弹幕,中,白,1524932009,0,59c247d4,2907119638020096,后宫加1
1143.292,普通弹幕,中,白,1524931708,0,59c247d4,2907119636971520,6666
243.764,普通弹幕,中,白,1524931221,0,aefbeac0,2907119633825792,。。。。。
884.969,普通弹幕,中,白,1524930736,0,87c8422e,2907119633301504,贝蒂的配音
46.879,普通弹幕,中,白,1524930645,0,7ac3e129,2907119632252928,龙与虎过来的
517.76,普通弹幕,中,黄,1524930567,0,83e4bd3c,2907119631204352,不就是硬币吗，我给
630.162,普通弹幕,中,黄,1524930419,0,65cb5d15,2907119630155776,那个象征自由的男人
571.048,普通弹幕,中,黄,1524930329,0,65cb5d15,2907119629107200,请务必让我看
505.746,普通弹幕,中,黄,1524930238,0,65cb5d15,2907119628058624,谢谢摄影师
469.992,普通弹幕,中,黄,1524930195,0,65cb5d15,2907119627010048,摄影师加鸡腿
1290.279,普通弹幕,中,白,1524929066,0,95f2c2e0,2907119624388608,可惜炮姐本人对百合没兴趣啊
1205.906,普通弹幕,中,白,1524928969,0,95f2c2e0,2907119622291456,魔禁的能力者都需要计算的，所以空间移动没想象中的无敌，是能够躲开和有能力极限的
342.741,普通弹幕,中,白,1524927941,0,95f2c2e0,2907119618621440,算是轻百合，有男主，但在这部作品出场不多，也没什么恋爱的酸臭味（笑）
477.258,普通弹幕,中,白,1524927673,0,84691bb6,2907119617572864,摄像师，别说话，这两跟鸡腿我送给你的
468.742,普通弹幕,中,白,1524927565,0,59c247d4,2907119616000000,色鬼请滚
367.779,普通弹幕,中,白,1524927512,0,84691bb6,2907119614951424,红红火火恍恍惚惚
16.661,普通弹幕,中,白,1524925624,0,b1e6ff08,2907119609708544,对a
1089.959,普通弹幕,中,白,1524925318,0,e1be7aba,2907119608659968,夹鸡妹抖*8
54.059,底部弹幕,中,白,1524925141,0,ec128b76,2907119606562816,前方打脸高能
718.252,普通弹幕,中,白,1524924933,0,e1be7aba,2907119605514240,夹鸡妹抖*7
69.4,普通弹幕,中,白,1524924559,0,2dccd780,2907119603941376,炮姐
168.859,普通弹幕,中,白,1524924280,0,e1be7aba,2907119601844224,2018/4/28
178.821,普通弹幕,中,红,1524923902,0,15636fc9,2907119601319936,你指尖跃动的电光，是我此生不变的信仰，唯我超电磁炮永世长存 你指尖跃动的电光，是我此生不变的信仰，唯我超电磁炮永世长存
174.721,普通弹幕,中,红,1524923888,0,15636fc9,2907119600271360,你指尖跃动的电光，是我此生不变的信仰，唯我超电磁炮永世长存 
166.281,普通弹幕,中,红,1524923872,0,15636fc9,2907119599222784,你指尖跃动的电光，是我此生不变的信仰，唯我超电磁炮永世长存
160.501,普通弹幕,中,红,1524923860,0,15636fc9,2907119598174208,你指尖跃动的电光，是我此生不变的信仰，唯我超电磁炮永世长存
72.12,普通弹幕,中,白,1524922569,0,71b5ea08,2907119596601344,真香走起！！！！
155.341,底部弹幕,中,红,1524921591,0,dcc7d4,2907119594504192,你指间跃动的电光，是我此生不变得信仰，唯我超电磁炮永世长存
153.201,底部弹幕,中,白,1524921584,0,dcc7d4,2907119593455616,你指间跃动的电光，是我此生不变得信仰，唯我超电磁炮永世长存
150.661,底部弹幕,中,白,1524921576,0,dcc7d4,2907119592407040,你指间跃动的电光，是我此生不变得信仰，唯我超电磁炮永世长存
175.713,普通弹幕,中,白,1524921466,0,da64deac,2907119591882752,原来出出自这里
1491.061,普通弹幕,中,白,1524921270,0,b04031db,2907119589785600,这是魔禁番外啦，当然没男主了
268.018,普通弹幕,中,黄,1524919951,0,729ef05b,2907119586639872,有女生看吧？
1249.282,普通弹幕,中,白,1524919847,0,a6012661,2907119578251264,壮士走好
474.847,普通弹幕,中,白,1524919543,0,fa84f3a9,2907119576154112,摄影师今天和乌鸦哥一桌
474.359,普通弹幕,中,白,1524919526,0,fa84f3a9,2907119575629824,摄影师今天和非凡哥一桌
702.418,普通弹幕,中,白,1524918577,0,e595f622,2907119573532672,葛西晴信的后代
470.912,普通弹幕,中,白,1524917079,0,d0c0890d,2907119567765504,已投币
555.712,普通弹幕,中,白,1524915617,0,588aa0cc,2907119565668352,佐天泪子，变形出发…
187.517,普通弹幕,中,白,1524914686,0,e165521e,2907119562522624,啦啦啦啦
95.614,普通弹幕,中,白,1524914594,0,e165521e,2907119558852608,炮姐炮姐炮姐
10.78,普通弹幕,中,白,1524913956,0,4fa68a23,2907119555182592,魔禁过来的x2
7.621,普通弹幕,中,白,1524913937,0,4fa68a23,2907119554134016,魔禁过来的
53.176,普通弹幕,中,白,1524913515,0,5a2cb009,2907119552036864,挖掘机
9.898,普通弹幕,中,白,1524913390,0,5a2cb009,2907119550464000,泥萌豪
515.099,普通弹幕,中,白,1524912764,0,6284f947,2907119549415424,哇哦
469.534,底部弹幕,中,黄,1524910427,0,2ee59df3,2907119545221120,摄像师你。。。我竟无法反驳你。。
1247.598,普通弹幕,中,白,1524910279,0,f0c81054,2907119543648256,壮士走好
1070.563,普通弹幕,中,黄,1524910165,0,891da487,2907119541551104,要顾全大橘呀
97.864,底部弹幕,中,青,1524909814,0,2ee59df3,2907119539978240,s大法
68.909,底部弹幕,中,青,1524909766,0,2ee59df3,2907119538929728,嗯，很安心
190.566,普通弹幕,中,白,1524909531,0,c0199a71,2907119537881088,队形
187.786,普通弹幕,中,白,1524909523,0,c0199a71,2907119536832512,队形
144.239,普通弹幕,中,白,1524909339,0,2f4a52fa,2907119535259648,你指尖跃动的电光，是我此生不变的信仰，唯我超电磁炮永世长存
114.494,普通弹幕,中,白,1524909282,0,38813ca3,2907119534211072,哦呼
75.304,普通弹幕,中,白,1524909225,0,38813ca3,2907119533162496,emmmmm
25.199,普通弹幕,中,白,1524909211,0,2f4a52fa,2907119532113920,活着不好吗
420.27,普通弹幕,中,白,1524908373,0,c045d76c,2907119531589632,黑子好看
185.659,底部弹幕,中,红,1524907678,0,cd238116,2907119530541056,显卡的香气
9.482,普通弹幕,中,白,1524907113,0,990794b,2907119529492480,新人参上
175.084,普通弹幕,中,白,1524905337,0,2344342e,2907119527395328,你指尖上跃动的电光是我此生永远不变的信仰
532.46,普通弹幕,中,白,1524904174,0,c62f4ef4,2907119526346752,吆西
100.567,普通弹幕,中,白,1524903978,0,58b6e6a0,2907119525822464,Ji夹击妹抖
17.58,底部弹幕,中,红,1524900476,0,de73a318,2907119524773888,炮姐赛高
14.579,底部弹幕,中,红,1524900470,0,de73a318,2907119523725312,炮姐赛高
11.219,底部弹幕,中,红,1524900463,0,de73a318,2907119522676736,炮姐赛高
621.567,普通弹幕,中,白,1524900414,0,d00aeb59,2907119522152448,一起上帮老e拔毛
819.846,普通弹幕,中,白,1524897923,0,aa3455be,2907119520055296,喘着粗气
831.048,普通弹幕,中,白,1524896197,0,70ed1ab5,2907119517958144,classмates???
774.848,普通弹幕,中,白,1524896128,0,70ed1ab5,2907119516909568,完美的犯罪。
675.95,普通弹幕,中,白,1524896023,0,70ed1ab5,2907119516385280,苍老师的那个跳戏了，
120.419,普通弹幕,中,白,1524895424,0,70ed1ab5,2907119514288128,就是贝蒂啊，
483.308,普通弹幕,中,白,1524893969,0,f776405b,2907119513239552,马赛克之门
277.259,普通弹幕,中,白,1524893749,0,f776405b,2907119511142400,自动贩卖机就是被你踢坏的
1250.63,底部弹幕,中,红,1524890783,0,8f8de8cd,2907119506423808,壮士走好
1244.709,底部弹幕,中,红,1524890765,0,8f8de8cd,2907119505375232,活着不好吗
939.947,普通弹幕,中,黄,1524890405,0,8f8de8cd,2907119504850944,真香
21.451,普通弹幕,中,白,1524889010,0,b9345a36,2907119501180928,第n遍回味
77.148,普通弹幕,中,白,1524888742,0,c731a959,2907119500132352,光速打脸
308.167,底部弹幕,中,白,1524888363,0,b0b29628,2907119497510912,再下苗人凤
919.982,普通弹幕,中,绿,1524884258,0,24aaf518,2907119495938048,粉丝的够了
1183.477,普通弹幕,中,黄,1524883251,0,dd596add,2907119492268032,十月的红莲业火？？
550.137,普通弹幕,中,紫,1524882154,0,2383aa31,2907119491219456,注意左下角男生
107.356,普通弹幕,中,白,1524878806,0,9c2783a7,2907119488598016,魔法目录+1
16.877,普通弹幕,中,白,1524878706,0,9c2783a7,2907119487549440,玩了游戏过来的
157.131,普通弹幕,中,白,1524877999,0,8de0dc07,2907119486500864,あなたの指先が动く电光は、私の人生の不変の信仰である、唯一の超电磁炮永世
267.601,普通弹幕,中,白,1524869661,0,aa98a62f,2907119485452288,这个番有男主 不过出场次数不是很多 印象到是很深刻
243.84,普通弹幕,中,白,1524869540,0,aa98a62f,2907119483355136,夹击妹抖
10.559,普通弹幕,中,白,1524868614,0,ad0b8c61,2907119478112256,指尖跃动的电光，是我此生不灭的信仰，唯我超电磁炮永世长存指尖跃动的电光，是我此生不灭的信仰，唯我超电磁炮永世长存指尖跃动的电光，是我此生不灭的信仰，唯我超电磁炮永世长存指尖跃动的电光，是我此生不
68.0,普通弹幕,中,白,1524867995,0,32ce05cc,2907119474966528,光速打脸
11.622,普通弹幕,中,白,1524867746,0,ecdff17d,2907119473917952,再看一遍
6.539,底部弹幕,中,红,1524854093,0,9a9d3779,2907119472869376,再来一遍
690.731,普通弹幕,中,白,1524852366,0,80bd17b3,2907119470247936,有的！
627.525,普通弹幕,中,白,1524852279,0,80bd17b3,2907119468675072,泥垢了！！！
533.439,普通弹幕,中,白,1524852173,0,80bd17b3,2907119467626496,超能力：上升气流！！！
420.543,普通弹幕,中,白,1524852029,0,80bd17b3,2907119466577920,电击使
336.541,普通弹幕,中,白,1524851909,0,80bd17b3,2907119465529344,体检只检查超能力。
532.226,普通弹幕,中,粉,1524851423,0,ecafad4a,2907119464480768,这个摄影师不错
1168.992,普通弹幕,中,白,1524851366,0,e47432ac,2907119463956480,快扫他脸上的条形码，，，对不起，走错了
504.802,普通弹幕,中,粉,1524851365,0,ecafad4a,2907119462907904,摄影师今晚想吃什么，我请客
202.831,普通弹幕,小,黄,1524849551,0,281441b4,2907119460810752,你指尖跃动的电光，是我此生不变的信仰，唯我超电磁炮永世长存
169.811,普通弹幕,中,白,1524849507,0,281441b4,2907119459762176,你指尖跃动的电光，是我此生不变的信仰，唯我超电磁炮永世长存
877.789,普通弹幕,中,白,1524847343,0,5e940532,2907119458189312,呱太抢镜
392.97,普通弹幕,中,白,1524846841,0,5e940532,2907119457140736,一血上线
771.863,普通弹幕,中,白,1524845491,0,ee518251,2907119455043584,七个葫芦娃
534.372,底部弹幕,中,红,1524842370,0,8f8de8cd,2907119450324992,前方上升气流
225.792,普通弹幕,中,白,1524842231,0,76b5608,2907119449800704,棒棒哒
18.691,普通弹幕,中,白,1524840985,0,82abad55,2907119445606400,安全局女主
12.117,普通弹幕,中,白,1524840966,0,82abad55,2907119445082112,安全裤
72.122,普通弹幕,中,白,1524840035,0,4b03196b,2907119443509248,哈哈
1420.9,普通弹幕,中,黄,1524840011,0,9bcada79,2907119442984960,尼玛飞～
1404.391,普通弹幕,中,黄,1524839986,0,9bcada79,2907119441936384,橘里橘气
911.836,普通弹幕,中,白,1524839888,0,7f2d7dac,2907119439839232,青蛙王子
1174.141,普通弹幕,中,黄,1524839752,0,9bcada79,2907119438790656,纯质阳炎
289.467,底部弹幕,中,黑,1524838503,0,916b8d4c,2907119437217792,说的好
1134.791,普通弹幕,中,白,1524837996,0,eef668ba,2907119435120640,绯琉璃加一
159.883,普通弹幕,中,白,1524837745,0,5f705251,2907119434072064,你指间悦动的电光，是我此生不变的信仰，唯吾超电磁炮永世长存
1442.845,普通弹幕,中,黄,1524837165,0,60e9d2fe,2907119433023488,你指尖跃动的电光，是我此生不变的信仰
1233.988,普通弹幕,中,黄,1524836942,0,60e9d2fe,2907119430402048,你激怒炮姐了
541.568,普通弹幕,中,白,1524836400,0,bb53c742,2907119426732032,L6的上升气流
678.431,普通弹幕,中,黄,1524836339,0,60e9d2fe,2907119425159168,炮姐不会的，对任何人都很亲切
460.831,普通弹幕,中,黄,1524836098,0,60e9d2fe,2907119424110592,投币
423.191,普通弹幕,中,黄,1524836055,0,60e9d2fe,2907119423062016,炮姐:不好意思我硬币掉了
565.694,普通弹幕,中,白,1524835641,0,986da378,2907119420964864,埃罗芒阿SAISAI？
226.399,普通弹幕,中,黄,1524835543,0,60e9d2fe,2907119419392000,你指尖跃动的电光，是我此生不变的信仰
218.039,普通弹幕,中,黄,1524835528,0,60e9d2fe,2907119418343424,你指尖跃动的电光，是我此生不变的信仰
214.899,普通弹幕,中,黄,1524835519,0,60e9d2fe,2907119417294848,你指尖跃动的电光，是我此生不变的信仰
206.279,普通弹幕,中,黄,1524835496,0,60e9d2fe,2907119416246272,你指尖跃动的电光，是我此生不变的信仰
202.059,普通弹幕,中,黄,1524835485,0,60e9d2fe,2907119415197696,你指尖跃动的电光，是我此生不变的信仰
731.918,底部弹幕,中,白,1524834227,0,31634f4a,2907119413100544,Van
28.888,普通弹幕,中,白,1524832357,0,6b9680ae,2907119407857664,活着不好吗？为什么要去惹炮姐
242.667,底部弹幕,中,白,1524832023,0,86a8396c,2907119406809088,前方中文
7.125,底部弹幕,中,白,1524831765,0,86a8396c,2907119405236224,再来一遍
271.524,普通弹幕,中,白,1524831003,0,e2a10613,2907119404187648,请看番外《魔法禁书目录》
156.504,普通弹幕,中,白,1524830856,0,e2a10613,2907119403139072,你指尖跃动的电光，是我此生不变的信仰，唯我超电磁炮永世长存
100.557,普通弹幕,中,白,1524830837,0,15e2b222,2907119402090496,贝蒂
1235.143,普通弹幕,中,白,1524826863,0,b5476621,2907119397896192,向烈士敬礼
27.399,普通弹幕,中,白,1524826698,0,9a7562e1,2907119396847616,快跑
153.535,底部弹幕,中,白,1524826582,0,7292e2d0,2907119394226176,你指尖跃动的电光，是我此生不变的信仰，唯我超电磁炮永世长存！
144.241,普通弹幕,中,白,1524825269,0,a18ea064,2907119392129024,你指尖跃动的电光，是我此生不变的信仰，唯我超电磁炮永世长存！
536.809,底部弹幕,中,红,1524821583,0,d4c24224,2907119390556160,你裙底泄露的春光，是我永世不变的信仰，唯我原味胖次永世长存
212.884,普通弹幕,中,白,1524820079,0,9b373bde,2907119384788992,信仰
1237.538,普通弹幕,中,白,1524817838,0,8f7eb81b,2907119383740416,一路走好
1276.732,普通弹幕,中,白,1524814916,0,431db01f,2907119382691840,bilibibli
1241.005,普通弹幕,中,白,1524814880,0,431db01f,2907119382167552,上天吧
210.189,普通弹幕,中,白,1524813899,0,64f18c6e,2907119379021824,几年前就听过这个，今天来看一下
437.335,普通弹幕,中,白,1524813821,0,431db01f,2907119377448960,暗示投币
166.199,普通弹幕,中,白,1524813243,0,f1e62b0,2907119376400384,站歌起
6.803,普通弹幕,中,白,1524808879,0,235a3272,2907119375351808,炮姐赛高
625.472,普通弹幕,中,白,1524806714,0,7944fdcd,2907119373778944,听歌伏笔
1394.406,普通弹幕,中,白,1524804321,0,873736ad,2907119370633216,后宫＋1
1412.354,普通弹幕,中,白,1524803385,0,152d521a,2907119369060352,皮卡丘
1310.969,普通弹幕,中,白,1524803270,0,152d521a,2907119368011776,雷电法王
153.411,普通弹幕,中,白,1524800742,0,d43341fd,2907119363293184,和谐了？
254.315,底部弹幕,中,黄,1524800368,0,f1c56d70,2907119362244608,橘里橘气
741.723,普通弹幕,中,白,1524794410,0,759d5f8,2907119360671744,总觉得黑子的声音像九命猫
14.549,普通弹幕,中,白,1524792333,0,35c5a73c,2907119358574592,妈耶
624.93,普通弹幕,中,白,1524783456,0,7c2cdda3,2907119354380288,所以说女主是谁
1245.673,普通弹幕,中,白,1524783232,0,e71e0b17,2907119353856000,孩子，活着不好吗？
573.509,普通弹幕,中,白,1524775908,0,9cbf1fe5,2907119351758848,请务必让我来！！！
255.7,普通弹幕,中,白,1524775411,0,9cbf1fe5,2907119350710272,当麻同款拿包法
1419.714,普通弹幕,中,蓝,1524770206,0,29d39005,2907119349661696,爹妈飞的过来我给你上个buff
1125.107,底部弹幕,中,白,1524767349,0,70b8044b,2907119348613120,夹击妹抖
1012.561,普通弹幕,中,白,1524765141,0,1d5c4874,2907119347040256,黑子表情
853.511,普通弹幕,中,白,1524764763,0,1d5c4874,2907119345991680,这腿
500.968,普通弹幕,中,白,1524760282,0,8ad6cd8f,2907119341797376,我也要揉
490.659,普通弹幕,中,白,1524760267,0,8ad6cd8f,2907119340748800,我也要揉
330.899,普通弹幕,中,白,1524759860,0,43316f7a,2907119339700224,黑子声音像凸守
1239.392,普通弹幕,中,白,1524757436,0,486b820a,2907119338651648,投币投币
212.691,普通弹幕,中,黄,1524753316,0,5a16b28c,2907119334981632,你指尖跃动的电光，是我此生不变的信仰，唯我超电磁炮永存
240.115,普通弹幕,中,白,1524753291,0,ce860c88,2907119332884480,信仰怎么被清了(ー ー゛)
1310.966,普通弹幕,中,白,1524752259,0,a85d7b90,2907119329214464,意大利炮
601.644,普通弹幕,中,白,1524752129,0,fd154578,2907119328165888,成哥
878.76,普通弹幕,中,白,1524751817,0,a85d7b90,2907119325544448,不疼吗
95.232,普通弹幕,中,白,1524751779,0,1397615c,2907119324495872,夹鸡妹抖
149.0,普通弹幕,中,白,1524749959,0,c468b8aa,2907119323971584,肥料掺了金坷垃一袋能顶两袋撒   世界肥料都涨价要有金坷垃
930.563,普通弹幕,中,红,1524749820,0,fbefe6b3,2907119322398720,真香
512.949,普通弹幕,中,黄,1524749107,0,33e9b2c7,2907119321350144,橘里橘气
503.669,普通弹幕,中,白,1524749064,0,33e9b2c7,2907119320301568,不就是硬币吗，给你
194.308,普通弹幕,中,粉,1524748518,0,bdb49955,2907119319252992,上琴万岁！
127.241,普通弹幕,中,粉,1524748395,0,bdb49955,2907119318204416,凉凉
117.697,普通弹幕,中,粉,1524748382,0,bdb49955,2907119317155840,就是贝蒂
22.123,普通弹幕,中,白,1524748225,0,bdb49955,2907119315582976,夹击妹抖
152.885,底部弹幕,中,蓝,1524747083,0,f0a5e13d,2907119313485824,你指尖不灭的电光，是我此生不灭的信仰，唯我超电磁炮永世长存！
1329.974,普通弹幕,中,白,1524746318,0,fd40846c,2907119312437248,打路飞
934.185,普通弹幕,中,白,1524746269,0,eda9104d,2907119311388672,面真香
923.582,普通弹幕,中,白,1524745912,0,a5f1e37f,2907119309815808,喜欢呱太
1371.196,底部弹幕,中,黄,1524745829,0,5f735297,2907119308767296,修佛的把
749.502,普通弹幕,中,白,1524745715,0,a5f1e37f,2907119307718656,七个喜羊羊
282.27,普通弹幕,中,白,1524745252,0,fab9da32,2907119306670080,官方吐槽
177.315,普通弹幕,中,白,1524743533,0,2416d39e,2907119305621504,你指尖跃动的电光，是我此生不变的信仰，唯我超电磁炮永世长存。
1245.837,普通弹幕,中,白,1524741150,0,551568eb,2907119301427200,壮士
957.55,普通弹幕,中,白,1524741028,0,63f29d6a,2907119300378624,眼真好
947.614,普通弹幕,中,白,1524740852,0,551568eb,2907119299330048,真香
89.739,普通弹幕,中,白,1524739375,0,adc13ce7,2907119294611456,黑子！！哦哦哦！！
1199.566,普通弹幕,中,白,1524739230,0,dac5ef2f,2907119293562880,明明只有6个
409.744,普通弹幕,中,白,1524736363,0,b15b4cd8,2907119289892864,十一维是所有可能了
151.253,普通弹幕,中,白,1524735627,0,54518d23,2907119288320000,哇完了完了
62.357,普通弹幕,中,白,1524735538,0,54518d23,2907119287271424,魔禁一，某科一，二，魔禁二
25.619,普通弹幕,中,白,1524735398,0,4c0d6d5d,2907119286222848,小混混快跑
275.873,底部弹幕,中,红,1524734997,0,60affd19,2907119285174272,贩卖机:你奏凯Σ(っ °Д °;)っ表过来
1381.551,普通弹幕,中,白,1524728372,0,1b81baf5,2907119283601408,666
289.981,底部弹幕,中,红,1524727970,0,da10af45,2907119282552832,高价回收御坂美琴的安全裤
231.054,底部弹幕,中,红,1524726797,0,c0303e4,2907119275737088,左右大法你妹呀
197.318,底部弹幕,中,红,1524726739,0,c0303e4,2907119274688512,你指尖跃动的电光，是我此生不变的信仰，唯我超电磁炮永世长存！
144.707,底部弹幕,中,红,1524726613,0,c0303e4,2907119273639936,你指尖跃动的电光，是我此生不灭的信仰，唯我超电磁炮永世长存！
109.161,普通弹幕,中,红,1524723601,0,24f69536,2907119271542784,黑子的习惯就是敬语
326.509,普通弹幕,中,白,1524723142,0,1d590295,2907119270494208,日穿什么鬼
41.334,普通弹幕,中,白,1524720573,0,8bdd0321,2907119269445632,小混混快跑啊
1172.308,普通弹幕,中,白,1524717836,0,dce0087a,2907119265775616,裤遁 辣仙根
948.991,普通弹幕,中,白,1524717590,0,dce0087a,2907119265251328,真香
804.052,普通弹幕,中,白,1524717439,0,dce0087a,2907119264202752,王境泽23333
315.359,普通弹幕,中,白,1524712972,0,4f08dc8e,2907119257911296,黑子本身的移动距离很bug的，移动物体才几十米
696.704,普通弹幕,中,白,1524708439,0,fa144fb8,2907119255814144,我已迷上门口人老头～
848.956,普通弹幕,中,白,1524707728,0,af4b0a37,2907119254765568,脸疼吗？
1252.354,普通弹幕,中,白,1524700235,0,4b12e492,2907119251619840,敢打风暴指挥官
693.112,普通弹幕,中,白,1524699653,0,4b12e492,2907119251095552,男主是希灵皇帝
642.97,普通弹幕,中,白,1524699566,0,4b12e492,2907119248474112,风景指挥官换装了
138.205,普通弹幕,中,白,1524699016,0,4b12e492,2907119243755520,上吧皮卡丘
940.469,普通弹幕,中,白,1524687457,0,f8bb38a9,2907119241658368,啪啪啪啪啪
1114.023,普通弹幕,中,白,1524675213,0,eae09ed1,2907119239561216,蝎的傀儡
101.015,普通弹幕,中,白,1524675128,0,33929e49,2907119238512704,等等等等，是不是玉藻猫的配音？？
152.116,普通弹幕,中,白,1524672403,0,1d4f7896,2907119236939776,君指先跃动の光は、私の一生不変の信仰に、唯私の超電磁砲永世生き
780.884,普通弹幕,中,白,1524672106,0,bdbc5d0,2907119235891200,百合无限好，就是生不了。正因生不了，所以无限搞。
1083.898,底部弹幕,中,红,1524671073,0,f90d3ddc,2907119231696896,教练：可以，先交学费
1250.571,底部弹幕,中,黄,1524669057,0,256554f4,2907119229075456,风萧萧兮易水寒，壮士一去兮不复还
1201.982,普通弹幕,中,白,1524668512,0,8dcecdb2,2907118604648448,超电磁炮准备就绪
1321.03,普通弹幕,中,白,1524668196,0,a467527,2907118602027008,帅气
531.153,普通弹幕,中,白,1524668077,0,8dcecdb2,2907118600978432,掀裙狂魔准备就绪
463.015,普通弹幕,中,白,1524667988,0,8dcecdb2,2907118599929856,前方高能预警
146.88,普通弹幕,中,白,1524667927,0,4c6cf266,2907118598881280,你指间跃动的电光，是我此生不变的信仰，为我超电磁炮永世长存！
286.676,普通弹幕,中,白,1524667802,0,8dcecdb2,2907118598356992,万恶的安全裤
274.879,普通弹幕,中,白,1524667783,0,8dcecdb2,2907118597308416,前方高能
142.505,普通弹幕,中,白,1524667643,0,8dcecdb2,2907118596259840,战歌起
141.104,底部弹幕,中,红,1524667480,0,a72e5ef1,2907118595211264,战歌起
158.101,普通弹幕,中,白,1524667169,0,a467527,2907118593114112,战歌嗷嗷
173.759,普通弹幕,中,蓝,1524666654,0,49ebc51b,2907118591541248,突然发现原来听过的
1114.896,普通弹幕,中,白,1524666304,0,40a52611,2907118590492672,蝎？
1244.23,普通弹幕,中,白,1524664402,0,f86e1d02,2907118586298368,壮士走好
165.443,普通弹幕,中,白,1524663678,0,62befe17,2907118583676928,战歌起
171.907,普通弹幕,中,白,1524663402,0,b6767b00,2907118582628352,中指跃动的电光，是你们的信仰
39.757,普通弹幕,中,白,1524661744,0,3a35529f,2907118581579840,从魔禁来的
1240.233,普通弹幕,中,白,1524660399,0,e4bbbd6c,2907118581055488,活着不好吗？
209.536,普通弹幕,中,白,1524659307,0,e4bbbd6c,2907118577909760,不清屏的话你要加载一年
103.916,普通弹幕,中,白,1524659185,0,e4bbbd6c,2907118576861184,写作黑子，读作变态
54.821,普通弹幕,中,白,1524659114,0,e4bbbd6c,2907118575812608,小混混，活着不好吗
0.837,底部弹幕,中,红,1524658913,0,c5e76415,2907118575288320,恭喜发现镇店之宝
4.677,底部弹幕,中,红,1524658894,0,c5e76415,2907118574239744,:::
1.438,普通弹幕,中,白,1524658880,0,c5e76415,2907118572666880,恭喜发现镇店之宝
1327.773,普通弹幕,中,白,1524658163,0,5b8ce904,2907118571094016,孩子被黑长直抱着啊
1450.033,底部弹幕,中,白,1524657351,0,1fa609cf,2907118567948288,我就是男主
193.731,普通弹幕,中,白,1524653776,0,a53f37cb,2907118566899712,前面说活在op的男主 这是番外炮姐是主角
874.207,普通弹幕,中,白,1524653616,0,e64a73,2907118566375424,电玩城是电信disco？
26.918,普通弹幕,中,白,1524653482,0,a53f37cb,2907118565326848,炮姐声音变了
338.971,普通弹幕,中,红,1524653265,0,91021dd9,2907118562705408,御坂美琴炮姐!
1292.249,普通弹幕,中,白,1524650363,0,489943a2,2907118559035392,投币投币
1010.916,普通弹幕,中,白,1524650076,0,489943a2,2907118557986816,真正的粉丝
934.846,普通弹幕,中,白,1524649994,0,489943a2,2907118555889664,暴力暴力
92.757,普通弹幕,中,白,1524645991,0,1dd0e7eb,2907118554316800,打脸
1242.366,普通弹幕,中,黄,1524645780,0,986bee0d,2907118553268224,壮士走好
1114.847,普通弹幕,中,黄,1524645645,0,986bee0d,2907118552219648,这里劫匪和小混混是最危险的职业
383.628,普通弹幕,中,黄,1524644836,0,986bee0d,2907118551171072,一血光子
256.679,普通弹幕,中,黄,1524644693,0,986bee0d,2907118550122496,看一方的最好去魔禁，这里的一方是黑的
146.079,普通弹幕,中,黄,1524644561,0,986bee0d,2907118549598208,战歌起
99.199,普通弹幕,中,白,1524644505,0,986bee0d,2907118548549632,夹鸡妹抖
1244.809,普通弹幕,中,白,1524642146,0,708f7602,2907118546452480,兄台  一路走好
1172.289,普通弹幕,中,白,1524642067,0,708f7602,2907118545403904,纯质阳炎么
369.216,普通弹幕,中,白,1524639121,0,39ec84cc,2907118543831040,混乱ing
316.267,普通弹幕,中,白,1524639068,0,39ec84cc,2907118541733888,STDM
262.124,普通弹幕,中,白,1524639014,0,39ec84cc,2907118541209600,no smoking
228.29,普通弹幕,中,白,1524638980,0,39ec84cc,2907118540161024,进口货
1363.541,普通弹幕,中,白,1524636767,0,3f599e52,2907118539112448,卫宫切嗣
184.006,普通弹幕,中,白,1524633110,0,be219e4b,2907118538063872,only our bilibili
275.466,普通弹幕,中,白,1524631208,0,2bf44da9,2907118537015296,售货机快跑
215.259,普通弹幕,中,白,1524630271,0,82008b8d,2907118535966720,你指尖跃动的光，是我此生不变的信仰，喂我超电磁炮永存
1421.368,底部弹幕,中,红,1524627678,0,7574944a,2907118534918144,确认过眼神
1115.432,底部弹幕,中,红,1524627344,0,7574944a,2907118533869568,催佛 麦克 富兰克林
1097.152,普通弹幕,中,白,1524627310,0,7574944a,2907118532820992,催佛的那个你过来 我麦克找你有事商量
823.511,普通弹幕,中,白,1524621399,0,cae4d2ee,2907118530723840,后宫壹号
704.377,普通弹幕,中,白,1524621244,0,cae4d2ee,2907118529150976,马上吃冰淇淋
1304.296,普通弹幕,中,白,1524614912,0,42e89e15,2907118528102400,毁坏货币
1456.432,普通弹幕,中,黄,1524585094,0,87d114d9,2907118522335232,你特么才不正常呢
55.091,普通弹幕,中,白,1524584703,0,53fa5003,2907118521286656,挖掘机
341.632,普通弹幕,中,黄,1524583967,0,87d114d9,2907118519713792,在这里没有上琴只有黑琴 黑琴赛高
34.801,普通弹幕,中,白,1524583773,0,e991bbb6,2907118518665216,Electric shock
1073.076,普通弹幕,中,白,1524583560,0,ca820b18,2907118517616640,魔法劫匪？
257.002,普通弹幕,中,白,1524582804,0,6b80888,2907118516568064,九尾猫九尾猫 九尾猫
127.814,普通弹幕,中,白,1524582694,0,6b80888,2907118515519488,九尾猫
157.204,普通弹幕,中,白,1524582036,0,453e9301,2907118512898048,好好听啊
141.055,普通弹幕,中,白,1524582016,0,453e9301,2907118511849472,战歌起
384.304,普通弹幕,中,白,1524581954,0,7cba82d7,2907118511325184,男的举个抓
245.206,普通弹幕,中,黄,1524581824,0,3afcd5ae,2907118510276608,黑琴赛高
3.775,普通弹幕,中,白,1524581619,0,453e9301,2907118508179456,大爱炮姐
82.696,普通弹幕,中,白,1524580279,0,b7a492eb,2907118505558016,打脸
161.163,普通弹幕,中,白,1524580267,0,c87bba4,2907118504509440,炮姐驾到炮姐驾到炮姐驾到炮姐驾到炮姐驾到
181.879,普通弹幕,中,白,1524579386,0,1926045,2907118502412288,啊，这是显卡的味道
18.836,普通弹幕,中,白,1524578800,0,ace9899,2907118498742272,风纪让我想起家教
945.956,普通弹幕,中,白,1524578620,0,24c282cf,2907118497693696,立flag
503.143,普通弹幕,中,白,1524578576,0,1a4f3e0a,2907118496645120,摄影师家加鸡腿
329.13,普通弹幕,中,白,1524578373,0,1a4f3e0a,2907118494547968,请务必让我来检查
687.012,普通弹幕,中,白,1524578076,0,24c282cf,2907118494023680,嗨嗨嗨，醒一醒，都新中国了知道吗
770.467,普通弹幕,中,白,1524577863,0,53e374b7,2907118492975104,橘里橘气
722.627,普通弹幕,中,白,1524577786,0,53e374b7,2907118491926528,老七
33.459,普通弹幕,中,白,1524576989,0,cae4d2ee,2907118490353664,剩下20%是混混
27.023,普通弹幕,中,白,1524575313,0,b4e6e318,2907118487207936,少年走好
40.468,普通弹幕,中,白,1524574509,0,c9edcc43,2907118485635136,魔法禁书目录
204.557,普通弹幕,中,白,1524573687,0,d4911336,2907118484586496,我指尖跃动的电光是我此生不变的信仰唯我超电磁炮永世长存
525.991,普通弹幕,中,蓝,1524572286,0,faf6762b,2907118483013632,无路赛
253.979,普通弹幕,中,蓝,1524571901,0,faf6762b,2907118481965056,很帅
972.655,普通弹幕,中,白,1524571724,0,6e0396f7,2907118480916480,排队买东西的那俩
764.498,底部弹幕,中,橙,1524570594,0,1341c1eb,2907118479867904,李时珍的皮
538.976,底部弹幕,中,橙,1524570517,0,1341c1eb,2907118478819328,泪爷  Lv6  能力：上升气流
387.337,普通弹幕,中,白,1524570354,0,1341c1eb,2907118478295040,一血光子！
68.046,普通弹幕,中,白,1524570008,0,1341c1eb,2907118476722176,打脸了
1412.802,普通弹幕,中,蓝,1524569444,0,1d0fec32,2907118476197888,我也可以呀
950.309,普通弹幕,中,红,1524568305,0,748fade8,2907118474100736,无形的打脸最为致命！！！
31.958,普通弹幕,中,蓝,1524568284,0,6f55f70d,2907118473052160,夹击妹抖
182.738,底部弹幕,中,蓝,1524567856,0,26a16b31,2907118472003584,你指间跳跃的电光是我此生不变的信仰唯我超电磁炮永世长存
165.078,底部弹幕,中,蓝,1524567818,0,26a16b31,2907118471479296,你指间跳跃的电光是我此生不变的信仰，唯我超电磁炮永世长存
162.299,底部弹幕,中,蓝,1524567786,0,26a16b31,2907118470430720,你指间跳跃的电光，是我此生不变的信仰，唯我超电磁炮永世长存
141.918,底部弹幕,中,蓝,1524567737,0,26a16b31,2907118468333568,你指间跳跃的电光，是我此生不变的信仰，唯我超电磁炮永世长存
0.179,底部弹幕,中,蓝,1524567546,0,26a16b31,2907118467284992,你指间跳跃的电光，是我此生不变的信仰，唯我超电磁炮永世长存
242.626,普通弹幕,中,白,1524566117,0,afa8f4a5,2907118464663552,没有男主吗？
1068.163,普通弹幕,中,白,1524560004,0,9dfa24a5,2907118461517824,可丽饼和煎饼果子应该差不多吧
1066.583,普通弹幕,中,白,1524559988,0,9dfa24a5,2907118460469248,kejpa
938.734,普通弹幕,中,白,1524552735,0,78062712,2907118457847808,真香！
1392.989,普通弹幕,中,黄,1524552445,0,3b18cff2,2907118456799232,橘里橘气
1310.03,普通弹幕,中,黄,1524552358,0,3b18cff2,2907118455750656,切！安全裤
1252.269,普通弹幕,中,黄,1524552292,0,3b18cff2,2907118455226368,一路走好
1237.033,普通弹幕,中,白,1524551906,0,c6b0ec19,2907118454177792,壮士一去兮不复还
939.417,普通弹幕,中,白,1524551547,0,c6b0ec19,2907118452080640,233
743.628,普通弹幕,中,白,1524551148,0,345c5bfb,2907118451032064,七侠传
201.374,底部弹幕,中,白,1524551044,0,732c88c5,2907118449983488,你指尖跃动的电光，是我此生不变的信仰，唯我超电磁炮永世长存
208.237,普通弹幕,中,白,1524550041,0,bfb4f51b,2907118447886336,你指间跃动的电光，是我此生不变的信仰，唯我超电磁炮永世长存
212.115,底部弹幕,中,蓝,1524549320,0,5c8a6e01,2907118446837760,你指尖不变的电光是我此生不变的信仰
178.115,普通弹幕,中,白,1524549234,0,5c8a6e01,2907118446313472,嘿嘿
468.707,底部弹幕,中,红,1524547943,0,aaafb218,2907118445264896,炮姐还是有Bcup水准的
147.016,底部弹幕,中,青,1524546464,0,40ae9323,2907118440546304,你指尖跃动的电光是我不变的信仰，唯我超电磁炮永世长存你指尖跃动的电光是我不变的信仰，唯我超电磁炮永世长存
147.016,底部弹幕,中,蓝,1524546454,0,40ae9323,2907118438973440,你指尖跃动的电光是我不变的信仰，唯我超电磁炮永世长存你指尖跃动的电光是我不变的信仰，唯我超电磁炮永世长存
147.016,底部弹幕,中,黄,1524546448,0,40ae9323,2907118437924864,你指尖跃动的电光是我不变的信仰，唯我超电磁炮永世长存你指尖跃动的电光是我不变的信仰，唯我超电磁炮永世长存
6.614,普通弹幕,中,白,1524546388,0,dda3b3a5,2907118437400576,再看一遍
591.159,底部弹幕,中,黄,1524546297,0,70b8044b,2907118434779136,空气再次弥漫着蕉灼的气息
1.442,底部弹幕,中,红,1524546268,0,40ae9323,2907118434254848,你指尖跃动的电光是我不变的信仰，唯我超电磁炮永世长存你指尖跃动的电光是我不变的信仰，唯我超电磁炮永世长存
581.739,底部弹幕,中,黄,1524546254,0,70b8044b,2907118433206272,大橘已定
1141.755,普通弹幕,中,白,1524544836,0,df233b6,2907118431109120,你的傀儡呢？
949.273,普通弹幕,中,白,1524544733,0,9026bb05,2907118430584832,光速打脸还行
1006.414,普通弹幕,中,白,1524543372,0,8db3feb5,2907118429536256,233
752.488,普通弹幕,中,白,1524543128,0,78d62c2d,2907118428487680,武当七侠
118.099,普通弹幕,中,白,1524532001,0,96eabe17,2907118426390528,贝蒂的声线
7.179,普通弹幕,中,白,1524531874,0,96eabe17,2907118425341952,新人参上
976.161,普通弹幕,中,浅绿,1524529925,0,f90999b0,2907118424817664,一顿饭能叛国。哈哈
456.744,普通弹幕,中,白,1524529405,0,f90999b0,2907118423769088,投币投币
171.968,普通弹幕,中,白,1524528516,0,ed8fb61c,2907118422720512,歌不错
3.866,普通弹幕,中,白,1524504871,0,e78cd63f,2907118420623360,呃呃
942.252,普通弹幕,中,白,1524504801,0,2f3d3375,2907118420099072,真香
1387.661,底部弹幕,中,红,1524501318,0,9de792d0,2907118416429056,すごくかっこ良かったよ
1340.167,底部弹幕,中,红,1524501060,0,9de792d0,2907118414856192,铁装好受啊233
1258.227,底部弹幕,中,红,1524500970,0,9de792d0,2907118414331904,你家结标是judgement？
627.695,底部弹幕,中,红,1524500111,0,9de792d0,2907118412234752,幻想御手洗
45.759,底部弹幕,中,红,1524499352,0,9de792d0,2907118411186176,13学区身体检查已全部完成，明天将是第7学区
123.326,普通弹幕,中,白,1524497716,0,11ddff2f,2907118408040448,夹击妹抖
510.022,普通弹幕,中,粉,1524497160,0,35f57ae0,2907118406991872,摄像师。挖下双眼。这事就算了
1250.506,普通弹幕,中,白,1524496723,0,397b2685,2907118405419008,敬礼
142.355,普通弹幕,中,白,1524495887,0,397b2685,2907118403846144,哲也
140.542,普通弹幕,中,白,1524495875,0,397b2685,2907118402273280,黑子
679.611,普通弹幕,中,白,1524495606,0,9026bb05,2907118401748992,一拳一个hop怪
747.019,普通弹幕,中,白,1524494385,0,369b6da8,2907118398603264,万恶之源
1131.194,普通弹幕,中,白,1524494040,0,354851da,2907118397554752,壮士走好
681.276,普通弹幕,中,白,1524494030,0,e4302ad0,2907118396506112,真香
152.714,普通弹幕,中,白,1524493592,0,b9bb28b2,2907118395457600,战歌起
500.918,普通弹幕,中,白,1524493364,0,354851da,2907118393884672,摄像师加鸡腿
1233.942,普通弹幕,中,白,1524492723,0,5737b97e,2907118392311808,壮士走好
1108.841,普通弹幕,中,白,1524492585,0,5737b97e,2907118391263232,劫匪走好
204.201,普通弹幕,中,白,1524492029,0,8782bb5d,2907118389690368,你指尖跃动的电光，是我此生不变的信仰，唯我超电磁炮永世长存!
149.524,普通弹幕,中,白,1524491894,0,8782bb5d,2907118388641856,战歌起
102.805,普通弹幕,中,白,1524491173,0,4f796d8f,2907118387068928,魔法目录来的
203.107,普通弹幕,中,白,1524490292,0,49407e6f,2907118384971776,炮姐
999.239,普通弹幕,中,白,1524489214,0,5737b97e,2907118382874624,傲娇的后果
943.171,普通弹幕,中,白,1524489140,0,5737b97e,2907118381826048,光速打脸
700.306,普通弹幕,中,白,1524488858,0,5737b97e,2907118381301760,其实我是来找一方通行的
552.206,普通弹幕,中,白,1524488691,0,5737b97e,2907118379204608,求路人视角
529.288,普通弹幕,中,白,1524488508,0,5737b97e,2907118378156032,我没忍住倒退了好几遍
386.093,普通弹幕,中,白,1524488252,0,5737b97e,2907118375534592,婚后光子。。。
132.514,普通弹幕,中,白,1524487797,0,5737b97e,2907118374486016,还是我炮姐厉害
819.358,普通弹幕,中,白,1524486884,0,3a2bf6bc,2907118372388864,233
685.64,普通弹幕,中,白,1524486748,0,3a2bf6bc,2907118371340288,男人都没有哪里来的男主
1033.485,普通弹幕,中,白,1524486660,0,d279c767,2907118370291712,没天都精神
645.207,底部弹幕,中,白,1524486463,0,ba0ea434,2907118367670272,法克儿
638.111,底部弹幕,中,白,1524486456,0,ba0ea434,2907118366621696,辣妹儿
9.899,普通弹幕,中,白,1524486412,0,30790458,2907118364524544,没事来一遍
556.179,底部弹幕,中,白,1524486374,0,ba0ea434,2907118363475968,摄影师梁非凡一座
536.143,普通弹幕,中,白,1524486354,0,ba0ea434,2907118362427392,摄影师，你懂得
500.81,普通弹幕,中,白,1524486318,0,ba0ea434,2907118361378816,黑子梁非凡一座
507.019,底部弹幕,中,黄,1524486275,0,ba0ea434,2907118360854528,摄影师加鸡腿
497.581,底部弹幕,中,黄,1524486265,0,ba0ea434,2907118359805952,服装师和道具师今晚和梁非凡一座
478.736,底部弹幕,中,黄,1524486247,0,ba0ea434,2907118358757376,摄影师，你懂得
275.754,底部弹幕,中,黄,1524486043,0,ba0ea434,2907118357708800,贩卖机走好
133.305,底部弹幕,中,白,1524485969,0,ba0ea434,2907118354038784,小混混我敬你是条汉子
558.483,普通弹幕,中,黄,1524484526,0,aa35865b,2907118351941632,橘里橘气
508.958,普通弹幕,中,粉,1524484377,0,aa35865b,2907118351417344,大橘已定
501.678,普通弹幕,中,粉,1524484360,0,aa35865b,2907118350368768,黑琴赛高
480.021,普通弹幕,中,白,1524484289,0,3a2bf6bc,2907118349320192,什么玻璃啊，明天拆了
429.938,普通弹幕,中,黄,1524484205,0,aa35865b,2907118348271616,只是有特色
390.018,普通弹幕,中,黄,1524484150,0,aa35865b,2907118347223040,黑子抱走
365.281,普通弹幕,中,黄,1524484114,0,aa35865b,2907118346174464,这，上茵党
355.297,普通弹幕,中,黄,1524484093,0,aa35865b,2907118345650176,橘里橘气
337.497,普通弹幕,中,粉,1524484064,0,aa35865b,2907118344601600,上茵在此
294.595,普通弹幕,中,黄,1524483995,0,aa35865b,2907118343553024,橘里橘气
265.186,普通弹幕,中,粉,1524483934,0,aa35865b,2907118342504448,男主是黑子！！！
244.886,普通弹幕,中,粉,1524483891,0,aa35865b,2907118341455872,黑琴大法好
599.221,普通弹幕,中,绿,1524483845,0,cdf9c3ad,2907118340407296,黑色
202.685,普通弹幕,中,粉,1524483839,0,aa35865b,2907118339883008,黑琴
136.905,普通弹幕,中,粉,1524483770,0,aa35865b,2907118338834432,黑琴大法好
91.946,普通弹幕,中,粉,1524483714,0,aa35865b,2907118337785856,黑子
21.996,底部弹幕,中,红,1524481377,0,d0c433bb,2907118335688704,小混混快跑
0.138,底部弹幕,中,红,1524481348,0,d0c433bb,2907118334640128,再来一遍
1362.098,底部弹幕,中,红,1524479140,0,6eaca9a8,2907118332018688,伏笔！
1354.718,底部弹幕,中,红,1524479126,0,6eaca9a8,2907118330970112,伏笔！
782.655,底部弹幕,中,黄,1524478535,0,6eaca9a8,2907118328872960,hentai
777.655,底部弹幕,中,黄,1524478521,0,6eaca9a8,2907118328348672,hentai
777.655,底部弹幕,中,黄,1524478517,0,6eaca9a8,2907118327300096,hentai
777.655,底部弹幕,中,黄,1524478511,0,6eaca9a8,2907118326251520,hentai
500.771,底部弹幕,中,黄,1524478221,0,6eaca9a8,2907118325727232,名为黑子，读作hentai，意为真爱
290.032,底部弹幕,中,黄,1524477981,0,6eaca9a8,2907118324678656,名为黑子，读作hentai，意为真爱
122.151,底部弹幕,中,黄,1524477568,0,6eaca9a8,2907118322581504,名为黑子，读作hentai，意为真爱
907.11,普通弹幕,中,白,1524473340,0,a6b268a9,2907118321008640,真正的粉丝
13.789,普通弹幕,中,白,1524472182,0,1bbb59c0,2907118319960064,新人，
1019.507,普通弹幕,中,白,1524470061,0,e1fb756d,2907118317862912,炮姐的电磁炮威力能打爆瓦尔特的力场吗？
594.462,普通弹幕,中,黄,1524459370,0,aeef8b25,2907118314192896,橘里橘气
564.141,普通弹幕,中,白,1524459196,0,4b85d80f,2907118313144320,有男的
26.199,普通弹幕,中,白,1524458949,0,5737b97e,2907118312095744,壮士走好
151.26,普通弹幕,中,黄,1524458813,0,955e2fd,2907118311571456,你指尖跃动的电光，是我此生不变的信仰
9.201,普通弹幕,中,棕,1524458066,0,b1b62880,2907118310522880,再来第四遍
587.362,普通弹幕,中,红,1524456962,0,6d2aa473,2907118308425792,？？
1437.164,普通弹幕,中,白,1524456491,0,9ea77b25,2907118307377152,野中正幸在做动画！！！！！！！！！！！！
8.019,普通弹幕,中,白,1524455714,0,eb79c721,2907118306328576,再重新看一遍  哈哈哈
1323.95,普通弹幕,中,白,1524453574,0,fb619737,2907118304755712,这年头绑匪也不好干啊
1458.548,普通弹幕,中,白,1524451732,0,9a27b816,2907118303707136,看见没，你不正常
1439.31,普通弹幕,中,白,1524451699,0,9a27b816,2907118302658560,么么哒
13.419,普通弹幕,中,白,1524450749,0,8c1c55ca,2907118301609984,炮姐
557.497,普通弹幕,中,白,1524450561,0,ee6390ca,2907118300561408,男主角泪爷
1319.499,底部弹幕,中,红,1524449897,0,d9cea84f,2907118298988544,AC部233333333
1003.021,底部弹幕,中,红,1524443680,0,b88efe5d,2907118297939968,一条咸鱼
162.921,底部弹幕,中,红,1524442821,0,b88efe5d,2907118296891392,你指尖跃动的电光，是我此生不变的信仰，唯我超电磁炮永世长存。
911.761,普通弹幕,中,白,1524431095,0,9a4fb110,2907118295842816,Baoli
793.218,底部弹幕,中,白,1524430737,0,9a4fb110,2907118294794240,真让人脸扁
791.698,普通弹幕,中,白,1524430714,0,9a4fb110,2907118293745664,真想是连笔
199.68,普通弹幕,中,白,1524425693,0,5b6a5173,2907118292697088,搞半天信仰都错了……电光！
18.92,普通弹幕,中,白,1524423070,0,57d3f629,2907118290599936,小混混快跑啊
11.459,普通弹幕,中,红,1524416968,0,7192bbd3,2907118287978496,再来一遍！！
144.841,普通弹幕,中,白,1524416721,0,608397e9,2907118286929920,你指尖跃动着的电光是我此生不变的信仰
1325.522,普通弹幕,中,白,1524415663,0,bc29f247,2907118285881344,那个孩子...
1252.311,普通弹幕,中,白,1524415560,0,bc29f247,2907118284832768,一路走好
3.539,普通弹幕,中,白,1524413277,0,e4029807,2907118282211328,几秒不见，
167.261,普通弹幕,中,白,1524413070,0,61184066,2907118281162752,我永远记得超电磁炮！
7.739,普通弹幕,中,白,1524412075,0,801d8dae,2907118280114176,第N便
1243.699,普通弹幕,中,白,1524411958,0,d4c5cbbb,2907118279589888,一路走好，大兄弟，我只能目送你到这里了
1409.908,普通弹幕,中,白,1524410824,0,ed027932,2907118277492736,御坂美琴
1249.06,普通弹幕,中,白,1524410512,0,55143be3,2907118276968448,壮士一路走好
183.83,底部弹幕,中,蓝,1524408456,0,e9dec5ba,2907118274871296,你指尖跃动的电光，是我此生不变的信仰，唯我超电磁炮永世长存你指尖跃动的电光，是我此生不变的信仰，唯我超电磁炮永世长存长
179.65,底部弹幕,中,蓝,1524408450,0,e9dec5ba,2907118273822720,你指尖跃动的电光，是我此生不变的信仰，唯我超电磁炮永世长存
176.59,底部弹幕,中,蓝,1524408437,0,e9dec5ba,2907118272774144,你指尖跃动的电光，是我此生不变的信仰，唯我超电磁炮永世长存你指尖跃动的电光，是我此生不变的信仰，唯我超电磁炮永世长存
174.591,底部弹幕,中,蓝,1524408423,0,e9dec5ba,2907118272249856,你指尖跃动的电光，是我此生不变的信仰，唯我超电磁炮永世长存
166.924,底部弹幕,中,蓝,1524408396,0,e9dec5ba,2907118271201280,你指尖跃动的电光，是我此生不变的信仰，唯我超电磁炮永世长存长
165.39,底部弹幕,中,蓝,1524408390,0,e9dec5ba,2907118270152704,你指尖跃动的电光，是我此生不变的信仰，唯我超电磁炮永世长存长
161.151,底部弹幕,中,蓝,1524408383,0,e9dec5ba,2907118269104128,你指尖跃动的电光，是我此生不变的信仰，唯我超电磁炮永世长存长
161.151,底部弹幕,中,蓝,1524408374,0,e9dec5ba,2907118268055552,你指尖跃动的电光，是我此生不变的信仰，唯我超电磁炮永世长存长
161.151,底部弹幕,中,蓝,1524408370,0,e9dec5ba,2907118267006976,你指尖跃动的电光，是我此生不变的信仰，唯我超电磁炮永世长存长
158.87,底部弹幕,中,蓝,1524408363,0,e9dec5ba,2907118265958400,你指尖跃动的电光，是我此生不变的信仰，唯我超电磁炮永世长存长
157.27,底部弹幕,中,蓝,1524408359,0,e9dec5ba,2907118264909824,你指尖跃动的电光，是我此生不变的信仰，唯我超电磁炮永世长存长
155.41,普通弹幕,中,蓝,1524408351,0,e9dec5ba,2907118263861248,你指尖跃动的电光，是我此生不变的信仰，唯我超电磁炮永世长存你指尖跃动的电光，是我此生不变的信仰，唯我超电磁炮永世长存
149.811,普通弹幕,中,蓝,1524408320,0,e9dec5ba,2907118262812672,你指尖跃动的电光，是我此生不变的信仰，唯我超电磁炮永世长存！
149.811,普通弹幕,中,蓝,1524408291,0,e9dec5ba,2907118262288384,你指尖跃动的电光，是我此生不变的信仰，唯我超电磁炮永世长存
246.86,普通弹幕,中,白,1524407503,0,75471d26,2907118260191232,夹击妹抖
342.784,普通弹幕,中,白,1524405824,0,76574efd,2907118259142656,这是女校啊
15.181,普通弹幕,中,白,1524405572,0,890941a2,2907118258094080,再看25遍
196.52,普通弹幕,中,白,1524405554,0,76574efd,2907118257569792,你指尖悦动的电光 是我此生不变的信仰 唯我超电磁炮永世长存
195.1,普通弹幕,中,白,1524405548,0,76574efd,2907118256521216,你指尖悦动的电光 是我此生不变的信仰 唯我超电磁炮永世长存
193.48,普通弹幕,中,白,1524405544,0,76574efd,2907118255472640,你指尖悦动的电光 是我此生不变的信仰 唯我超电磁炮永世长存
189.54,普通弹幕,中,白,1524405536,0,76574efd,2907118254424064,你指尖悦动的电光 是我此生不变的信仰 唯我超电磁炮永世长存
187.62,普通弹幕,中,白,1524405531,0,76574efd,2907118253899776,你指尖悦动的电光 是我此生不变的信仰 唯我超电磁炮永世长存
185.201,普通弹幕,中,白,1524405526,0,76574efd,2907118252851200,你指尖悦动的电光 是我此生不变的信仰 唯我超电磁炮永世长存
170.481,普通弹幕,中,白,1524405509,0,76574efd,2907118251802624,你指尖悦动的电光 是我此生不变的信仰 唯我超电磁炮永世长存
193.947,普通弹幕,中,白,1524405299,0,86075125,2907118250754048,你指尖跃动的电光，是我此生不变的信仰，唯我超电磁炮永世长存
171.481,普通弹幕,中,白,1524404629,0,1abdae0,2907118249705472,你们变了，队形都没了
1395.73,普通弹幕,中,白,1524404477,0,60516c98,2907118248656896,男主当妈
5.851,普通弹幕,中,白,1524403585,0,a880b8d4,2907118246035456,再来一遍
1176.239,普通弹幕,中,白,1524402505,0,a494801,2907118244986880,艾斯的火焰之果
791.591,普通弹幕,中,白,1524402098,0,a494801,2907118242889728,单向百合
509.151,普通弹幕,中,白,1524401445,0,a494801,2907118241841152,百合了
1313.85,普通弹幕,中,白,1524400794,0,3d0cef08,2907118237122560,小孩还在里面呀！！！
1386.568,普通弹幕,中,白,1524400514,0,cb105078,2907118236073984,学海无涯，回头是岸
1272.506,普通弹幕,中,青,1524400014,0,6455d95f,2907118234501120,壮士走好
1242.345,普通弹幕,中,青,1524399978,0,6455d95f,2907118233452544,壮士，走好
1235.226,普通弹幕,中,青,1524399967,0,6455d95f,2907118232403968,骚年，活着不好吗
1503.596,普通弹幕,中,白,1524399798,0,bc729e30,2907118231355392,拉开你裤链啊
938.356,普通弹幕,中,白,1524399782,0,cb105078,2907118230831104,打脸啪啪响
1034.065,普通弹幕,中,青,1524399781,0,6455d95f,2907118229258240,可丽饼，可丽饼，可带劲了
944.828,普通弹幕,中,青,1524399654,0,6455d95f,2907118228209664,光速打脸
770.516,普通弹幕,中,白,1524399598,0,cb105078,2907118227685376,我真的没看错吗
781.869,普通弹幕,中,黄,1524399485,0,6455d95f,2907118226636800,橘里橘气
776.549,普通弹幕,中,白,1524399474,0,6455d95f,2907118225588224,橘里橘气，这计划好
710.24,普通弹幕,中,黄,1524399437,0,bc729e30,2907118224539648,常碎屏表示……抱歉走错了
515.529,普通弹幕,中,白,1524399203,0,6455d95f,2907118222966784,橘里橘气
442.609,普通弹幕,中,白,1524399125,0,6455d95f,2907118221393920,炮姐？
267.114,普通弹幕,中,白,1524399023,0,5697f272,2907118220345344,有男主的
17.493,普通弹幕,中,白,1524398859,0,5697f272,2907118219296768,活着不好吗？
0.938,普通弹幕,中,白,1524398832,0,5697f272,2907118218248192,高举上琴大旗！！！！！
513.076,普通弹幕,中,白,1524397741,0,6d97a4f5,2907118213529600,23333
1031.036,普通弹幕,中,白,1524397658,0,7d47b346,2907118212481024,可带劲了
139.871,普通弹幕,中,青,1524396392,0,6455d95f,2907118210908160,战歌起
130.853,普通弹幕,中,青,1524396373,0,6455d95f,2907118209859584,炮姐的技能
81.751,普通弹幕,中,青,1524396318,0,6455d95f,2907118208811008,炮姐开技能了
25.947,普通弹幕,中,青,1524396279,0,6455d95f,2907118207762432,小混混，活着不好吗
361.162,普通弹幕,中,白,1524396205,0,f08221f,2907118204616704,上方赛高
325.122,普通弹幕,中,绿,1524396160,0,f08221f,2907118203568128,这绿灯的走路姿势。。。
180.06,普通弹幕,中,白,1524396100,0,21232ea,2907118201995264,你指尖跃动的电光，是我此生不灭的信仰，唯我超电磁炮永世长存
152.319,普通弹幕,中,白,1524396069,0,21232ea,2907118200946688,你指尖跃动的电光，是我此生不灭的信仰，唯我超电磁炮永世长存
277.454,普通弹幕,中,白,1524396064,0,f08221f,2907118199898112,大象踢腿!
149.459,普通弹幕,中,白,1524396061,0,21232ea,2907118198849536,你指尖跃动的电光，是我此生不灭的信仰，唯我超电磁炮永世长存
147.779,普通弹幕,中,白,1524396056,0,21232ea,2907118198325248,你指尖跃动的电光，是我此生不灭的信仰，唯我超电磁炮永世长存
146.219,普通弹幕,中,白,1524396052,0,21232ea,2907118197276672,你指尖跃动的电光，是我此生不灭的信仰，唯我超电磁炮永世长存
276.913,普通弹幕,中,白,1524396004,0,f08221f,2907118196228096,炮姐提包方式和当麻一样
1400.386,普通弹幕,中,白,1524395920,0,1a5d26b,2907118195179520,ee
66.461,普通弹幕,中,白,1524395484,0,376ad51f,2907118193606656,打脸
60.08,普通弹幕,中,白,1524395473,0,376ad51f,2907118192033792,打脸了
1197.467,底部弹幕,中,蓝,1524394914,0,bd0a3052,2907118191509504,人体描边（滑稽）
170.281,普通弹幕,中,白,1524394781,0,d5f871df,2907118190460928,大爱炮姐
507.8,普通弹幕,中,白,1524394131,0,d74bce80,2907118188363776,然而你更平
532.523,普通弹幕,中,白,1524393796,0,24c282cf,2907118187839488,色会色会
394.621,普通弹幕,中,白,1524393705,0,60516c98,2907118186790912,其实他很像女帝
1022.551,普通弹幕,中,黄,1524391924,0,256554f4,2907118183645184,纳豆有的是咸的有的是臭的
137.612,普通弹幕,中,深蓝,1524391704,0,3831cd1,2907118182072320,额黑子你不打篮球了
320.44,普通弹幕,中,白,1524391241,0,24c282cf,2907118181023744,kinov reporting!
166.225,普通弹幕,中,白,1524390571,0,24c282cf,2907118177878016,纳米核心即视感
141.166,普通弹幕,中,白,1524390000,0,1511d105,2907118176829440,773603755
1117.766,普通弹幕,中,白,1524388804,0,eae09ed1,2907118175780864,蝎?
812.146,普通弹幕,中,白,1524388588,0,cc0e65a,2907118175256576,打扰了打扰了
512.509,普通弹幕,中,白,1524388255,0,cc0e65a,2907118174208000,摄影师。这鸡腿给你了
437.786,普通弹幕,中,白,1524387258,0,55bda6b4,2907118171062272,贝蒂的声
785.02,普通弹幕,中,黄,1524387141,0,8f7eb81b,2907118170013696,橘里橘气
1309.578,普通弹幕,中,白,1524385421,0,5e30f581,2907118168965120,男主呢
11.699,普通弹幕,中,白,1524384641,0,1d1484fa,2907118166867968,努比亚前来应战
244.268,普通弹幕,中,白,1524384556,0,5e30f581,2907118165819392,中文？
1448.96,普通弹幕,中,白,1524382673,0,5801f904,2907118162673664,上铃万岁 黑琴赛高
144.079,普通弹幕,中,白,1524380060,0,88feed29,2907118160052224,前方高能预警
24.059,普通弹幕,中,白,1524379938,0,88feed29,2907118159003648,前方高能预警
21.039,普通弹幕,中,白,1524379931,0,88feed29,2907118157955072,非战斗人员请撤离
100.836,普通弹幕,中,白,1524379327,0,43c23f69,2907118153760768,加急没逗
143.41,普通弹幕,中,白,1524378641,0,804e5afb,2907118152187904,战歌，起
140.8,普通弹幕,中,黄,1524378542,0,b9b47336,2907118151139328,你指尖跃动的电光，是我此生不变的信仰，唯我超电磁炮永世长存！！ 你指尖跃动的电光，是我此生不变的信仰，唯我超电磁炮永世长存！！
466.928,普通弹幕,中,黄,1524378078,0,9fedee4c,2907118150090752,投啦
592.063,底部弹幕,中,红,1524377735,0,f50eba72,2907118149042176,抱歉，初春头上的花是人工花，去看魔法禁书目录的SP就知道了
533.725,底部弹幕,中,红,1524377626,0,f50eba72,2907118147993600,您的好友：佐天泪子即将上线
515.262,底部弹幕,中,红,1524377554,0,f50eba72,2907118146945024,黑子，一路走好啊
1488.547,普通弹幕,中,绿,1524376482,0,498deebe,2907118145896448,我是古天乐
1222.4,普通弹幕,中,白,1524375740,0,51b3a2e9,2907118144323584,前方高能预警
717.784,普通弹幕,中,白,1524375214,0,51b3a2e9,2907118143275008,七个白雪公主和一个小矮人
6.919,普通弹幕,中,白,1524374755,0,947e8dfe,2907118142226432,炮姐好
1232.009,普通弹幕,中,白,1524374700,0,531ec69a,2907118141177856,真爽
811.16,普通弹幕,中,白,1524374604,0,e02493b9,2907118140129344,学名黑子，读作变态，意义真爱
156.16,普通弹幕,中,红,1524373542,0,531ec69a,2907118139080704,战歌起
1315.631,普通弹幕,中,白,1524373021,0,c8e7046b,2907118137507840,打底裤？保险裤？(ﾉಥ益ಥ)
1249.892,普通弹幕,中,白,1524371908,0,412dfabb,2907118133313536,壮士走好
27.999,普通弹幕,中,红,1524371675,0,b9818395,2907118131740672,活着不好吗混混？
1244.185,普通弹幕,中,白,1524371488,0,e481c310,2907118130692096,凉凉
730.292,普通弹幕,中,白,1524371265,0,97753e30,2907118129643520,77777777
812.71,底部弹幕,中,粉,1524370917,0,4c99d901,2907118128594944,好听吗?好听就是好锅
777.212,底部弹幕,中,粉,1524370831,0,4c99d901,2907118128070656,电脑配件
636.32,底部弹幕,中,粉,1524370686,0,4c99d901,2907118127022080,幻想御手
1253.637,普通弹幕,中,白,1524370435,0,8ba17823,2907118125973504,壮士一路走好！！！！
939.218,底部弹幕,中,绿,1524370007,0,eaffd6c7,2907118124924928,真香
935.207,底部弹幕,中,红,1524369998,0,eaffd6c7,2907118124400640,真香
140.544,普通弹幕,中,白,1524369867,0,e7429dec,2907118123352064,你指间跃动的电光，是我此生不灭的信仰，唯我超电磁炮永世长存！
211.781,普通弹幕,中,白,1524369500,0,d733ef0b,2907118122303488,你指尖跃动的电光是我此生不变的信仰，唯我超电磁炮永世长存
154.957,普通弹幕,中,红,1524369431,0,35b73778,2907118121254912,指先が跃动している电光は、私の変わらない信仰で、私の超电磁炮と世长存である
154.957,普通弹幕,中,红,1524369423,0,35b73778,2907118120206336,指先が跃动している电光は、私の変わらない信仰で、私の超电磁炮と世长存である。
745.792,底部弹幕,中,红,1524368902,0,f50eba72,2907117538770944,前方黑子的计谋被发现
274.689,底部弹幕,中,红,1524368389,0,f50eba72,2907117537722368,前方45°斜脚踢
597.069,普通弹幕,中,黄,1524367870,0,3d0cef08,2907117537198080,橘里橘气
941.505,普通弹幕,中,白,1524366738,0,48a878da,2907117535100928,光速打脸
75.443,普通弹幕,中,白,1524366737,0,9ef0be9a,2907117534052352,脸好疼
572.121,普通弹幕,中,白,1524366061,0,8e528a4d,2907117530382336,这还不错
281.632,普通弹幕,中,白,1524366048,0,48a878da,2907117529333760,心疼
70.497,普通弹幕,中,白,1524365900,0,48a878da,2907117528809472,光速打脸
291.382,普通弹幕,中,白,1524365774,0,8e528a4d,2907117525663744,万恶的安全裤
173.842,底部弹幕,中,黄,1524362982,0,ddf50f19,2907117512032256,你指间跃动的电光，是我此生不变的信仰，唯我超电磁炮永世长存
146.834,底部弹幕,中,黄,1524362952,0,ddf50f19,2907117511507968,你指间跃动的电光，是我此生不变的信仰，唯我超电磁炮永世长存
146.16,底部弹幕,中,黄,1524362942,0,ddf50f19,2907117510459392,你指间跃动的电光，是我此生不变的信仰，唯我超电磁炮永世长存
144.059,底部弹幕,中,黄,1524362938,0,ddf50f19,2907117509410816,你指间跃动的电光，是我此生不变的信仰，唯我超电磁炮永世长存
1.467,底部弹幕,中,黄,1524362737,0,ddf50f19,2907117508362240,恭喜你发现镇店之宝
334.043,普通弹幕,中,白,1524362232,0,9dc4ebb7,2907117506265088,老中医弹你
513.118,普通弹幕,中,白,1524361890,0,f2d568a3,2907117505740800,233
1489.964,普通弹幕,中,白,1524361534,0,cff998c7,2907117504692224,这番没男主吗
843.836,普通弹幕,中,白,1524361350,0,24885794,2907117503643648,有男主吗？
156.289,普通弹幕,中,白,1524361206,0,642fefa2,2907117502595072,姜玉龙的战歌
1242.422,底部弹幕,中,红,1524358311,0,d1f6e9f6,2907117499449344,壮士一路走好
64.899,普通弹幕,中,白,1524357732,0,2cba12fd,2907117498925056,光速打脸
55.139,普通弹幕,中,白,1524357710,0,2cba12fd,2907117497876480,哈哈哈
1320.914,普通弹幕,中,白,1524357634,0,eb58fb9e,2907117496827904,安全裤
1315.282,普通弹幕,中,白,1524357616,0,eb58fb9e,2907117495779328,阿，安全裤
1239.164,普通弹幕,中,白,1524357520,0,eb58fb9e,2907117494730752,活着不好吗？
938.578,普通弹幕,中,白,1524357277,0,eb58fb9e,2907117493682176,光速打脸
143.39,底部弹幕,中,蓝,1524357159,0,d1f6e9f6,2907117493157888,你指尖跃动的电光，是我此生不变的信仰，唯我超电磁炮永世长存。
1068.079,底部弹幕,中,白,1524356859,0,9df75e49,2907117492109312,因为ATM机加钞（黑人脸）
144.234,普通弹幕,中,白,1524356494,0,eb58fb9e,2907117491060736,你指间越过的电光，是我此生不变的信仰，
77.589,普通弹幕,中,白,1524356349,0,eb58fb9e,2907117490012160,光速打脸
9.301,普通弹幕,中,白,1524356260,0,eb58fb9e,2907117488963584,再看一遍
110.673,普通弹幕,中,白,1524355337,0,94c9e054,2907117487390720,有这么被动的暴徒吗
1171.125,普通弹幕,中,白,1524350285,0,daef37b1,2907117485293568,陨落心炎
50.569,普通弹幕,中,白,1524334921,0,b4ba3bef,2907117474283520,你继续编吧！
29.49,普通弹幕,中,白,1524334869,0,dd8d68c1,2907117473759232,来听战歌（颜表立
871.296,普通弹幕,中,白,1524333371,0,fc0e406b,2907117472710656,上条式拿包
1263.625,普通弹幕,中,白,1524332594,0,e505bd24,2907117470613504,还是跑吧
1239.859,普通弹幕,中,白,1524332555,0,e505bd24,2907117469564928,一路走好
835.183,普通弹幕,中,白,1524331019,0,86e2e9b7,2907117466419200,不不不，你是风暴指挥官
142.588,普通弹幕,中,黄,1524330994,0,5d1e5f6c,2907117465894912,你指尖跃动的电光，是我此生不灭的信仰，唯我超电磁炮永世长存！
628.091,普通弹幕,中,白,1524330803,0,86e2e9b7,2907117464846336,你可是风暴指挥官
346.971,普通弹幕,中,绿,1524329726,0,c7fce2a9,2907117462749184,方琴邪教路過
677.46,普通弹幕,中,白,1524329152,0,e505bd24,2907117459603456,长门有C那个看箭       ＜一一一一一一一巛巛
512.96,普通弹幕,中,白,1524328933,0,e505bd24,2907117458554880,水会导电……其他人……
694.958,普通弹幕,中,白,1524328826,0,320c4d46,2907117457506304,削板军霸表示我也是有骨气的正常人
446.911,普通弹幕,中,白,1524328825,0,e505bd24,2907117456457728,相应动量只有10kg·m／s不到，不可能打飞小轿车
442.901,普通弹幕,中,白,1524328716,0,e505bd24,2907117455409152,当妈会被炽热的空气烫到吧
283.595,普通弹幕,中,白,1524328650,0,8616f8fe,2907117454360576,万恶的安全裤
343.936,普通弹幕,中,白,1524328580,0,e505bd24,2907117453312000,上all邪教在此
734.62,普通弹幕,中,黄,1524328219,0,8ecd3d64,2907117451739136,听着这声音总是想到没鼻子
143.274,普通弹幕,中,白,1524328053,0,e505bd24,2907117450690560,战歌起
16.896,普通弹幕,中,白,1524327890,0,e505bd24,2907117448593408,活着不好吗
552.211,普通弹幕,中,白,1524326607,0,f3c3bfac,2907117446496256,都是女的，连个男的人影都找不到，你害羞什么
546.476,普通弹幕,中,白,1524326525,0,cb44b8b8,2907117444923392,LV6[上升气流]
786.408,普通弹幕,中,白,1524325864,0,9cdf13c2,2907117443874816,终于知道为啥是百合剧了
939.497,普通弹幕,中,白,1524325489,0,589ac78d,2907117443350528,只要有利于国家……
150.321,普通弹幕,中,白,1524325107,0,7453d682,2907117442301952,你指尖跃动的电光是我永生不变的信仰，唯我超电磁炮永存
145.901,普通弹幕,中,白,1524325079,0,7453d682,2907117441253440,战歌起！
15.229,普通弹幕,中,白,1524324994,0,9cdf13c2,2907117440729088,为啥说这是百合剧
15.393,普通弹幕,中,白,1524323379,0,799b995c,2907117436010496,我也是，再看一遍。
3.707,普通弹幕,中,白,1524322491,0,40bc2df0,2907117430767616,hi兄弟们
1251.338,普通弹幕,中,白,1524321259,0,3e2df702,2907117426049024,壮士走好
640.765,普通弹幕,中,黄,1524319427,0,716ecd7c,2907117425000448,一起帮老e拔毛~
483.505,普通弹幕,中,黄,1524319210,0,716ecd7c,2907117423951872,摄像师今晚和梁非凡一起睡
776.81,普通弹幕,中,白,1524318844,0,c521227d,2907117422903296,电脑配件
773.41,普通弹幕,中,白,1524318834,0,c521227d,2907117422379008,NB啊！计划的这么好
7.253,普通弹幕,中,白,1524318722,0,d5e4d41,2907117420281856,恭喜炮姐BGM上跑男
1247.139,普通弹幕,中,白,1524318560,0,8a86e666,2907117419233280,一路走好
1249.234,底部弹幕,中,黑,1524318542,0,511b377c,2907117418184704,风萧萧兮易水寒，壮士一去兮不复返
272.657,底部弹幕,中,白,1524318446,0,35a8d325,2907117417136128,经典画面
701.398,普通弹幕,中,白,1524318123,0,3340b111,2907117415563264,发科儿～
279.917,普通弹幕,中,黄,1524318057,0,9d7cf4ec,2907117414514688,黑子姿势45°好评
1306.463,普通弹幕,中,白,1524317882,0,8018b445,2907117413466112,不是杨永信嘛
21.267,普通弹幕,中,白,1524317305,0,787cbe90,2907117411368960,现在跑还来的急，兄弟
23.652,普通弹幕,中,白,1524317292,0,4f87ea76,2907117410320384,再来一次
1261.117,普通弹幕,中,白,1524316964,0,416a3b66,2907117409271808,夹击妹抖
1211.297,普通弹幕,中,白,1524316796,0,cb58983f,2907117408223232,话说泪爷还真爱趴着嗅呢
870.749,普通弹幕,中,白,1524316414,0,cb58983f,2907117407174656,当妈同款背包姿势
1308.681,普通弹幕,中,黄,1524316232,0,355fd5a5,2907117406650368,又穿这种低俗的东西
525.733,普通弹幕,中,白,1524315988,0,cb58983f,2907117404553216,无路赛 无路赛 无路赛 无路赛 无路赛
361.781,普通弹幕,中,白,1524315784,0,cb58983f,2907117403504640,确实是女校啊！
308.576,普通弹幕,中,白,1524315720,0,cb58983f,2907117402456064,确实没品
150.133,普通弹幕,中,白,1524315513,0,cb58983f,2907117401407488,炮姐赛高
26.251,普通弹幕,中,白,1524315380,0,cb58983f,2907117400358912,夹鸡妹抖
1402.551,普通弹幕,中,白,1524313541,0,77c3cc74,2907117395640320,泪爷不就是这季男主吗
19.173,普通弹幕,中,白,1524313216,0,1a3d6f29,2907117393018880,鎮站之寶
1395.707,底部弹幕,中,橙,1524312909,0,1426bb30,2907117391970304,橘里橘气
1397.095,底部弹幕,中,黄,1524312872,0,1426bb30,2907117390921728,橘里橘气
1396.129,底部弹幕,中,黄,1524312829,0,1426bb30,2907117389873152,橘里橘气
531.868,普通弹幕,中,白,1524311925,0,ea210e27,2907117387251712,嘿嘿
941.429,底部弹幕,中,黄,1524310671,0,8d44402d,2907117386203136,真香
469.533,底部弹幕,中,黄,1524310144,0,8d44402d,2907117385678848,欣喜若狂
583.901,普通弹幕,中,白,1524309441,0,974d7646,2907117383581696,滴  滴滴
655.657,普通弹幕,中,白,1524309001,0,3dd21cab,2907117382533120,霍金真没了
4.438,普通弹幕,中,蓝,1524308909,0,af9424e9,2907117381484544,魔禁来
1037.314,普通弹幕,中,白,1524308451,0,c00cb3b7,2907117380960256,王八红人的歌声，你听过没
202.602,普通弹幕,中,白,1524308294,0,2eeeb3da,2907117379911680,竟然还能看到一半屏幕，不科学
1200.082,底部弹幕,中,红,1524307671,0,836cd944,2907117378863104,脱衣服怎么破
17.362,普通弹幕,中,白,1524307324,0,43b3fba6,2907117377290240,再来一遍0
732.383,底部弹幕,中,红,1524307165,0,836cd944,2907117375193088,看成VAN
155.055,普通弹幕,中,白,1524306809,0,c00cb3b7,2907117374668800,好久没听过原版了
133.706,普通弹幕,中,白,1524306759,0,c00cb3b7,2907117373620288,碳烤
741.795,普通弹幕,中,红,1524306577,0,5f28bae,2907117372571648,VAN
526.667,普通弹幕,中,红,1524306528,0,5f28bae,2907117371523072,摄影师啥也别说了
936.915,普通弹幕,中,白,1524305729,0,7a66e0cf,2907117369425984,光速打脸
152.934,普通弹幕,中,白,1524305628,0,f72d3ca9,2907117368901632,神曲专门赶来听！
567.94,底部弹幕,中,红,1524305224,0,cdc4c2a7,2907117366804480,亚梦的声优诶！！！！
67.137,普通弹幕,中,白,1524304256,0,7a66e0cf,2907117364707328,高速打脸
1003.468,普通弹幕,中,白,1524303567,0,643ddaa3,2907117363134464,又一条失去咸鱼的梦想
1243.336,普通弹幕,中,白,1524302932,0,674c90c4,2907117360513024,壮士走好
739.989,普通弹幕,中,白,1524302453,0,5cd98f52,2907117359464448,其实我一直觉得会有电磁炮这个外传，完全是因为炮姐当年那令人瞠目结舌的人气，电磁炮甚至比禁书人气还高
957.413,普通弹幕,中,白,1524302218,0,d4ebb49f,2907117358415872,铁骨铮铮
383.705,普通弹幕,中,红,1524300054,0,d0cf1512,2907117353697280,一血光子上线
16.142,普通弹幕,中,白,1524299675,0,d0cf1512,2907117352648704,混混安息
1307.862,底部弹幕,中,红,1524298840,0,dca2c958,2907117351600128,当妈狂笑了起来
1280.193,底部弹幕,中,红,1524298800,0,dca2c958,2907117350551552,之巅？？当妈笑了笑
1274.39,底部弹幕,中,红,1524298783,0,dca2c958,2907117348978688,壮士走好，二十年后，依旧是条汉子
1234.987,底部弹幕,中,红,1524298729,0,dca2c958,2907117347930112,一路走好，活着不好吗
244.1,普通弹幕,中,白,1524298698,0,e0f758e0,2907117346881536,夹击妹抖。
442.351,底部弹幕,中,黄,1524298307,0,dca2c958,2907117345832960,当妈可以无视任何法术类功击，所有的一切
531.382,普通弹幕,中,白,1524298034,0,fabe8a34,2907117340590080,摄影师，今晚陪我去一挑龙服务
146.726,底部弹幕,中,黄,1524297980,0,dca2c958,2907117339541504,战歌起！
993.438,普通弹幕,中,白,1524297621,0,8e9ed403,2907117338492928,窒息
245.259,普通弹幕,中,白,1524296879,0,fabe8a34,2907117337444352,夹击妹抖
96.739,普通弹幕,中,白,1524296709,0,fabe8a34,2907117334822912,老黑
158.795,底部弹幕,中,白,1524296377,0,93b1b5d9,2907117332725760,战歌起
17.063,普通弹幕,中,白,1524295734,0,ad7d2cf6,2907117331677184,不会
571.666,普通弹幕,中,白,1524294664,0,583edbfb,2907117329580096,似李 阿尔泰尔！
164.137,普通弹幕,中,白,1524294115,0,643ddaa3,2907117328007168,新人一脸懵
28.459,普通弹幕,中,白,1524293979,0,643ddaa3,2907117326958592,新人新人
164.78,普通弹幕,中,黄,1524293425,0,3b793052,2907117325910016,你指尖跃动的电光，是我此生不变的信仰，唯我超电磁炮永世长存
1235.624,底部弹幕,中,白,1524293228,0,cf171e91,2907117324861440,天呐骚年你完了！
999.593,底部弹幕,中,白,1524292979,0,cf171e91,2907117323812864,哈哈哈哈
158.584,底部弹幕,中,白,1524291161,0,3cc7efd6,2907117321715712,你指尖躍動的電光，是此生不變的信仰，唯我超電磁炮永世長存！
158.584,普通弹幕,中,白,1524291151,0,3cc7efd6,2907117320667136,你指尖躍動的電光，是此生不變的信仰，唯我超電磁炮永世長存！
954.204,普通弹幕,中,白,1524289482,0,ac510b66,2907117319618560,看左下
471.04,普通弹幕,中,白,1524286300,0,d66ce0f6,2907117319094272,噢耶
347.104,普通弹幕,中,白,1524285959,0,394115da,2907117318045696,黑琴党在此
4.621,普通弹幕,中,白,1524284320,0,751b5bb5,2907117315424256,重看一遍
462.05,普通弹幕,中,红,1524283756,0,3c4b62c1,2907117312802816,我嗅到了春天的气息
384.605,普通弹幕,中,红,1524283664,0,3c4b62c1,2907117311754240,对比明显
1319.522,普通弹幕,中,红,1524283273,0,a56b69e1,2907117310705664,都踹成大小眼了。。。
605.691,普通弹幕,中,白,1524282268,0,accfc48f,2907117309132800,黑色
1251.121,普通弹幕,中,白,1524279701,0,ca853158,2907117307035648,壮士一路走好
1241.128,普通弹幕,中,红,1524279178,0,6d5c01a2,2907117305987072,你完了完了
1235.409,普通弹幕,中,红,1524279165,0,6d5c01a2,2907117304938496,你完了
506.942,普通弹幕,中,白,1524278989,0,e56d39e,2907117302317056,我......麻麻，我错了
791.315,普通弹幕,中,黄,1524278201,0,6d5c01a2,2907117296549888,emm
693.939,普通弹幕,中,白,1524277864,0,fb072909,2907117295501312,辣妹儿～法克儿～的够了啊
285.672,普通弹幕,中,白,1524277166,0,2ac53ea5,2907117294977024,妈耶
210.441,普通弹幕,中,红,1524275087,0,e9dec5ba,2907117293928448,你指尖跃动的电光，是我此生不变的信仰，唯我超电磁炮永世长存
151.141,普通弹幕,中,白,1524274993,0,e9dec5ba,2907117292879872,你指尖跃动的电光，是我此生不变的信仰，唯我超电磁炮永世长存
149.974,普通弹幕,中,白,1524274519,0,d1536991,2907117291831296,战歌起
621.715,底部弹幕,中,红,1524274326,0,19ff8162,2907117289209856,百合番，女主炮姐，你说男主是谁
528.744,底部弹幕,中,红,1524274199,0,19ff8162,2907117287112704,这个摄影师很上道啊
618.487,普通弹幕,中,蓝,1524273673,0,f5051271,2907117286064128,万世？哪啊！
728.275,普通弹幕,中,白,1524273619,0,5eba829b,2907117284491264,七罪（约会大作战）
366.883,底部弹幕,中,红,1524271662,0,ff2f7207,2907117280296960,麻呱邪教不服
1305.332,底部弹幕,中,粉,1524271606,0,4234776a,2907117279772672,胖次真的差评，为什么不是粉色
1280.521,底部弹幕,中,黄,1524271525,0,4234776a,2907117278724096,等等，b站貌似就是因这个动画而改的一系列东西吧
513.649,底部弹幕,中,黄,1524270577,0,4234776a,2907117275054080,橘里橘气
477.353,普通弹幕,中,白,1524270376,0,eb78e99f,2907117274529792,前方高能预警
707.281,普通弹幕,中,白,1524269852,0,a784b63b,2907117273481216,泪子我老婆，拔刀吧
119.279,普通弹幕,中,白,1524268919,0,3a013c1d,2907117272432640,你们忘记出包王女里的佩凯了吗？
190.017,底部弹幕,中,白,1524267237,0,ef683370,2907117271384064,永远活在op里的男主
147.469,普通弹幕,中,绿,1524264121,0,55ef2ce7,2907117270859776,哲学出处！
388.194,普通弹幕,中,白,1524261880,0,8ec26123,2907117269811200,婚后光棍
1297.244,普通弹幕,中,白,1524256076,0,917953e3,2907117266665472,一边捂耳朵，还不忘解说
151.98,底部弹幕,中,红,1524255324,0,6c9dda61,2907117263519744,全体起立
150.019,普通弹幕,中,白,1524255310,0,6c9dda61,2907117262471168,全体起立
144.579,普通弹幕,中,白,1524255299,0,6c9dda61,2907117261422592,战歌起
143.726,普通弹幕,中,白,1524254835,0,917953e3,2907117260374016,战歌起
634.533,普通弹幕,中,黄,1524250457,0,5ec8b36,2907117259849728,妖王
634.533,普通弹幕,中,白,1524250431,0,5ec8b36,2907117258276864,妖王
947.942,普通弹幕,中,白,1524249888,0,def2911e,2907117257228288,打脸方式近乎暴力
708.864,普通弹幕,中,白,1524249438,0,be8cc3ad,2907117255655424,七剑下天山
1194.099,普通弹幕,中,白,1524248732,0,ceaf1f4f,2907117254606848,夕阳红针法
940.443,普通弹幕,中,白,1524248423,0,ceaf1f4f,2907117254082560,好看吗？好看就是好脸
542.944,普通弹幕,中,白,1524247828,0,876ca69d,2907117253033984,摄影我带你去吃贝爷
576.969,普通弹幕,中,白,1524247533,0,3ebeb054,2907117251985408,一群动员兵
551.636,普通弹幕,中,白,1524246063,0,57e4a0bd,2907117250936832,胖次狂魔。
538.58,普通弹幕,中,白,1524246015,0,57e4a0bd,2907117249888256,掀裙狂魔。
395.047,普通弹幕,中,白,1524245895,0,57e4a0bd,2907117248315392,一血光子。
1233.491,普通弹幕,中,白,1524245242,0,57e4a0bd,2907117247266816,一路好走。
1283.772,普通弹幕,中,白,1524243104,0,96a3cfca,2907117246218240,活着不好吗兄弟
782.887,普通弹幕,中,白,1524242567,0,96a3cfca,2907117245693952,橘势逆转
572.392,普通弹幕,中,白,1524242335,0,96a3cfca,2907117244645376,橘里橘气
548.669,普通弹幕,中,白,1524242296,0,96a3cfca,2907117243596800,橘势大好
517.181,普通弹幕,中,白,1524242253,0,96a3cfca,2907117243072512,橘里橘气
20.675,普通弹幕,中,白,1524241580,0,afef5fda,2907117240975360,涩会人
1114.781,普通弹幕,中,白,1524240815,0,ce66e9c,2907117240451072,中间的好像蝎的傀儡……
724.608,普通弹幕,中,白,1524240659,0,ffa3d918,2907117239402496,水银灯是你吗？
243.769,普通弹幕,中,白,1524240623,0,e9869e36,2907117238353920,2018+1
1215.904,普通弹幕,中,白,1524239554,0,69d67810,2907117237305344,裙子有这么长吗
24.155,普通弹幕,中,白,1524239410,0,5c15bc98,2907117236256768,不会，混混们快跑！
1308.402,普通弹幕,中,白,1524239347,0,c1d69fe1,2907117235208192,强行解释一波
953.257,普通弹幕,中,白,1524239006,0,12476baf,2907117233111040,男主掉线了一集吗
437.663,普通弹幕,中,红,1524238770,0,e0d820ef,2907117232586752,真声优真的难受
721.325,普通弹幕,中,白,1524238741,0,c1d69fe1,2907117231538176,七人魔法师那男主呢？
182.375,普通弹幕,中,黄,1524238636,0,6eaca9a8,2907117230489600,关掉自动屏蔽和防挡字幕，再把密度调到最高，信仰犹在！
224.072,普通弹幕,中,白,1524237349,0,b307dbbd,2907117226819584,最爱这个op
614.345,普通弹幕,中,白,1524236745,0,779f6c91,2907117225771008,魔法使禁书目录有男主
242.983,普通弹幕,中,白,1524236360,0,779f6c91,2907117223673856,上当麻条呢。
174.507,普通弹幕,中,红,1524234854,0,6096c29a,2907117218955264,你指尖跃动的电光，是我此生不变的信仰。唯我超电磁炮永世长存
956.92,普通弹幕,中,白,1524234548,0,b4009647,2907117217906688,这个场景绝对是世萌得分最高的一个
30.149,普通弹幕,中,白,1524234344,0,7f096fd3,2907117216858112,炮姐好
10.6,普通弹幕,中,白,1524233988,0,eecde97a,2907117215285248,换了手机在来
1298.699,普通弹幕,中,黄,1524233819,0,5b7ba19,2907117213188096,炮姐《一方《当妈《东南亚拳王《炮姐......
161.152,普通弹幕,中,白,1524233121,0,79fd9f10,2907117212139520,你指尖跃动的电光，是我此生不变的信仰
157.056,普通弹幕,中,白,1524233112,0,79fd9f10,2907117211615232,你指尖跃动的电光，是我此生不变的信仰
143.914,普通弹幕,中,白,1524233022,0,79fd9f10,2907117210566656,你指尖跃动的电光，是我此生不变的信仰
546.174,普通弹幕,中,白,1524231901,0,4437588c,2907117207420928,泪爷别闹啦
540.494,普通弹幕,中,白,1524231891,0,4437588c,2907117206372352,我就知道
492.895,普通弹幕,中,白,1524231837,0,4437588c,2907117204275200,美女你谁
1081.112,普通弹幕,中,白,1524230960,0,619f40f9,2907117201129472,一口吃了
345.458,底部弹幕,中,白,1524230943,0,6a42c208,2907117200605184,蜂琴党在此
999.684,普通弹幕,中,白,1524230848,0,619f40f9,2907117198508032,233333
1359.096,普通弹幕,中,白,1524230635,0,355a6636,2907117196410880,这人原名草薙京
1176.014,普通弹幕,中,白,1524230438,0,355a6636,2907117194838016,草薙京
1364.222,底部弹幕,中,白,1524230154,0,b6258d28,2907117193789440,天堂有路你不走，学海无涯苦作舟
1381.999,普通弹幕,中,白,1524230102,0,b6258d28,2907117192740864,天堂有路你不走，学海无涯苦作舟
174.74,普通弹幕,中,白,1524229930,0,49221d5f,2907117191692288,你澡盆间扭动的身躯，是我此生不变的信仰，唯我保加利亚妖王永世长存（滑稽）
1011.506,普通弹幕,中,白,1524229831,0,c78a0a66,2907117190643712,攻略度100％
881.434,普通弹幕,中,白,1524229663,0,c78a0a66,2907117189595136,法夫纳的你等等
764.627,普通弹幕,中,白,1524229497,0,c78a0a66,2907117188022272,买什么药？带上我
501.564,普通弹幕,中,白,1524229176,0,c78a0a66,2907117184876544,摄影师你听过米其林餐厅吗？
151.206,普通弹幕,中,蓝,1524228510,0,f6a39150,2907117184352256,你指尖跃动的电光，是我此生不变的信仰！唯我超电磁炮永世长存
151.206,普通弹幕,中,白,1524228502,0,f6a39150,2907117183303680,你指尖跃动的电光，是我此生不变的信仰！唯我超电磁炮永世长存
158.241,普通弹幕,中,白,1524228336,0,a414a9c6,2907117182255104,谁说初音唱的？
57.569,普通弹幕,中,白,1524228219,0,a414a9c6,2907117180157952,我也要
910.603,普通弹幕,中,白,1524227273,0,5fd63b03,2907117178585088,呱呱太好评。
157.848,普通弹幕,中,白,1524227006,0,d380e95,2907117177536512,你指尖跃动的电光，是我此生不灭的信仰，唯我超电磁炮永世长存
1233.162,普通弹幕,中,白,1524226080,0,40eb3300,2907117176487936,壮士走好。。。
515.102,普通弹幕,中,白,1524224888,0,40eb3300,2907117175963648,黑子走好。。
36.28,普通弹幕,中,白,1524222994,0,9027e3f1,2907117172817920,指尖
146.856,普通弹幕,中,白,1524221807,0,174b9181,2907117170720768,你指尖跃动的电光，是我此生不变的信仰
1251.664,普通弹幕,中,白,1524220152,0,f9ad5957,2907117169147904,小伙子生前是个体面人
1056.931,普通弹幕,中,白,1524219715,0,aa565925,2907117165477888,黑琴
247.299,普通弹幕,中,白,1524219263,0,ca075eff,2907117163905024,炮姐好
526.841,普通弹幕,中,白,1524219217,0,aa565925,2907117162856448,黑琴
143.068,普通弹幕,中,白,1524218086,0,aa565925,2907117161283584,来自fff团  b
211.259,普通弹幕,中,白,1524218076,0,639331,2907117160235008,论投币只服炮姐
192.88,底部弹幕,中,黄,1524216245,0,a56131c6,2907117157089344,你指间跃动的电光，是我此生不变的信仰，唯我超电磁炮永世长存!
182.739,普通弹幕,中,白,1524216217,0,a56131c6,2907117156564992,信仰没了，，，
157.099,底部弹幕,中,白,1524215823,0,e2a3eb49,2907117155516416,哇   原来出自此番，追定了
1201.917,普通弹幕,中,白,1524214284,0,38a44ee5,2907117150797824,这玩意在mc叫危险传送
143.071,普通弹幕,中,红,1524213910,0,be74b4ee,2907117145554944,战歌起！
949.477,普通弹幕,中,白,1524213845,0,38a44ee5,2907117144506368,我好像看到了老闵行
586.001,普通弹幕,中,白,1524213843,0,546dac98,2907117143457792,初春能力保温
327.979,普通弹幕,中,白,1524213573,0,546dac98,2907117141360640,现在树状图还没爆掉
957.944,普通弹幕,中,白,1524213504,0,f6dfeab7,2907117140312064,夏娜跟女二
12.819,普通弹幕,中,白,1524213231,0,546dac98,2907117137690624,再看一遍
158.659,普通弹幕,中,白,1524212637,0,775603c,2907117134544896,没男主(╥ω╥`)  
115.319,普通弹幕,中,白,1524212581,0,775603c,2907117134020608,有男主么
1210.154,普通弹幕,中,白,1524209885,0,d4d96300,2907117130350656,一直想吐槽泪爷你这真是找孩子嘛
147.177,普通弹幕,中,白,1524209294,0,a61a7b60,2907117129302016,战歌起
7.859,普通弹幕,中,粉,1524206696,0,5f283bf5,2907117127204864,再来一遍
467.036,普通弹幕,中,白,1524206584,0,5482344f,2907117126680576,投币投币
460.425,普通弹幕,中,黄,1524205637,0,8d324e4e,2907117125632000,别说战舰世界了，我们WOT能有这十分之一的散布就美滋滋了
5.699,普通弹幕,中,白,1524203025,0,7b73da38,2907117124583424,魔法禁书满足不了我对炮姐的心哦
74.169,普通弹幕,中,白,1524202972,0,f8bf49d1,2907117123534848,哈哈哈
16.579,普通弹幕,中,白,1524202915,0,f8bf49d1,2907117122486272,久闻大名
460.652,普通弹幕,中,白,1524202422,0,52c4fd1e,2907117121437696,说子弹初始也1000m/s，请别忘了一个问题电磁炮是不断加速。子弹出膛开始就减速。。。
1099.802,普通弹幕,中,白,1524200920,0,f7cc18eb,2907117120913408,怪盗基德？？？
306.147,普通弹幕,中,白,1524188668,0,accfc48f,2907117118816256,还有这操作
606.411,普通弹幕,中,白,1524188340,0,d2eb8f0,2907117117767680,男主，何方
922.973,普通弹幕,中,白,1524185486,0,d380e95,2907117116719168,快速打脸
52.456,普通弹幕,中,白,1524185093,0,6c67a33d,2907117116194816,前方打脸
36.779,普通弹幕,中,白,1524159385,0,ee7f9ff9,2907117112524800,S回归许多时刻多一分悲伤
147.329,普通弹幕,中,白,1524159233,0,52c4cca9,2907117111476224,男主？不存在的，怎么可能有男主这种东西！
599.04,普通弹幕,中,白,1524156111,0,de720910,2907117110427648,黑的，黑的^_^
404.719,普通弹幕,中,白,1524155252,0,de720910,2907117109379072,我看你这个送一血的这么嚣张
25.208,普通弹幕,中,白,1524154987,0,91b23ae8,2907117108330496,再来一次
1017.501,普通弹幕,中,白,1524153327,0,1b025a7b,2907117106757632,233333
1173.093,普通弹幕,中,白,1524153233,0,7a154b36,2907117104660480,似李！草薙京
6.363,底部弹幕,中,棕,1524151698,0,cdd6ec74,2907117102563328,我老婆
348.949,普通弹幕,中,白,1524151371,0,5e10cd8a,2907117098893312,黑琴
342.805,普通弹幕,中,白,1524151360,0,5e10cd8a,2907117097844736,站黑琴
103.474,底部弹幕,中,红,1524151277,0,4a980f86,2907117096796160,请教一下，为什么这里要用敬语？
161.045,普通弹幕,中,白,1524151167,0,5e10cd8a,2907117096271872,黑子
156.266,普通弹幕,中,白,1524151156,0,5e10cd8a,2907117095223296,炮姐
138.54,普通弹幕,中,白,1524150037,0,8de5ba64,2907117092077568,战歌起！
683.207,普通弹幕,中,白,1524148466,0,7e2045cb,2907117088931840,。。。
679.218,普通弹幕,中,白,1524148454,0,7e2045cb,2907117088407552,男主都没得
271.691,普通弹幕,中,白,1524148215,0,7e2045cb,2907117087358976,my
1398.608,普通弹幕,中,白,1524147356,0,7dc90287,2907117086310400,欧尼桑
1359.719,普通弹幕,中,白,1524146200,0,9425fa58,2907117085261824,克莱因是你吗
1271.402,底部弹幕,中,白,1524145888,0,a3f1de80,2907117083164672,你手中跃动的电光，是我此生不变的信仰，唯我超电磁炮永世长存。
1245.441,底部弹幕,中,白,1524145806,0,a3f1de80,2907117082116096,壮士一路走好
1233.361,底部弹幕,中,白,1524145788,0,a3f1de80,2907117081067520,骚年，你完蛋了
999.096,底部弹幕,中,白,1524145533,0,a3f1de80,2907117080018944,突然失去梦想。
888.024,普通弹幕,中,白,1524145373,0,b387d787,2907117078970368,哇，当着“亚梦”（泪爷）用同款背包法23333333
167.575,普通弹幕,中,白,1524145093,0,4b00cabd,2907117077397504,战歌起
1494.164,普通弹幕,中,白,1524144650,0,98cf1722,2907117076348928,真没彩蛋啊。。。。。。
1337.298,普通弹幕,中,白,1524144573,0,82f83ab5,2907117075300352,雷电法王
143.181,普通弹幕,中,白,1524144538,0,a3f1de80,2907117074776064,战歌起
20.761,普通弹幕,中,白,1524144339,0,a3f1de80,2907117073727488,快跑，我是为了你好。
1041.146,普通弹幕,中,白,1524144242,0,98cf1722,2907117072678912,教坏孩子
44.264,普通弹幕,中,白,1524144155,0,f8dfc5b2,2907117071630336,我是来找一方的，有人知道他在哪吗？
219.46,普通弹幕,中,白,1524143831,0,177fc178,2907117071106048,你指尖跃动的电光，是我此生不灭的信仰，唯我超电磁炮永世长存
217.521,普通弹幕,中,白,1524143826,0,177fc178,2907117070057472,你指尖跃动的电光，是我此生不灭的信仰，唯我超电磁炮永世长存
210.001,普通弹幕,中,白,1524143817,0,177fc178,2907117069008896,你指尖跃动的电光，是我此生不灭的信仰，唯我超电磁炮永世长存
164.241,普通弹幕,中,白,1524143793,0,177fc178,2907117067960320,你指尖跃动的电光，是我此生不灭的信仰，唯我超电磁炮永世长存
182.2,普通弹幕,中,白,1524143786,0,177fc178,2907117067436032,你指尖跃动的电光，是我此生不灭的信仰，唯我超电磁炮永世长存
684.161,普通弹幕,中,白,1524142443,0,3f675cf1,2907117065338880,233
1315.558,底部弹幕,中,白,1524141756,0,30cd400c,2907117064290304,橡胶不起多大作用，汽车模仿的法拉第笼吧电导走，但是硬币的超高温和冲击力无法消除
63.934,普通弹幕,中,白,1524140326,0,dfdbbadc,2907117061668864,记得以前看画质还没有那么好。。。
256.257,普通弹幕,中,白,1524140320,0,cabf4e88,2907117060620288,这剧有男主嘛
731.604,普通弹幕,中,红,1524139600,0,5f28bae,2907117057474560,VAN
660.465,普通弹幕,中,红,1524139531,0,5f28bae,2907117056425984,HOP的果断举………举………举高高
311.817,普通弹幕,中,白,1524139502,0,38a44ee5,2907117055377408,传送使
1295.017,普通弹幕,中,白,1524139324,0,d380e95,2907117053804544,君指先跃动の光は、私の一生不変の信仰に、唯私の超電磁砲永世生き
16.695,普通弹幕,中,白,1524138459,0,d380e95,2907117051707392,君指先跃动の光は、私の一生不変の信仰に、唯私の超電磁砲永世生き
1207.209,普通弹幕,中,白,1524137378,0,5e8f5e99,2907117043843072,佩恩(≧∇≦)同款铁棒哈哈哈哈
66.979,普通弹幕,中,白,1524137211,0,5e8f5e99,2907117042794496,打脸啪啪啪
110.438,普通弹幕,中,白,1524137107,0,98f86954,2907117041745920,百合番漫
719.569,普通弹幕,中,白,1524136853,0,77bcfae3,2907117040697344,史莱克七怪的你，斗罗大陆看多了吧
2.401,普通弹幕,中,白,1524136569,0,80e5f2d,2907117039648768,魔禁过来的举爪 。。。。。。。。。。。。。。。。。。。。。。。。
386.294,普通弹幕,中,白,1524135684,0,c76cf78b,2907117038600192,绿地上线。
691.461,普通弹幕,中,白,1524133870,0,5a942bb3,2907117037551616,我已迷上门口的老头
674.206,普通弹幕,中,白,1524131826,0,1511d105,2907117035978752,御坂美琴
148.246,底部弹幕,中,白,1524125631,0,850f3a8c,2907117034930176,战歌起
779.543,普通弹幕,中,白,1524125108,0,10e040c,2907116454019200,666
10.237,普通弹幕,中,白,1524122459,0,6c2e767e,2907116452446208,在bilibili看bilibili
172.495,底部弹幕,中,白,1524117802,0,4ba0e005,2907116446154752,很久没有跳op了
152.115,底部弹幕,中,白,1524117775,0,4ba0e005,2907116443533312,你指间跃动的电光是我此生不变的信仰
150.595,普通弹幕,中,白,1524117749,0,4ba0e005,2907116443009024,战歌起
11.575,普通弹幕,中,白,1524117577,0,4ba0e005,2907116441960448,再来一次op百听不厌
781.307,普通弹幕,中,白,1524116362,0,7ad268e6,2907116440911872,橘里橘气
612.34,普通弹幕,中,白,1524114813,0,b33859cd,2907116439863296,...
407.764,普通弹幕,中,白,1524114488,0,66b41f57,2907116438814720,贝蒂的加我加我
931.177,普通弹幕,中,白,1524113774,0,4d7cb1e9,2907116438290432,暴力
1246.646,普通弹幕,中,白,1524108534,0,a6b6c45,2907116432523264,壮士走好
614.692,底部弹幕,中,红,1524102691,0,5f07463,2907116430426112,双生武魂
600.862,普通弹幕,中,红,1524085266,0,557fcdfa,2907116429377536,有男主么
1099.388,普通弹幕,中,白,1524078703,0,27ba5eaa,2907116427804672,可丽饼店门口的银行？不应该是银行门口的可丽饼店吗……
151.442,普通弹幕,中,蓝,1524073639,0,57f3853f,2907116425707520,战歌起
276.918,普通弹幕,中,白,1524071509,0,ef15b6f5,2907116425183232,好胸
452.861,普通弹幕,中,白,1524067665,0,465c9514,2907116423086144,明示
73.86,普通弹幕,中,白,1524067088,0,d938c515,2907116420988928,光速打脸啊，啧啧啧
930.587,普通弹幕,中,白,1524064320,0,bba34533,2907116416270336,笑了
1266.778,普通弹幕,中,白,1524064250,0,abf6b9f5,2907116415221760,壮士走好
477.059,普通弹幕,中,白,1524064092,0,75875c,2907116411551744,跑过去的是。。。
50.198,底部弹幕,中,红,1524064090,0,f1f2a64a,2907116410503168,前方打脸高能
208.716,普通弹幕,中,白,1524063670,0,7dec38b9,2907116409454592,大爱炮姐啊
191.779,普通弹幕,中,白,1524063653,0,7dec38b9,2907116408406016,......
181.274,普通弹幕,中,白,1524063642,0,7dec38b9,2907116406308864,大爱炮姐
169.535,普通弹幕,中,白,1524063631,0,7dec38b9,2907116405784576,...
113.352,普通弹幕,中,白,1524063034,0,8f98cc2a,2907116404736000,贝蒂
939.255,底部弹幕,中,蓝,1524062582,0,98316948,2907116403687424,真香
156.586,普通弹幕,中,白,1524062417,0,11619c2a,2907116402638848,战歌你也敢跳？
1438.776,普通弹幕,中,白,1524062397,0,5a76d47d,2907116401590272,本人专治漏电
1307.104,普通弹幕,中,红,1524061777,0,3094ecbf,2907116401065984,炮姐不伤人，控制了力度
620.281,普通弹幕,中,黄,1524061040,0,a80db05c,2907116397920256,上条教主正在拯救世界
600.921,普通弹幕,中,黄,1524061018,0,a80db05c,2907116396871680,上条教主正在拯救世界
475.932,普通弹幕,中,白,1524060940,0,3094ecbf,2907116395823104,炮姐是A，不是平胸，大神凉子这种才是真平
404.56,普通弹幕,中,黄,1524060820,0,a80db05c,2907116395298816,上条教主正在拯救世界
390.841,普通弹幕,中,黄,1524060771,0,a80db05c,2907116394250240,谁敢黑我上条教主
341.42,普通弹幕,中,黄,1524060690,0,a80db05c,2907116393201664,上条教主正在拯救世界
324.099,普通弹幕,中,黄,1524060635,0,a80db05c,2907116392153088,谁敢黑我教主
1173.194,普通弹幕,中,白,1524060630,0,455c87eb,2907116390055936,灭妖神火的你够了
266.366,普通弹幕,中,白,1524060630,0,3094ecbf,2907116391104512,这是本质百合番
24.098,普通弹幕,中,白,1524060540,0,264acf10,2907116388483072,太薄太薄
17.819,普通弹幕,中,黄,1524059707,0,a80db05c,2907116374327296,教主累了，让教主歇会。
14.539,普通弹幕,中,黄,1524059700,0,a80db05c,2907116373278720,教主累了，让教主歇会。
10.659,普通弹幕,中,黄,1524059693,0,a80db05c,2907116372230144,教主累了，让教主歇会。
151.532,普通弹幕,中,红,1524059204,0,cfee4793,2907116370657280,战歌起
4.244,普通弹幕,中,红,1524059016,0,cfee4793,2907116369608704,再来一遍，百看不腻
1258.458,普通弹幕,中,白,1524058911,0,5213c616,2907116368560128,233333
954.314,普通弹幕,中,白,1524058606,0,5213c616,2907116366987264,超电磁炮初速打脸
906.142,普通弹幕,中,白,1524058558,0,5213c616,2907116364890112,旅行呱太
337.896,普通弹幕,中,白,1524058003,0,5213c616,2907116362268672,好骚的绿灯
103.556,底部弹幕,中,黄,1524057491,0,d95c0c4d,2907116359122944,进了看守所里个个都是人才，说话又好好听。
159.326,底部弹幕,中,红,1524056010,0,e08ac3a0,2907116355977216,你指尖跃动的电光是我此生不变的信仰唯我超电磁炮永世长存
146.106,普通弹幕,中,白,1524055989,0,e08ac3a0,2907116354928640,你指尖跃动的电光是我此生不变的信仰唯我超电磁炮永世长存
149.156,普通弹幕,中,白,1524054817,0,9cfb9fb2,2907116353880064,信仰
19.741,普通弹幕,小,白,1524052093,0,69450dfe,2907116351782912,再来一遍
156.317,普通弹幕,中,红,1524051808,0,5c9edde9,2907116351258624,你指尖跃动的电光，是我此生不变的信仰，唯我超电磁炮永世长存。
74.152,普通弹幕,中,白,1524050262,0,568717eb,2907116350210048,光速打脸
1118.631,普通弹幕,中,黄,1524049640,0,664ee5cb,2907116349161472,等一下。。。绯琥流？
949.979,普通弹幕,中,白,1524049435,0,49186f4d,2907116348112896,瓜太是人气偶像啊
1300.024,普通弹幕,中,白,1524049115,0,a175a7c0,2907116347588608,币已投
670.72,底部弹幕,中,白,1524048778,0,e3979ff4,2907116346540032,打脸
153.059,普通弹幕,中,白,1524048303,0,49186f4d,2907116345491456,百听不厌，越听越有劲
112.279,普通弹幕,中,白,1524047429,0,f9fc11fe,2907116343918592,承包初春小天使
273.206,普通弹幕,中,白,1524046213,0,b72ed4e8,2907116342870016,前方高能预警
1316.411,普通弹幕,中,白,1524043696,0,daf3a540,2907116341821440,安全裤差评
1420.176,普通弹幕,中,红,1524036093,0,83b16434,2907116337627136,爹妈飞的你过来
6.34,普通弹幕,中,白,1524035006,0,1164c430,2907116336578560,再来一遍
1215.999,普通弹幕,中,白,1524034807,0,5e7ae6f6,2907116336054272,在闻。。。。。。。。。。
1032.831,普通弹幕,中,白,1524030663,0,148e3647,2907116333957120,红豆泥？
721.098,普通弹幕,中,白,1524029455,0,45dc24c2,2907116331859968,七度空间
182.077,底部弹幕,中,粉,1524026875,0,3638827c,2907116330811392,清了一遍又一遍，终于看到屏幕了！半年前还看不到屏幕！
117.419,普通弹幕,中,白,1524026745,0,4dc3b53f,2907116329762816,橘里橘气
334.446,普通弹幕,中,白,1524026506,0,adb84a50,2907116328189952,上琴赛高
1370.802,普通弹幕,中,白,1524024831,0,483e7569,2907116327141376,哦巴桑那个哈哈哈哈
541.719,普通弹幕,中,白,1524022958,0,93f0423a,2907116326092800,上升气流
525.141,普通弹幕,中,白,1524022934,0,93f0423a,2907116325044224,无路赛
97.142,普通弹幕,中,白,1524022493,0,93f0423a,2907116324519936,夹击妹抖
625.45,普通弹幕,中,白,1524012214,0,663a4f39,2907116322422784,什么暴风指挥官
182.12,普通弹幕,中,白,1523988972,0,5b15d6f4,2907116321374208,你指尖跃动的电光是我此生不变的信仰
1307.079,普通弹幕,中,红,1523983531,0,3bcddc08,2907116320325632,我把超电磁炮拆了升蚩尤巨炮
1170.524,普通弹幕,中,白,1523983365,0,3bcddc08,2907116319801344,苹果派 乌拉巴哈
413.642,普通弹幕,中,白,1523982767,0,1ab48e2d,2907116318752768,炮姐专场，当麻只是稍微客串一下
810.73,底部弹幕,中,白,1523982376,0,a07a1fa6,2907116316655616,好听吗？好听就是好锅
999.314,普通弹幕,中,红,1523981864,0,6dfbe3f1,2907116314558464,orz
183.282,普通弹幕,中,白,1523981578,0,b29bf098,2907116314034176,化肥用金坷垃
537.449,普通弹幕,中,红,1523981547,0,6dfbe3f1,2907116312985600,Lv.5上升气流！
312.467,普通弹幕,中,白,1523981261,0,6dfbe3f1,2907116311412736,黑子好像极限距离一千米，精度误差两三公分？好像是。
11.281,普通弹幕,中,白,1523980877,0,6dfbe3f1,2907116310888448,bilibili~
945.002,普通弹幕,中,白,1523978868,0,a6ce6ceb,2907116308791296,ovo
158.269,普通弹幕,中,白,1523978567,0,6e40edf2,2907116307742784,为什么战歌被清
141.059,普通弹幕,中,白,1523978475,0,b3f3d20c,2907116306694144,战歌起
1081.895,底部弹幕,中,白,1523978299,0,19d260e7,2907116306169856, 我最喜欢黑子的地方就是无论平时多不正经，有正事的时候绝不含糊
238.464,普通弹幕,中,棕,1523978081,0,e9ee6eed,2907116304596992,我想把黑子的裙子掀起来
24.52,普通弹幕,中,白,1523978042,0,7be8e6ef,2907116303548416,战歌响起
214.699,普通弹幕,中,棕,1523978028,0,e9ee6eed,2907116301975552,你指尖跃动的电光是我此生不变的信仰
185.045,普通弹幕,中,棕,1523977991,0,e9ee6eed,2907116299878400,你指尖跃动的电光是我此生不变的信仰
172.139,普通弹幕,中,棕,1523977970,0,e9ee6eed,2907116299354112,你指尖跃动的电光是我此生不变的信仰
785.391,底部弹幕,中,白,1523977960,0,19d260e7,2907116298305536,可爱
151.189,普通弹幕,中,棕,1523977939,0,e9ee6eed,2907116297256960,你指尖跃动的电光，是我此生不变的信仰！
145.92,普通弹幕,中,棕,1523977916,0,e9ee6eed,2907116296208384,战歌起
511.37,底部弹幕,中,白,1523977864,0,19d260e7,2907116295159808,找男主的请去魔禁
499.478,底部弹幕,中,白,1523977832,0,19d260e7,2907116294111232,黑琴赛高
343.15,底部弹幕,中,白,1523977624,0,19d260e7,2907116290441216,黑琴党真爱
637.391,普通弹幕,中,白,1523977515,0,82a70536,2907116289392640,辣妹
1035.232,底部弹幕,中,红,1523976520,0,fde8c4a0,2907116287295488,辣辣的滋味，你吃过没
519.286,普通弹幕,中,白,1523976444,0,e2ab070f,2907116286246912,黑子的能力本来就是瞬移
148.243,普通弹幕,中,白,1523967920,0,dfe1cef4,2907116278906880,战歌起
1488.214,普通弹幕,中,白,1523967414,0,7531a10b,2907116277858368,骨傲天第三季了
566.277,普通弹幕,中,红,1523967362,0,90dda7a9,2907116276809728,泪爷CV配过灵梦
26.899,普通弹幕,中,白,1523967338,0,4dfe4fc0,2907116275761152,bilibili
1299.124,普通弹幕,中,白,1523967164,0,74112d46,2907116274712576,炮姐威武
984.383,普通弹幕,中,白,1523966784,0,74112d46,2907116274188288,傲娇
204.84,普通弹幕,中,白,1523966630,0,2137b39d,2907116273139712,谁看男主
768.242,普通弹幕,中,白,1523966556,0,74112d46,2907116272091136,电脑配件
7.48,普通弹幕,中,白,1523966436,0,2137b39d,2907116270518272,再来一遍
544.498,普通弹幕,中,白,1523966322,0,74112d46,2907116269469696,泪爷
507.898,普通弹幕,中,白,1523966280,0,74112d46,2907116268421120,百合大法
142.583,普通弹幕,中,白,1523965902,0,74112d46,2907116267372544,炮姐登场
72.48,普通弹幕,中,白,1523965832,0,74112d46,2907116266323968,打脸
21.293,普通弹幕,中,白,1523965784,0,74112d46,2907116265275392,又看了一遍
349.11,普通弹幕,中,白,1523964812,0,e2a10613,2907116264226816,我上茵黑琴党因为黑琴所以上茵
14.556,普通弹幕,中,白,1523964592,0,28f0f4b9,2907116262129664,再看一遍
103.019,普通弹幕,中,白,1523959820,0,7ccd9be2,2907116257411072,计数君呢
1250.25,普通弹幕,中,白,1523958684,0,30160a6a,2907116256362496,一路走好
576.248,普通弹幕,中,黄,1523957960,0,a6d3f9e,2907116255313920,哈哈哈，我要看
144.614,底部弹幕,中,黄,1523957585,0,a6d3f9e,2907116254265344,你指间跃动的电光，是我此生不灭的梦想，唯我超电磁炮永存
140.894,普通弹幕,中,黄,1523957573,0,a6d3f9e,2907116253741056,你指间跃动的电光，是我此生不灭的梦想，唯我超电磁炮永存
143.216,底部弹幕,中,黄,1523957288,0,a6d3f9e,2907116246401024,你指间跃动的电光，是我此生不灭的梦想，唯我超电磁炮永存
918.257,普通弹幕,中,白,1523957281,0,5d9e193e,2907116245352448,太暴力了
146.139,底部弹幕,中,黄,1523957270,0,a6d3f9e,2907116244303872,你指间跃动的电光，是我此生不灭的梦想，唯我超电磁炮永存
144.499,底部弹幕,中,黄,1523957264,0,a6d3f9e,2907116243779584,你指间跃动的电光，是我此生不灭的梦想，唯我超电磁炮永存
147.665,底部弹幕,中,黄,1523957242,0,a6d3f9e,2907116242731008,你指间跃动的电光，是我此生不灭的梦想，唯我超电磁炮永存
145.864,底部弹幕,中,黄,1523957237,0,a6d3f9e,2907116241682432,你指间跃动的电光，是我此生不灭的梦想，唯我超电磁炮永存
142.624,底部弹幕,中,黄,1523957229,0,a6d3f9e,2907116240633856,你指间跃动的电光，是我此生不灭的梦想，唯我超电磁炮永存
145.224,底部弹幕,中,黄,1523957201,0,a6d3f9e,2907116239060992,你指间跃动的电光，是我此生不灭的梦想，唯我超电磁炮永存
154.329,底部弹幕,中,黄,1523957178,0,a6d3f9e,2907116238012416,你指间跃动的电光，是我此生不灭的梦想，唯我超电磁炮永存
142.768,底部弹幕,中,红,1523957127,0,a6d3f9e,2907116232245248,你指间跃动的电光，是我此生不灭的梦想，唯我超电磁炮永存
150.627,普通弹幕,中,白,1523951442,0,c094d9e1,2907116228575232,战歌起
10.491,普通弹幕,中,白,1523950392,0,f267dae5,2907116227526720,欧尼撒嘛！！1
146.238,底部弹幕,中,红,1523949502,0,33466046,2907116226478080,战歌起
99.16,普通弹幕,中,白,1523943653,0,30c1201c,2907116224380928,老婆！！！！！！！！！！！！
5.219,普通弹幕,中,白,1523943247,0,19d2abca,2907116223856640,黑琴赛高
224.199,普通弹幕,中,白,1523942340,0,a175a7c0,2907116222808064,好燃的op
1077.733,普通弹幕,中,黄,1523942191,0,88840da7,2907116221759488,都有炮姐了你们还想男主
542.525,普通弹幕,中,白,1523940028,0,f6c5a749,2907116219138048,风暴指挥官：佐天泪子
536.968,普通弹幕,中,白,1523925442,0,266fbdc5,2907116216516608,这番没有当麻的吗？
1324.949,普通弹幕,中,白,1523922804,0,c2473347,2907116215468032,一方通行和炮姐的差距让我想起了帝炎和净莲妖火的差距
538.152,普通弹幕,中,白,1523910846,0,2fb3facb,2907116211798016,摄影师满汉全席
353.599,普通弹幕,中,白,1523910659,0,2fb3facb,2907116211273728,请问这部有当麻吗
119.879,普通弹幕,中,白,1523899244,0,9de792d0,2907116207079424,创，，，
596.122,普通弹幕,中,白,1523898714,0,44d92d1c,2907116204457984,风暴指挥官
144.879,普通弹幕,中,白,1523896246,0,d322e928,2907116201312256,你指尖跃动的电光，是我此生不灭的信仰，唯我超电磁炮永世长存
143.778,普通弹幕,中,白,1523896186,0,d322e928,2907116200263680,战歌起
4.539,普通弹幕,中,白,1523896044,0,d322e928,2907116199215104,再来一遍
1002.84,普通弹幕,中,红,1523895033,0,92449ea,2907116198166528,表情包出处
948.821,普通弹幕,中,紫,1523894944,0,92449ea,2907116197117952,光速打脸
1313.437,普通弹幕,中,白,1523894341,0,6264d1a5,2907116195020800,炮姐好帅
9.454,普通弹幕,中,白,1523894112,0,92449ea,2907116193972224,再来一遍
1309.355,普通弹幕,中,白,1523893525,0,e047fd13,2907116192923648,杨永信家的
932.293,底部弹幕,中,绿,1523888223,0,697ca545,2907116189253632,呱太
164.63,底部弹幕,中,紫,1523887686,0,697ca545,2907116185583616,上条势力。。。
210.99,底部弹幕,中,蓝,1523887063,0,b9729a4e,2907116184010752,汝之电光，吾之信仰，吾炮长存
174.36,普通弹幕,中,蓝,1523885901,0,53d7ea93,2907116182962176,你指尖跃动的电光，是我此生不灭的信仰，唯我超电磁炮永世长存
146.06,普通弹幕,中,蓝,1523885723,0,53d7ea93,2907116181913600,你指间跃动的电光，是我此生不灭的信仰，唯我超电磁炮永世长存
1249.784,普通弹幕,中,白,1523885094,0,60b3f399,2907116180865024,一路·走·好·
517.804,底部弹幕,中,红,1523884078,0,b3621be7,2907116175097856,手机上全是鼻血
557.558,普通弹幕,中,白,1523883943,0,415f3ec7,2907116174573568,蜡笔小新还行
3.99,普通弹幕,中,白,1523882157,0,fb619737,2907116172476416,久闻大名
1234.894,普通弹幕,中,白,1523881242,0,38e2ef55,2907116170903552,对风暴指挥官动手，你是想被超时空打击炸吧
756.119,普通弹幕,中,白,1523881008,0,38e2ef55,2907116169854976,万恶之源啊
1251.72,普通弹幕,中,白,1523880556,0,ae97f5e0,2907116168806400,壮士一去不复返
946.621,普通弹幕,中,白,1523880217,0,ae97f5e0,2907116167757824,蛤蛤
32.38,底部弹幕,中,红,1523879785,0,af930725,2907116166709248,_(:з」∠)_ 一本正经的胡说八道
27.779,普通弹幕,中,白,1523879771,0,af930725,2907116165660672,哔哩哔哩-(゜-゜)つロ乾杯~
1.271,普通弹幕,中,白,1523879622,0,34214b57,2907116164087808,你指间跃动的电光，是我此生不变的信仰
721.64,普通弹幕,中,白,1523879254,0,bb3a4a48,2907116161466368,右下角男主瞩目
448.818,普通弹幕,中,白,1523877546,0,6acd2692,2907116159369216,男主？这番有男主？
122.226,底部弹幕,小,粉,1523877056,0,5660664e,2907116158320640,夹击妹抖x3
155.554,普通弹幕,中,白,1523873069,0,ffe281a6,2907116154126336,战歌起
1348.553,普通弹幕,中,白,1523871656,0,aace7167,2907116151504896,学园都市没有警察，警卫都是老师，而且都只能算志愿者而已
597.235,普通弹幕,中,白,1523870205,0,88c39c6e,2907116147310592,一脸橘相
144.848,普通弹幕,中,白,1523869752,0,88c39c6e,2907116145213440,电成炭黑了
91.664,普通弹幕,中,白,1523869699,0,88c39c6e,2907116144164864,音速打脸
1034.971,底部弹幕,中,红,1523869624,0,b3c8c06b,2907116143116288,让你吃到真正的石灰
718.128,底部弹幕,中,绿,1523869291,0,b3c8c06b,2907116142067712,七个葫芦娃(手动滑稽)
955.666,底部弹幕,中,红,1523868536,0,b86a9d4,2907116141019136,夏娜！！
905.488,底部弹幕,中,绿,1523868469,0,b86a9d4,2907116139970560,暴力呱呱太
203.71,底部弹幕,中,蓝,1523867679,0,b86a9d4,2907116137873408,你指尖跃动的电光，是我此生不灭的信仰，唯我超电磁炮永世长存！
189.011,底部弹幕,中,蓝,1523867662,0,b86a9d4,2907116136824832,你指尖跃动的电光，是我此生不灭的信仰，唯我超电磁炮永世长存！
187.027,底部弹幕,中,蓝,1523867658,0,b86a9d4,2907116135776320,你指尖跃动的电光，是我此生不灭的信仰，唯我超电磁炮永世长存！
185.811,底部弹幕,中,蓝,1523867654,0,b86a9d4,2907116134727680,你指尖跃动的电光，是我此生不灭的信仰，唯我超电磁炮永世长存！
183.464,底部弹幕,中,蓝,1523867649,0,b86a9d4,2907116133679104,你指尖跃动的电光，是我此生不灭的信仰，唯我超电磁炮永世长存！
177.832,底部弹幕,中,蓝,1523867632,0,b86a9d4,2907116132630528,你指尖跃动的电光，是我此生不灭的信仰，唯我超电磁炮永世长存！
175.486,底部弹幕,中,蓝,1523867624,0,b86a9d4,2907116131581952,你指尖跃动的电光，是我此生不灭的信仰，唯我超电磁炮永世长存！
173.224,底部弹幕,中,蓝,1523867618,0,b86a9d4,2907116130533376,你指尖跃动的电光，是我此生不灭的信仰，唯我超电磁炮永世长存！
159.763,底部弹幕,中,红,1523867583,0,b86a9d4,2907116129484800,你指尖跃动的电光，是我此生不灭的信仰，唯我超电磁炮永世长存！
157.16,底部弹幕,中,红,1523867577,0,b86a9d4,2907116128436224,你指尖跃动的电光，是我此生不灭的信仰，唯我超电磁炮永世长存！
154.643,底部弹幕,中,红,1523867571,0,b86a9d4,2907116127387648,你指尖跃动的电光，是我此生不灭的信仰，唯我超电磁炮永世长存！
153.171,底部弹幕,中,红,1523867567,0,b86a9d4,2907116126339072,你指尖跃动的电光，是我此生不灭的信仰，唯我超电磁炮永世长存！
151.443,底部弹幕,中,红,1523867563,0,b86a9d4,2907116125814784,你指尖跃动的电光，是我此生不灭的信仰，唯我超电磁炮永世长存！
149.715,底部弹幕,中,红,1523867560,0,b86a9d4,2907116124766208,你指尖跃动的电光，是我此生不灭的信仰，唯我超电磁炮永世长存！
147.027,底部弹幕,中,红,1523867552,0,b86a9d4,2907116123717632,你指尖跃动的电光，是我此生不灭的信仰，唯我超电磁炮永世长存！
144.168,底部弹幕,中,红,1523867545,0,b86a9d4,2907116122669056,你指尖跃动的电光，是我此生不灭的信仰，唯我超电磁炮永世长存！
469.859,普通弹幕,中,青,1523867101,0,74eea45a,2907116120571904,摄影师，看情况行事
729.218,普通弹幕,中,白,1523866980,0,cd263fbc,2907116120047616,碧翠丝
102.581,普通弹幕,中,白,1523864541,0,76a80617,2907116118999040,夹鸡妹抖
1103.13,普通弹幕,中,白,1523859925,0,ee8caee6,2907116116901888,邪恶的打底裤
948.235,普通弹幕,中,白,1523854845,0,712bf79a,2907116114280448,这脸啪啪响
1044.036,普通弹幕,中,白,1523852170,0,d2368b65,2907116113231872,可得劲啦
1034.018,普通弹幕,中,白,1523848255,0,5fdf2165,2907116112183296,莫得劲～(￣▽￣～)~
1252.666,普通弹幕,中,白,1523844793,0,622f6570,2907116110086144,一路顺风
180.689,普通弹幕,中,白,1523841601,0,ad1baa1f,2907116109037568,leimu
1409.175,普通弹幕,中,白,1523837223,0,d642d094,2907116104843264,传说中男生做不到的一字马
1366.928,普通弹幕,中,白,1523824132,0,22b30d6f,2907116102746112,那个音乐播放器是伏笔
1170.918,普通弹幕,中,白,1523814087,0,9c438acf,2907116100124672,哟，我ff团团员啊
910.362,普通弹幕,中,白,1523811897,0,c5b63005,2907116099076096,fuyu
1483.956,普通弹幕,小,黄,1523811893,0,5d29ee38,2907116098027520,橘里橘气
571.942,普通弹幕,中,白,1523811542,0,c5b63005,2907116096978944,swmm
119.327,普通弹幕,中,白,1523810869,0,e21ca5d3,2907116094881792,好好好
358.74,普通弹幕,中,白,1523810039,0,4895bacc,2907116092784640,男主都是路人系列
200.28,普通弹幕,中,白,1523808767,0,5a65d584,2907116092260352,.....
1286.981,普通弹幕,中,白,1523808020,0,8da90d3c,2907116091211776,吓得我投了个币
741.114,普通弹幕,中,白,1523805496,0,71cfb49,2907116090163200,七酱
159.906,普通弹幕,中,白,1523805379,0,b764c81e,2907116089114624,战歌起
1243.464,普通弹幕,中,白,1523803858,0,d4c24224,2907116086493184,壮士一去不复返
637.358,底部弹幕,中,白,1523803805,0,1f826fa6,2907116085444608,only my railgun
549.558,底部弹幕,中,白,1523803692,0,1f826fa6,2907116083347456,摄晚非凡
439.918,底部弹幕,中,白,1523803505,0,1f826fa6,2907116082823168,当妈:来来来我来
340.419,底部弹幕,中,白,1523803394,0,1f826fa6,2907116081774592,麻哔党啥也不说
463.001,普通弹幕,中,白,1523803033,0,d4c24224,2907116080726016,前方高能
1235.859,普通弹幕,中,白,1523802221,0,5952235b,2907116077580288,壮士走好
1230.339,普通弹幕,中,白,1523802202,0,5952235b,2907116076531712,一路走好
1135.693,普通弹幕,中,白,1523802109,0,5952235b,2907116075483136,黑子好帅啊
1129.073,普通弹幕,中,白,1523802096,0,5952235b,2907116074958848,劫匪快跑啊
913.239,普通弹幕,中,白,1523801406,0,43a6f6bf,2907116073385984,男女比例1比1，一对百合，一对基
1470.679,普通弹幕,中,黄,1523800817,0,d6dbbd0b,2907116072337408,攻受分明
1326.538,普通弹幕,中,白,1523800742,0,25b90327,2907116071813120,当麻挡的里面没有硬币，只有电吧……
1245.09,普通弹幕,中,白,1523800532,0,15e5861e,2907116070764544,壮士走好
24.836,普通弹幕,中,白,1523799817,0,15e5861e,2907116064997376,唉，心疼小混混一秒钟
446.118,普通弹幕,中,白,1523799515,0,25b90327,2907116062375936,3马赫。1马赫是340m/s
1176.534,底部弹幕,中,白,1523798745,0,bf24bb10,2907116060278784,辣仙根
171.414,底部弹幕,中,白,1523798639,0,ab0e1552,2907116058181632,你指尖跃动的电光，是我永生不灭的信仰，为我超电磁炮永世长存。你指尖跃动的电光，是我永生不灭的信仰，为我超电磁炮永世长存。你指尖跃动的电光，是我永生不灭的信仰，为我超电磁炮永世长存。
169.132,普通弹幕,中,白,1523798627,0,ab0e1552,2907116057657344,你指尖跃动的电光，是我永生不灭的信仰，为我超电磁炮永世长存。
167.598,普通弹幕,中,白,1523798620,0,ab0e1552,2907116056608768,你指尖跃动的电光，是我永生不灭的信仰，为我超电磁炮永世长存。
166.482,普通弹幕,中,白,1523798614,0,ab0e1552,2907116055560192,你指尖跃动的电光，是我永生不灭的信仰，为我超电磁炮永世长存。
164.868,普通弹幕,中,白,1523798607,0,ab0e1552,2907116054511616,你指尖跃动的电光，是我永生不灭的信仰，为我超电磁炮永世长存。
163.499,普通弹幕,中,白,1523798601,0,ab0e1552,2907116053987328,你指尖跃动的电光，是我永生不灭的信仰，为我超电磁炮永世长存。你指尖跃动的电光，是我永生不灭的信仰，为我超电磁炮永世长存。
160.333,普通弹幕,中,白,1523798590,0,ab0e1552,2907116052938752,你指尖跃动的电光，是我永生不灭的信仰，为我超电磁炮永世长存。
773.845,普通弹幕,中,白,1523797374,0,17eedbb8,2907116048744448,百合吧
1077.0,普通弹幕,中,红,1523797316,0,7b1f58b6,2907116047695872,两个包装纸的，因为那是两个可丽饼，你也仔细看
737.1,普通弹幕,中,白,1523796534,0,c7eef609,2907116046647296,七美德
1284.411,普通弹幕,中,红,1523796277,0,73cb7642,2907116045074432,夜斗:你的愿望我听到了
1173.677,普通弹幕,中,白,1523795593,0,2619ab82,2907116042977280,三昧真火
181.076,普通弹幕,中,白,1523795547,0,7f31f7eb,2907116041928704,你指尖跃动的电光，是我永生不变的信仰，唯我超电磁炮永世长存
138.775,普通弹幕,中,白,1523795412,0,7f31f7eb,2907116040880128,准备……战歌……起！
450.394,普通弹幕,中,白,1523795398,0,73cb7642,2907116039831552,明示投币
145.047,普通弹幕,中,紫,1523795359,0,b6b9fbf5,2907116039307264,战歌起
68.228,普通弹幕,中,紫,1523795271,0,b6b9fbf5,2907116037210112,光速打脸
308.111,普通弹幕,中,白,1523793985,0,2805458e,2907116027248640,黑子这里的瞬移能力是不是超出设定范围了？
216.948,普通弹幕,中,褐,1523793859,0,b06ce73,2907116022530048,你指尖跃动的电光.是我此生不变的信仰！唯我超电磁炮永世长存！！1
157.194,普通弹幕,中,白,1523793844,0,417af1f8,2907116021481472,你指间跃动的电光，是我此生不变的信仰，唯我超电磁炮永世长存
6.8,普通弹幕,中,白,1523793371,0,e21ca5d3,2907116020432896,好好好
944.297,普通弹幕,中,白,1523792176,0,b8c18feb,2907116019908608,光速打脸。
75.861,普通弹幕,中,白,1523791230,0,7aa58435,2907116016762880,乘客：什么嘛，霸王条款嘛，退票退票！
241.2,底部弹幕,中,粉,1523789192,0,e13404c7,2907116010995712,黑子声音好可爱(/ω＼)
931.729,普通弹幕,中,白,1523787184,0,32f4fd10,2907116009422848,前方光速打脸高能
1117.076,普通弹幕,中,白,1523786280,0,af9b11dc,2907116008374272,蝎？
146.932,普通弹幕,中,白,1523784971,0,8440a994,2907116007325696,你指尖跳动的电光，是我永恒不变的信仰。唯我超电磁炮永世长存。
141.182,普通弹幕,中,白,1523784938,0,8440a994,2907116006277120,战歌起
485.82,普通弹幕,中,白,1523783571,0,e322c5fc,2907116005228544,前方高能预警
1122.728,底部弹幕,中,红,1523783077,0,fa135d53,2907116004179968,夹击妹抖
1379.146,普通弹幕,中,白,1523781957,0,2d6e4c95,2907116002607104,好好学习吧，趁现在回头是岸，阿弥陀佛
341.579,普通弹幕,中,白,1523780254,0,c9a05b55,2907115999461376,这里是女校啊
1095.546,底部弹幕,中,红,1523778667,0,7320422c,2907115995791360,夹击妹抖
23.796,普通弹幕,中,白,1523778262,0,6a594440,2907115994742784,快跑！
583.889,底部弹幕,中,黄,1523778066,0,7320422c,2907115993694272,橘里橘气
96.41,普通弹幕,中,白,1523777333,0,e044ae41,2907115992645632,夹击妹抖
91.123,普通弹幕,中,白,1523777328,0,e044ae41,2907115991597056,黑子！
682.466,普通弹幕,中,白,1523776947,0,c95e5488,2907115989499904,什么苍井空结婚了
1233.17,普通弹幕,中,白,1523775477,0,9c334696,2907115985829888,我敬你是条汉子
940.467,普通弹幕,中,白,1523775101,0,9c334696,2907115983732736,那青蛙可是救你妹妹们的冥士追魂
172.822,普通弹幕,中,白,1523774749,0,524d2834,2907115982684160,不会是一部百合番吧
1315.559,普通弹幕,中,蓝,1523773958,0,ae5215e5,2907115981111296,计数君真的好评(○｀ε´○)
1244.338,底部弹幕,中,蓝,1523772593,0,5ac262e9,2907115979014144,壮士走好
1361.727,底部弹幕,中,白,1523771338,0,7860bb2d,2907115977965568,这是伏笔
216.489,普通弹幕,中,白,1523771290,0,acc6fa64,2907115976916992,硬币拯救世界
1248.895,底部弹幕,中,白,1523771205,0,7860bb2d,2907115975868416,壮士走好
72.574,普通弹幕,中,白,1523771131,0,acc6fa64,2907115974295552,打脸了
35.859,普通弹幕,中,白,1523771079,0,acc6fa64,2907115972722688,小混混，快跑
937.728,底部弹幕,中,白,1523770936,0,7860bb2d,2907115972198400,超电磁炮速打脸
151.282,普通弹幕,中,白,1523770691,0,f8a5824f,2907115968004160,南条爱乃，绚烂绘里
645.183,普通弹幕,中,白,1523768247,0,899aa6a4,2907115965382656,VAN
1394.402,普通弹幕,中,白,1523767673,0,eb38d49c,2907115964334080,明明是欧尼桑
214.384,普通弹幕,中,白,1523767105,0,6cb82ed3,2907115962236928,你指间跃动的电光   是我此生不变的信仰    唯我超电磁炮永世长存
1093.451,普通弹幕,中,白,1523767017,0,f7ffcdb0,2907115961188352,夹击妹抖
598.661,普通弹幕,中,白,1523766867,0,eb38d49c,2907115960139840,目前LV0的泪子不说话
559.361,普通弹幕,中,白,1523766811,0,eb38d49c,2907115959091200,掀裙狂魔
502.825,普通弹幕,中,白,1523766333,0,f248cbcb,2907115340955648,当麻教你做人
121.379,普通弹幕,中,白,1523764426,0,8efab388,2907115338858496,写作黑子读作BT
501.582,普通弹幕,中,白,1523763712,0,ce6ae940,2907115337809920,不就是硬币吗
341.684,普通弹幕,中,白,1523763543,0,ce6ae940,2907115336761344,女校？
1248.749,普通弹幕,中,白,1523763198,0,db17512b,2907115335712768,壮士走好
777.24,普通弹幕,中,白,1523762680,0,db17512b,2907115333091328,666
513.325,普通弹幕,中,白,1523762411,0,db17512b,2907115332042752,黑琴赛高
418.397,普通弹幕,中,白,1523762308,0,db17512b,2907115330994176,炮姐硬币掉了
154.379,普通弹幕,中,白,1523762033,0,db17512b,2907115329945600,你指尖跃动的电光，是我此生不变的信仰，唯我超电磁炮永世长存
149.609,普通弹幕,中,白,1523762020,0,db17512b,2907115328897024,你指尖跃动的电光，是我此生不变的信仰，唯我超电磁炮永世长存
144.446,普通弹幕,中,白,1523762008,0,db17512b,2907115327848448,你指尖跃动的电光，是我此生不变的信仰，唯我超电磁炮永世长存
138.707,普通弹幕,中,白,1523761992,0,db17512b,2907115326799872,你指尖跃动的电光，是我此生不变的信仰，唯我超电磁炮永世长存
68.585,普通弹幕,中,白,1523761902,0,db17512b,2907115326275584,光速打脸
24.915,普通弹幕,中,白,1523761848,0,db17512b,2907115325227008,混混快跑
449.849,底部弹幕,中,蓝,1523761824,0,30f202e6,2907115324178432,暗示投币
343.395,普通弹幕,中,白,1523761474,0,680bb682,2907115322081280,洛克王国既视感。
830.979,普通弹幕,中,白,1523761145,0,b7bfab43,2907115321032704,男主里 
738.491,底部弹幕,中,白,1523761033,0,54a6a4d0,2907115320508416,抱歉一方通行攻击可不一定比你炮姐弱(一大堆钢筋你尝过没，血液逆流你吃过没)
60.061,普通弹幕,中,红,1523760624,0,cffc513f,2907115319459840,光速打脸
47.2,普通弹幕,中,白,1523760596,0,cffc513f,2907115318411264,前方光速打脸
277.461,普通弹幕,中,绿,1523759822,0,d00d631d,2907115317362688,我也就看了几十次......
187.161,底部弹幕,中,红,1523759699,0,a21a4a25,2907115316314112,你指尖悦动的电光，是我此生不灭的信仰，唯我超电磁炮永世长存。
185.641,底部弹幕,中,红,1523759695,0,a21a4a25,2907115315789824,你指尖悦动的电光，是我此生不灭的信仰，唯我超电磁炮永世长存。
180.581,底部弹幕,中,红,1523759685,0,a21a4a25,2907115314741248,你指尖悦动的电光，是我此生不灭的信仰，唯我超电磁炮永世长存。
180.581,底部弹幕,中,红,1523759680,0,a21a4a25,2907115313692672,你指尖悦动的电光，是我此生不灭的信仰，唯我超电磁炮永世长存。
180.581,底部弹幕,中,红,1523759673,0,a21a4a25,2907115312644096,你指尖悦动的电光，是我此生不灭的信仰，唯我超电磁炮永世长存。
180.581,底部弹幕,中,红,1523759669,0,a21a4a25,2907115311595520,你指尖悦动的电光，是我此生不灭的信仰，唯我超电磁炮永世长存。
180.581,底部弹幕,中,红,1523759665,0,a21a4a25,2907115310546944,你指尖悦动的电光，是我此生不灭的信仰，唯我超电磁炮永世长存。
179.301,底部弹幕,中,红,1523759660,0,a21a4a25,2907115310022656,你指尖悦动的电光，是我此生不灭的信仰，唯我超电磁炮永世长存。
177.66,底部弹幕,中,白,1523759652,0,a21a4a25,2907115308974080,你指尖悦动的电光，是我此生不灭的信仰，唯我超电磁炮永世长存。
172.441,底部弹幕,中,白,1523759640,0,a21a4a25,2907115307925504,你指尖悦动的电光，是我此生不灭的信仰，唯我超电磁炮永世长存。
163.78,底部弹幕,中,白,1523759629,0,a21a4a25,2907115306876928,你指尖悦动的电光，是我此生不灭的信仰，唯我超电磁炮永世长存。
533.983,底部弹幕,中,蓝,1523759602,0,c18b177f,2907115305828352,前方掀裙狂魔泪爷出场
144.621,普通弹幕,中,白,1523759186,0,739eee8d,2907115304779776,你指尖跳跃的电光，是一生不变的信仰，唯我超电磁炮与界长存x1000000000000000000000000000000000000000
65.301,底部弹幕,中,蓝,1523759090,0,c18b177f,2907115304255488,前方打脸高能
1114.343,普通弹幕,中,白,1523756927,0,fbe1235d,2907115302158336,葛洛夫的CJ
30.303,普通弹幕,中,红,1523755213,0,14eaf888,2907115301109760,活着不好啊？
547.544,普通弹幕,中,白,1523753292,0,ef231709,2907115299536896,初春需要一条安全裤
802.049,底部弹幕,中,红,1523752477,0,a60705d5,2907115298488320,给摄影师准备鸡腿
770.856,底部弹幕,中,红,1523752446,0,a60705d5,2907115297439744,电脑配件
747.965,底部弹幕,中,红,1523752423,0,a60705d5,2907115296391168,7个葫芦娃
1237.112,普通弹幕,中,白,1523750589,0,ff934d7f,2907115295342592,小伙子一路走好
1430.74,普通弹幕,中,白,1523750343,0,6ad8e047,2907115294294016,黑琴赛高
164.973,普通弹幕,中,白,1523729460,0,8b52f359,2907115290624000,信仰之墙呢
133.824,普通弹幕,中,白,1523729407,0,8b52f359,2907115289575488,前方高能，新人注意
85.842,普通弹幕,中,白,1523729352,0,8b52f359,2907115288526848,写作黑子读作hentai意为真爱
24.446,普通弹幕,中,白,1523727051,0,d95b6f14,2907115286953984,小混混快跑啊
271.305,普通弹幕,中,白,1523726872,0,82dde35d,2907115284856832,hz
27.119,普通弹幕,中,白,1523726710,0,82dde35d,2907115282759680,我先……
13.239,普通弹幕,中,白,1523726679,0,82dde35d,2907115281711104,新人一个
316.661,普通弹幕,中,白,1523726082,0,c20555d3,2907115280662528,贼喜欢炮姐，哈哈哈
461.821,普通弹幕,中,白,1523725665,0,13974b38,2907115279613952,我还以为是尺量操作
155.204,普通弹幕,中,白,1523725194,0,898a25d7,2907115277516800,你们都有毒吧
181.379,普通弹幕,中,青,1523724738,0,17024ba0,2907115276992512,你指尖跃动的电光是我此生不变的信仰唯我超电磁炮永世长存
168.87,普通弹幕,中,红,1523724253,0,cf422a63,2907115274895360,艾瑞巴蒂普脚黑所
862.208,普通弹幕,中,白,1523723265,0,de9b2b44,2907115272798208,这崩的
1230.462,底部弹幕,中,红,1523722615,0,c6261111,2907115271225344,骚年你完了
285.89,普通弹幕,中,白,1523722375,0,5d745522,2907115269652480,45度飞踢修理法。。。
538.556,底部弹幕,中,红,1523721422,0,c6261111,2907115267031040,泪爷Lv6上升气流
375.889,底部弹幕,中,红,1523721144,0,c6261111,2907115265982464,一血光子
63.059,底部弹幕,中,红,1523720769,0,c6261111,2907115264933888,其实最不安全
1102.832,普通弹幕,中,白,1523719473,0,64930459,2907115260739584,安全裤差评
48.213,普通弹幕,中,白,1523719229,0,28ba3f23,2907115259166720,即将被打脸
161.833,底部弹幕,中,黄,1523719146,0,7f707f89,2907115258118144,你指间跃动的电光是我此生不变的信仰唯我超电磁炮永世长存
160.21,底部弹幕,中,黄,1523719140,0,7f707f89,2907115257069568,你指间跃动的电光是我此生不变的信仰唯我超电磁炮永世长存
5.743,普通弹幕,中,白,1523719034,0,6b9d7d20,2907115256020992,。。。。
661.758,普通弹幕,小,粉,1523718749,0,3a6b2efa,2907115255496704,法克儿≈
169.699,普通弹幕,中,白,1523718544,0,c93ed7e3,2907115254448128,hhhhhhhh
124.259,普通弹幕,中,粉,1523718018,0,3a6b2efa,2907115251302400,男生看番剧，好吗？
56.483,底部弹幕,中,白,1523716483,0,74c1a618,2907115249205248,中国就算了
954.188,普通弹幕,中,白,1523716462,0,d22f9a75,2907115248680960,夏娜在哪儿(⊙o⊙)？
819.021,普通弹幕,中,白,1523716106,0,fd835fb5,2907115247632384,好听吗，好听就是好锅
790.281,普通弹幕,中,白,1523716035,0,fd835fb5,2907115246583808,赛文X
742.861,普通弹幕,中,白,1523715974,0,fd835fb5,2907115245535232,7爷
161.678,普通弹幕,中,白,1523715832,0,f02978cf,2907115243438080,再来一遍
12.76,普通弹幕,中,白,1523715464,0,d25bcf0c,2907115241340928,再来一次
1296.102,普通弹幕,中,粉,1523714524,0,fb9438ab,2907115239768064,这动作，看不腻啊
83.661,普通弹幕,中,白,1523714014,0,fbb5e840,2907115237670912,emp
852.803,普通弹幕,中,青,1523714010,0,fb9438ab,2907115237146624,左右的腿啊，差太多啦
1249.746,普通弹幕,中,红,1523712738,0,b24c7dec,2907115232952320,一路走好吧
530.141,普通弹幕,中,白,1523712403,0,77a14002,2907115231379456,前方持续高能
13.126,普通弹幕,中,白,1523712128,0,6a2a0c74,2907115230330880,再来一遍。
320.814,普通弹幕,中,白,1523711477,0,6a091cd1,2907115229282304,300语音
1172.455,普通弹幕,中,白,1523711053,0,d9c7b3a,2907115227185152,言灵·君焰
1151.207,普通弹幕,中,白,1523711020,0,d9c7b3a,2907115226660864,风纪委员？！！曼施坦！！！
172.099,普通弹幕,中,白,1523710971,0,65842d0c,2907115225612288,男主呢
904.72,普通弹幕,中,白,1523710704,0,7e1ca2d7,2907115223515136,康娜在可丽饼店
627.692,普通弹幕,中,白,1523710343,0,7e1ca2d7,2907115221417984,HOP
152.535,普通弹幕,中,白,1523710098,0,7aa1ba7c,2907115220369408,你指尖跳跃的电光 是我此生不变的信仰，唯我超电磁炮永世长存
178.921,普通弹幕,中,黄,1523708733,0,aa7b338d,2907115219845120,试图混入其中
628.776,普通弹幕,中,白,1523708661,0,9ec723b,2907115218796544,男主有，打酱油
674.333,普通弹幕,中,白,1523708429,0,81bc4976,2907115217747968,的确，7个超能力者中就只有炮姐最正常
15.7,普通弹幕,中,白,1523708304,0,e278dd64,2907115216699392,小混混快跑
580.983,普通弹幕,中,白,1523707872,0,b2e393fb,2907115215650816,.....
40.739,普通弹幕,中,白,1523707612,0,81bc4976,2907115214602240,说家长和学生比例不对的，是因为很多学生都是外地来的
1024.758,普通弹幕,中,白,1523705208,0,1e5ca256,2907115213553664,。煎饼果子
636.165,普通弹幕,中,黄,1523704752,0,739558b1,2907115211980800,我已迷上门口的老头
552.905,普通弹幕,中,红,1523704606,0,739558b1,2907115209883648,摄同凡桌
865.517,普通弹幕,中,白,1523704397,0,3157bc0f,2907115208835072,平底锅警告？
445.475,普通弹幕,中,绿,1523704321,0,739558b1,2907115207786496,gt1030
106.741,普通弹幕,中,白,1523704277,0,1e5ca256,2907115206737920,从零里的大魔导
552.353,普通弹幕,中,白,1523703211,0,5c2064c5,2907115205689344,这个习惯…基德sama也有……
934.319,普通弹幕,中,蓝,1523700583,0,b82febb2,2907115203592192,某傲娇的超光速打脸
1188.308,普通弹幕,中,白,1523700506,0,95166e7b,2907115203067904,草鸡精
1177.395,普通弹幕,中,白,1523700495,0,95166e7b,2907115202019328,草雉京
642.054,普通弹幕,中,白,1523699877,0,95166e7b,2907115200970752,我已迷上门口老头
259.802,普通弹幕,中,白,1523699495,0,95166e7b,2907115199922176,这个番有没有男主
214.521,普通弹幕,中,蓝,1523699399,0,b82febb2,2907115198873600,君指尖跃动の光は，私の一生不变の信仰に，唯私の超電磁炮永世生き。
211.273,普通弹幕,中,白,1523699391,0,b82febb2,2907115196776448,君指尖跃动の光は，私の一生不变の信仰に，唯私の超電磁炮永世生き。
97.529,普通弹幕,中,蓝,1523699230,0,b82febb2,2907115196252160,我老婆出现啦，抱起黑子就是一个千里冲刺，谁都别跟我抢黑子
55.289,普通弹幕,中,蓝,1523699074,0,b82febb2,2907115195203584,某科学的光速打脸
338.229,底部弹幕,中,红,1523699035,0,3249c0b3,2907115194155008,千眼看不到男的
593.062,普通弹幕,中,白,1523696932,0,cb2b05fd,2907115188912128,暴风指挥观不需要能力
137.596,底部弹幕,中,白,1523695591,0,95a9d115,2907115183144960,欧尼萨码
499.809,普通弹幕,中,白,1523694907,0,3592ca03,2907115182096384,前方高能，亲在家长的陪同下观看
28.083,普通弹幕,中,白,1523694800,0,560ded95,2907115181047808,哥们，活着不好吗
220.672,普通弹幕,中,白,1523694571,0,f989c4f6,2907115179999232,我好像真听见如来信撒旦了……
5.259,普通弹幕,中,白,1523693489,0,531429e3,2907115176853504,听到这首歌很好听，就想来看看
782.118,普通弹幕,中,白,1523693088,0,78d61130,2907115174232064,我去买橘子了
464.304,普通弹幕,中,白,1523693038,0,63d73f78,2907115173183488,投币投币
1248.386,普通弹幕,中,红,1523692848,0,a8504742,2907115172134912,壮士走好
230.003,普通弹幕,中,白,1523692798,0,63d73f78,2907115170037760,我也是2018
226.562,普通弹幕,中,白,1523692788,0,63d73f78,2907115169513472,哈哈哈
1495.145,普通弹幕,中,白,1523692698,0,ef98803a,2907115167940608,袜子长度和超能力成正比
36.882,普通弹幕,中,白,1523692624,0,63d73f78,2907115167416320,没中文？
158.079,普通弹幕,中,白,1523692551,0,57afaa1,2907115166367744,你指间跃动的电光是我此生不变的信仰，唯我超电磁炮永世长存。
737.299,普通弹幕,中,白,1523691283,0,18c03f51,2907115163222016,克烈辣舞7
725.619,普通弹幕,中,白,1523691253,0,18c03f51,2907115161649152,七龙珠
316.619,普通弹幕,中,白,1523690817,0,18c03f51,2907115161124864,发明打底裤真的让人难受
1207.553,普通弹幕,中,白,1523690218,0,1beb1ad7,2907115160076288,空间传送？我悖论引擎不服！悖论赛高
1097.397,普通弹幕,中,白,1523690050,0,1beb1ad7,2907115159027712,欧内撒嘛
664.592,普通弹幕,中,白,1523689509,0,1beb1ad7,2907115155357696,御坂美琴
161.194,普通弹幕,中,白,1523689484,0,af8acced,2907115154309120,我要笑了
328.93,普通弹幕,中,白,1523689167,0,1beb1ad7,2907115153260544,基佬夫空艇
1130.532,底部弹幕,中,红,1523688820,0,2cb8bef2,2907115151163392,见闻色霸气！
