视频内弹幕出现时间,弹幕类型,弹幕字号,弹幕颜色,弹幕发送时间,弹幕池类型,发送者UID的HASH,弹幕dmID,弹幕内容
134.83,普通弹幕,中,白,1595174130,0,f9b1a681,35668337988468743,热心市民御坂美琴
466.32,普通弹幕,中,白,1595173185,0,b6f352ee,35667842564620291,补5岁的番
1017.67,普通弹幕,中,白,1595173126,0,a933a401,35667811559800835,呱呱学姐
554.135,普通弹幕,中,白,1595172811,0,3ee0539d,35667646189928455,确认有雄性生物出没
597.321,普通弹幕,中,红,1595172638,0,c06f53d1,35667555688906757,狙击手报告：好像是黑的…………吧
1360.238,底部弹幕,中,红,1595172465,0,ed440eb4,35667465105047557,贝蒂？
181.592,普通弹幕,中,白,1595172358,0,47a2246,35667408918675463,手机响了
315.582,普通弹幕,中,红,1595172253,0,c06f53d1,35667353602097157,狙击手报告：去问炊事班
544.852,底部弹幕,中,红,1595171921,0,21e6e064,35667179664310277,上升气流
138.233,底部弹幕,中,红,1595171663,0,21e6e064,35667044335616007,前方B站破歌
181.601,普通弹幕,中,黄,1595171059,0,797b49fc,35666727964508165,这BGM有高达内味了【doge】
1307.374,普通弹幕,中,白,1595170682,0,cb6c3a11,35666529906851845,安全裤
124.179,普通弹幕,中,白,1595170514,0,5218abe6,35666441861595139,486后宫
1245.505,普通弹幕,中,白,1595170509,0,cb6c3a11,35666439184580611,劫匪快跑啊，不要回头
1316.918,普通弹幕,中,白,1595169011,0,8165f1e6,35665653869838339,本剧最佳安全气囊
292.004,普通弹幕,中,白,1595168864,0,7609464b,35665576946302983,安全裤很奇怪吗，妈妈们的最爱(๑°3°๑)
1121.588,普通弹幕,中,白,1595168740,0,8165f1e6,35665512122286085,死之象
18.94,普通弹幕,中,白,1595168421,0,1f73816c,35665344534675461,危 快跑  小混混快跑
1280.96,普通弹幕,中,白,1595168358,0,8ad58181,35665311890931715,下次一定
1169.18,普通弹幕,中,白,1595168240,0,8ad58181,35665250035433475,草稚京？？？
1075.703,普通弹幕,中,白,1595168140,0,8ad58181,35665197249593347,不幸啊！！！！！！！！！！！！！！！！
232.64,普通弹幕,中,红,1595168097,0,3bb38f7e,35665174712549383,小手一抖op没有
1111.239,底部弹幕,中,红,1595168025,0,e2e1c8c4,35665137111138309,拉苏 阿奋 周
704.701,普通弹幕,中,白,1595167857,0,8ad58181,35665049200623621,不幸啊
119.868,普通弹幕,中,白,1595167802,0,bcb02738,35665020416163845,这女的声音好像巫婆
980.971,普通弹幕,中,白,1595167192,0,c932c739,35664700298493959,这手……
70.661,普通弹幕,中,白,1595167109,0,8ad58181,35664656599613443,是不是没上条了
21.65,普通弹幕,中,白,1595167035,0,8ad58181,35664617953296387,这是不是没上条了
1409.286,底部弹幕,中,红,1595166722,0,8bea859d,35664454124306435,61.4w了
1325.966,底部弹幕,中,红,1595166632,0,8bea859d,35664406712418307,此时一方大爷还没带娃，还在无敌的路上
1298.301,底部弹幕,中,黄,1595166268,0,e7fffac6,35664216170954755,非法破坏公共财产-公路，罚款22点37亿日元
1028.347,底部弹幕,中,红,1595165905,0,e7fffac6,35664025556615173,牙白迪斯内！
620.856,普通弹幕,中,白,1595165877,0,8bea859d,35664010956767239,泪爷能力：查看剧本
342.256,普通弹幕,中,黄,1595165601,0,b96e1d5d,35663866469810183,防弹库狙击任务失败
33.923,普通弹幕,中,白,1595165145,0,ef87d20d,35663627123949575,只想听op
1240.039,普通弹幕,中,白,1595164631,0,d7baa400,35663357568614403,劫匪 危
155.29,底部弹幕,中,蓝,1595164253,0,85d016fa,35663159702847495,哔哩哔哩 - ( ゜- ゜)つロ 干杯~
962.23,普通弹幕,中,白,1595164114,0,453e423d,35663086878720007,超光速打脸
56.377,普通弹幕,中,白,1595163993,0,5a16d2e9,35663023378006019,“最安全的地方”
814.095,普通弹幕,中,白,1595163966,0,453e423d,35663009209122823,so
23.476,普通弹幕,中,白,1595163268,0,fec60179,35662642981896195,小混混快！跑
24.98,普通弹幕,中,白,1595162966,0,9c698fa8,35662484753350663,小———混———混———
222.683,普通弹幕,中,白,1595161652,0,8929a9a1,35661795862511623,握草爱了
1428.966,普通弹幕,中,白,1595160497,0,9fec179a,35661190513819655,淦 好帅气
1.18,普通弹幕,中,白,1595160339,0,51c0d319,35661107285721091,宝藏
1489.606,普通弹幕,中,白,1595160222,0,f0688fb8,35661045818195975,这剧没男主，男主是炮姐
1412.305,普通弹幕,中,白,1595159961,0,e96cb86e,35660909387972613,哈哈哈哈
1000.338,底部弹幕,中,红,1595159683,0,5a81abef,35660763665793031,一直炮失去了梦想
943.177,普通弹幕,中,白,1595159477,0,e96cb86e,35660655522480135,xswl
906.417,普通弹幕,中,白,1595159437,0,e96cb86e,35660634607058951,呱太hhhh
459.866,普通弹幕,中,白,1595158646,0,3aa6ef42,35660219562852355,FBI WARNING
341.108,普通弹幕,中,白,1595158584,0,a5a3ccf6,35660187303411715,补4岁的番
466.292,普通弹幕,中,白,1595158543,0,3aa6ef42,35660165996871685,MAZ THIET
239.337,普通弹幕,中,白,1595158353,0,f7b654c6,35660066386345989,没有男主吗
428.872,普通弹幕,中,白,1595158298,0,3aa6ef42,35660037509087239,Shcefa
276.752,普通弹幕,中,白,1595158086,0,3aa6ef42,35659926324379653,Soccland!
17.54,底部弹幕,中,红,1595157784,0,e2413c8a,35659767789649989,危 混混 危
55.506,底部弹幕,中,红,1595156951,0,107dff55,35659331300491269,魔    法
1342.911,普通弹幕,中,白,1595156593,0,a556c2a0,35659143334854663,上个无敌的还在打工
1509.545,普通弹幕,中,白,1595156525,0,d17f36a8,35659107837935621,oh!!!!!!
1080.688,普通弹幕,中,白,1595156121,0,d28b7dca,35658896224288771,支线触发
1112.916,普通弹幕,中,白,1595156101,0,d17f36a8,35658885530386437,热血
1275.823,普通弹幕,中,白,1595155980,0,91137f16,35658822266126343,明示投币
1309.372,底部弹幕,中,白,1595155896,0,e13ef106,35658778041909251,上一个无敌已经带娃去了
454.566,普通弹幕,中,白,1595155482,0,3241c015,35658561184333827,电解水
721.79,普通弹幕,中,白,1595155232,0,e13ef106,35658429703913475,没男主，男一被遗忘，男二在带娃
446.673,普通弹幕,中,白,1595154943,0,e13ef106,35658278520225797,一方、当麻:就这？
558.558,普通弹幕,中,白,1595154592,0,67f0d969,35658094554382343,没有男主角吗
1257.584,普通弹幕,中,白,1595154156,0,2dab150e,35657865916579847,危危危
611.599,普通弹幕,中,白,1595153623,0,79350258,35657586583273477,黑的
314.764,普通弹幕,中,红,1595152623,0,ea39a9c6,35657061943476229,补2岁的番
786.468,普通弹幕,中,白,1595152415,0,6904c18a,35656952808210437,无鸡之谈
535.741,普通弹幕,中,白,1595151988,0,c71dc431,35656729164251141,好看吗
603.894,普通弹幕,中,白,1595151409,0,d9e927a,35656425729425415,狙击手报告 黑洞 虚无
569.313,普通弹幕,中,黄,1595151105,0,4c6e20a0,35656266071146499,…………
244.272,普通弹幕,中,白,1595151004,0,d9e927a,35656213071396869,啊这
274.922,底部弹幕,中,红,1595150396,0,d369f385,35655894292758535,危 贩卖机 危
1277.484,普通弹幕,中,白,1595150367,0,a39a42f3,35655879128776709,暗示投币
297.172,普通弹幕,中,白,1595150125,0,a39a42f3,35655752320286725,暗示不用投币
255.335,普通弹幕,中,白,1595148868,0,7e2de11b,35655093456994309,在，爷没跳
409.505,普通弹幕,中,白,1595148599,0,fb5353cd,35654952259420167,小白龙
1189.249,普通弹幕,中,粉,1595148417,0,a82f10b9,35654856809644035,黑子没有穿安全裤啊
1412.037,底部弹幕,中,红,1595147957,0,79e795a9,35654615637164039,"正しい光が,大地を照らしている"
148.233,普通弹幕,中,白,1595147236,0,ea7cc987,35654237494968327,嗷！
1071.242,普通弹幕,中,白,1595146019,0,5fd0129d,35653599374082053,哈哈哈哈哈黑子
245.548,普通弹幕,中,白,1595145672,0,79350258,35653417570402307,长得都差不多啊
35.979,普通弹幕,中,白,1595145435,0,81e1575,35653293401702403,众所周知，这里有184万名学生
1285.553,普通弹幕,中,白,1595143682,0,2e240baf,35652374387752965,五级号
494.12,普通弹幕,中,黄,1595143605,0,caafc07b,35652333857144835,开始了，开始了！！！嘿嘿嘿～～～(º﹃º )
488.424,普通弹幕,中,黄,1595143519,0,caafc07b,35652289057259523,开始了，开始了，开始了，开始了！！！！
478.76,普通弹幕,中,黄,1595143498,0,caafc07b,35652277872623619,前方冥场面。
381.928,普通弹幕,中,红,1595143305,0,caafc07b,35652176473227271,百岁老番！
1051.303,普通弹幕,中,白,1595142890,0,c160c8b1,35651958895280135,魔法禁书目录男主完全克制炮姐
133.608,普通弹幕,中,红,1595142769,0,caafc07b,35651895674011653,新井里美！！！！
153.779,普通弹幕,中,红,1595142747,0,79634d8c,35651884132859909,梦开始的地方
72.082,普通弹幕,中,红,1595142693,0,caafc07b,35651855605825543,冥场面。。。
271.357,普通弹幕,中,白,1595141446,0,c160c8b1,35651201966014469,贝蒂
224.637,普通弹幕,中,白,1595141395,0,c160c8b1,35651175142916101,某科学的一方通行是什么
79.139,普通弹幕,中,白,1595140658,0,d821e537,35650788675551235,超级～安全～呢
366.506,底部弹幕,中,红,1595140334,0,10c23c6b,35650618982924291,补十一岁的番
393.446,普通弹幕,中,白,1595139895,0,72a12834,35650389028110339,婚前天美
939.595,普通弹幕,中,白,1595139551,0,2d56483c,35650208681951235,好红红火火恍恍惚惚
1466.811,普通弹幕,中,白,1595139545,0,e38785c,35650205262544903,无人区
383.653,普通弹幕,中,白,1595139411,0,1c4c8da9,35650135374954501,补四岁的番
462.761,普通弹幕,中,白,1595138917,0,3830539e,35649876327399427,市民；今儿的风甚是喧嚣
26.579,普通弹幕,中,黄,1595138691,0,d9e72d48,35649757916954629,小混混！快跑！
1291.969,普通弹幕,中,红,1595138351,0,398ca246,35649579612372995,哎，现在的年轻人真是血气方刚走好不送
1127.944,普通弹幕,中,白,1595138181,0,398ca246,35649490499141639,一路走好不送
664.765,普通弹幕,中,白,1595137128,0,7691f1e9,35648938073653251,唯一一次拿错剧本
617.414,普通弹幕,中,白,1595137056,0,7691f1e9,35648900501602307,Lv6。，剧本掌握者
527.266,普通弹幕,中,白,1595136950,0,7691f1e9,35648844794953733,呜~一~哈~鲁~
515.717,底部弹幕,中,红,1595136902,0,7691f1e9,35648819948945415,啊~
666.218,底部弹幕,中,白,1595136851,0,cca12661,35648792958074887,上一个这么说的已经被攻略了
473.042,普通弹幕,中,白,1595136289,0,268eeb9a,35648498278858755,绅士在这种时候一般都会把眼睛抠出来。
1295.623,普通弹幕,中,白,1595136278,0,90178726,35648492470272007,今年热度词：危
1188.412,普通弹幕,中,白,1595136243,0,36359e38,35648474406977539,白井黑子好像友利奈绪啊
941.396,普通弹幕,中,白,1595136101,0,beb889ca,35648400005791751,男主出现
611.537,普通弹幕,中,白,1595135719,0,36359e38,35648199567343621,这有男主吗？
450.228,普通弹幕,中,白,1595135541,0,beb889ca,35648106403463171,无法投币的神奇番
26.22,普通弹幕,中,白,1595135166,0,e08bbfaa,35647909540659207,小混混高危职业
510.355,底部弹幕,中,白,1595133740,0,c98c1987,35647161866125319,啊这啊这，之前不是这样的啊
415.9,普通弹幕,中,白,1595133609,0,efe49bab,35647093079539719,安      全
321.204,普通弹幕,中,白,1595133511,0,6f91d34,35647041578729477,补57岁的番
1312.545,普通弹幕,中,白,1595133304,0,778ca69,35646933500428291,还有食蜂女王
866.565,普通弹幕,中,白,1595132833,0,778ca69,35646686112514055,先买电脑配件
78.718,普通弹幕,中,白,1595131923,0,778ca69,35646209089601541,众所周知，学园都市是最安全的地方
33.678,普通弹幕,中,白,1595131820,0,778ca69,35646155185455111,要求全文背诵
688.653,底部弹幕,中,红,1595131464,0,2d39a749,35645968793206789,注：初春的设定是财迷
374.228,底部弹幕,中,蓝,1595131360,0,bde0b8df,35645913879805959,补11岁的番
448.669,底部弹幕,中,黄,1595131209,0,2d39a749,35645834876944387,这是美琴主场一方厨去科方里
22.115,底部弹幕,中,黄,1595130959,0,2d39a749,35645703695892483,这是起源
166.546,普通弹幕,中,白,1595130654,0,cd5bf7ec,35645544172879877,开头还挺燃的
1415.299,普通弹幕,中,橙,1595130357,0,29ba0ee2,35645387992203267,啊-----------
808.313,底部弹幕,中,黄,1595130355,0,ea3231ad,35645387334746115,。。。全程高速
406.417,普通弹幕,中,白,1595130198,0,f2c9297b,35645304873156679,补一万岁的番
45.216,普通弹幕,中,白,1595129671,0,64c0015a,35645028407705607,刘宇潇nb
867.656,底部弹幕,小,黄,1595129607,0,e72eb4f9,35644994989588483,军火库
761.055,底部弹幕,中,黄,1595129480,0,e72eb4f9,35644928677117959,◥◣◥◣◥◣◥◣◥◣◥◣◥◣◥◣◥◣前方高能预警◥◣◥◣◥◣◥◣◥◣◥◣◥◣◥◣◥◣
745.156,底部弹幕,中,黄,1595129444,0,e72eb4f9,35644909568393221,◥◣◥◣◥◣◥◣◥◣◥◣◥◣前方高能◥◣◥◣◥◣◥◣◥◣◥◣◥◣
495.102,普通弹幕,中,黄,1595129411,0,39bd067f,35644892427845635,摄晚八
399.816,普通弹幕,中,黄,1595129316,0,39bd067f,35644842478927879,没有对比没有伤害，平平无奇
710.526,普通弹幕,中,白,1595129311,0,e72eb4f9,35644839832322053,◥◣
497.13,普通弹幕,中,白,1595128982,0,bcec4c59,35644667342094339,泡泡姐才十四岁
1178.382,普通弹幕,中,红,1595128590,0,344795aa,35644461813858307,火系魔法
1316.962,底部弹幕,中,红,1595127626,0,1ad951f6,35643956170588167,项原龙、斑鸠：強いですね！
1394.729,普通弹幕,中,白,1595127263,0,5b08ab45,35643766212657157,正道の光が大地を照らす
1309.609,底部弹幕,中,黄,1595126138,0,29236db4,35643176446328839,炊事班看到了
82.629,普通弹幕,中,蓝,1595125744,0,7a4b0c7d,35642969557565443,真安全安心
506.851,底部弹幕,中,黄,1595125204,0,29236db4,35642686627643397,故乡的百合花开了
934.939,普通弹幕,中,白,1595125087,0,d9ead58f,35642625281753095,男主
1308.969,普通弹幕,中,白,1595123455,0,8fe877b8,35641769806790659,有了安全裤就可以为所欲为
1003.39,普通弹幕,中,白,1595123055,0,8fe877b8,35641560067997703,一只炮失去了梦想
945.75,普通弹幕,中,白,1595122978,0,8fe877b8,35641519375384581,光速打脸
754.177,普通弹幕,中,白,1595122775,0,8fe877b8,35641412889346055,非战斗人员请立即撤离
718.637,普通弹幕,中,白,1595122688,0,8fe877b8,35641367280484355,前方高能前方高能
537.217,普通弹幕,中,白,1595122497,0,8fe877b8,35641267124699143,前方高能裙子要飞了
388.937,普通弹幕,中,白,1595122296,0,8fe877b8,35641161947283461,前方高能前方高能
331.794,普通弹幕,中,白,1595121895,0,8fe877b8,35640951612899331,这红绿灯有点东西
283.32,普通弹幕,中,白,1595121821,0,8fe877b8,35640913166860295,安全裤安全裤
67.24,普通弹幕,中,白,1595121598,0,8fe877b8,35640795769339907,打脸了打脸了
40.099,普通弹幕,中,白,1595121544,0,8fe877b8,35640767896092675,前方高能前方高能
240.59,普通弹幕,中,白,1595121121,0,f2428d0,35640545747402759,进度君保持住
235.646,普通弹幕,中,白,1595121110,0,f2428d0,35640540229795847,吓吓，有被谢到
179.046,普通弹幕,中,白,1595121055,0,f2428d0,35640511136530435,安兹王屠敌，号天子在此
170.96,普通弹幕,中,白,1595121047,0,f2428d0,35640507270955015,阿巴阿巴。
454.276,普通弹幕,中,白,1595120383,0,e53f378a,35640158783537155,下次也不一定
215.232,普通弹幕,中,白,1595120044,0,e53f378a,35639981108101123,开跑
1376.221,底部弹幕,中,红,1595119945,0,180d7790,35639929252347909,泡泡茶壶
1412.338,普通弹幕,中,红,1595119046,0,27ac8d6a,35639458165948421,正道の光が大地を照らした
143.229,普通弹幕,中,白,1595118341,0,94578136,35639088433856519,一路走好
274.14,普通弹幕,中,白,1595116981,0,4bc51eee,35638375260094467,补1岁的番
190.54,普通弹幕,中,白,1595097525,0,a08c1b04,35628174725349383,bilibili f杯（doge）
254.414,底部弹幕,中,红,1595094312,0,16526526,35626490434420739,男主哩
230.494,底部弹幕,中,红,1595094279,0,16526526,35626472918482947,有男主没
930.793,普通弹幕,中,蓝,1595092973,0,4131b49c,35625788251832325,呱呱
880.873,普通弹幕,中,白,1595092913,0,4131b49c,35625756905701381,这么老的番画质这么好
469.793,普通弹幕,中,白,1595091145,0,f244681,35624829830299655,怎么没有豆
1327.974,普通弹幕,中,青,1595088355,0,ad755dcf,35623367287504901,下一个无敌的还没有带娃
477.928,普通弹幕,中,白,1595088077,0,eeabe854,35623221251801091,可以冲
613.439,普通弹幕,中,白,1595087651,0,ad755dcf,35622998164111363,两个0，一个成天拯救世界，一个成天预知未来
618.299,普通弹幕,中,白,1595087445,0,76bf2360,35622889963651075,众所周知，LV0是顶级
300.203,普通弹幕,中,白,1595087427,0,28505c67,35622880772358151,有长腿的
278.419,普通弹幕,中,白,1595087346,0,28505c67,35622838031351815,荆轲啦
242.94,普通弹幕,中,白,1595087247,0,28505c67,35622786264203269,中文好评
69.584,普通弹幕,中,白,1595087023,0,28505c67,35622668774408195,安心
489.446,普通弹幕,中,白,1595086828,0,c827751c,35622566491062277,点哪去了？
18.696,普通弹幕,中,白,1595086130,0,4ea80161,35622200703188999,雷霆嘎巴
1166.908,普通弹幕,中,白,1595086019,0,427eb5ff,35622142532386823,宝宝巴士可还行
1025.093,普通弹幕,中,白,1595085887,0,427eb5ff,35622073129238531,煎饼果子xswl
614.409,普通弹幕,中,白,1595085489,0,427eb5ff,35621864423292931,泪爷什么梗？
1318.289,普通弹幕,中,白,1595085427,0,9ff1cb83,35621831908524035,又双叕
1259.258,普通弹幕,中,白,1595085330,0,a95eecdd,35621781242904583,非战斗人员请撤离
1249.478,普通弹幕,中,白,1595085318,0,a95eecdd,35621774946205699,QAQ画质感人
464.596,普通弹幕,中,白,1595084636,0,380d48c2,35621417161064451,补上辈子的番
163.383,普通弹幕,中,白,1595084368,0,b6fc9f1a,35621276764602435,洗脑神曲
718.519,底部弹幕,中,红,1595084333,0,cb2f9b7b,35621258275061763,用心做超炮，用脚做魔禁
83.308,普通弹幕,中,白,1595084192,0,61b460fd,35621184681803783,安心极了
569.173,底部弹幕,中,红,1595084178,0,cb2f9b7b,35621177136250883,众所周知，泪爷是编剧
509.656,底部弹幕,中,白,1595083587,0,c1b5b220,35620867158835207,雪乃：同病相怜
596.726,底部弹幕,中,紫,1595082863,0,f8d698b7,35620487660830727,这不是部战斗番吗？
587.566,底部弹幕,中,紫,1595082844,0,f8d698b7,35620477791109123,这不是部战斗番吗？
460.366,底部弹幕,中,红,1595082703,0,f8d698b7,35620403729137671,集中一点，登峰造极
85.837,普通弹幕,中,白,1595082622,0,427eb5ff,35620361310044167,安全的治安系统
332.5,底部弹幕,中,白,1595082526,0,f8d698b7,35620311125196807,补2岁的番
329.26,普通弹幕,中,白,1595082509,0,f8d698b7,35620302045577221,补2岁的fq
1313.665,普通弹幕,中,白,1595081792,0,de63bc6c,35619926270017539,学园都市的第三 魔禁世界观里能排进前三十吗
173.258,普通弹幕,中,白,1595081651,0,7f5a738,35619852489064455,原来是这样啊
54.894,底部弹幕,中,红,1595080416,0,b0ab6ba5,35619204885905415,魔法
157.179,普通弹幕,中,白,1595080376,0,563c9d68,35619183997747269,砸瓦鲁多
1237.489,普通弹幕,中,粉,1595080057,0,bc55a96c,35619016724185091,握草，老子
1009.849,普通弹幕,中,粉,1595079820,0,bc55a96c,35618892596379655,还没说哈哈哈
548.094,普通弹幕,中,白,1595079555,0,d53caf4d,35618753468694533,基洛夫报告
44.919,普通弹幕,中,白,1595079229,0,3ee963b3,35618582391947269,巨大的实验室
896.269,普通弹幕,中,白,1595079049,0,f909982f,35618488173199363,不是都很擅长的吗…………
386.26,底部弹幕,中,红,1595078731,0,79b84ae9,35618321138188291,补细胞核的番
1423.023,普通弹幕,中,白,1595078723,0,2ad3052c,35618317343391751,8052.2w
1283.961,普通弹幕,小,红,1595078090,0,543c9438,35617985194885127,明示投币
1243.121,普通弹幕,小,红,1595078042,0,543c9438,35617960043216899,危危危危危危危
1318.953,底部弹幕,中,紫,1595077646,0,ab027a11,35617752517443589,双击，咂瓦鲁多
1277.353,底部弹幕,中,紫,1595077608,0,ab027a11,35617732452941831,上一个无敌的已经去和太阳肩并肩了
149.554,普通弹幕,中,红,1595077480,0,b2a0d637,35617665533345799,头一个没跳过OP的番
618.802,普通弹幕,中,白,1595077453,0,d9e97f68,35617651542196231,可以
275.772,普通弹幕,中,白,1595077430,0,bd37f54,35617639322615811,补6岁的番
504.254,普通弹幕,中,白,1595077374,0,89c0b305,35617609805201413,车车，好快的车车
269.797,普通弹幕,中,白,1595077196,0,378cac32,35617516302106629,贩——卖——机——
22.833,普通弹幕,中,红,1595077180,0,b2a0d637,35617508371202055,小混混快跑啊
1301.907,普通弹幕,中,白,1595076313,0,146d9fcc,35617053509419015,暗示投币
1288.766,普通弹幕,中,白,1595076300,0,146d9fcc,35617046594060293,赶紧投币
1265.684,普通弹幕,中,白,1595076277,0,146d9fcc,35617034491396101,劫匪危劫匪危
1080.339,普通弹幕,中,白,1595076091,0,146d9fcc,35616937401122819,劫匪–危
935.996,普通弹幕,中,白,1595075876,0,146d9fcc,35616824698601477,男主呱太
535.956,普通弹幕,中,白,1595075454,0,146d9fcc,35616603256127491,Lv6剧本掌控 上升气流
504.254,普通弹幕,中,白,1595075361,0,146d9fcc,35616554506780679,车车，好快的车
477.073,普通弹幕,中,白,1595075314,0,146d9fcc,35616529949655047,5a景区
1094.825,普通弹幕,中,白,1595075255,0,a6853abc,35616499091111941,劫匪：夭寿啦
1036.139,普通弹幕,中,白,1595075166,0,a6853abc,35616452350312451,魔禁里开头的炮姐为什么那么高冷呢
1111.378,底部弹幕,中,蓝,1595075103,0,51810228,35616419155017735,快跑，别回头！
1111.378,底部弹幕,中,蓝,1595075095,0,51810228,35616415104368645,◣◥◣◥◣◥◣◥◣◥◣◥◣◥◣◥◣◥◣WARNING◥◣◥◣◥◣◥◣◥◣◥◣◥◣◥◣◥◣◥
1078.184,底部弹幕,中,蓝,1595075057,0,51810228,35616394917707779,◣◥◣◥◣◥◣◥◣◥◣◥◣◥◣◥◣◥◣WARNING◥◣◥◣◥◣◥◣◥◣◥◣◥◣◥◣◥◣◥
1077.051,底部弹幕,中,黄,1595075037,0,eca69047,35616384717684743,男主不是死了吗？
102.263,普通弹幕,中,白,1595074972,0,146d9fcc,35616350546690051,黑子！
87.369,普通弹幕,中,白,1595074957,0,146d9fcc,35616342743187463,真安全
756.391,底部弹幕,中,蓝,1595074865,0,51810228,35616294250217477,开始吟唱
550.098,底部弹幕,中,蓝,1595074574,0,51810228,35616141703380995,狙击手直呼内行
287.528,底部弹幕,中,蓝,1595074312,0,51810228,35616004263903299,真正的狙击手，是能从安全裤的缝隙里，瞥见神圣的风景
1414.201,普通弹幕,中,白,1595074193,0,8460cdd4,35615942277857283,正しい光が大地を照らした
1395.661,普通弹幕,中,白,1595074165,0,8460cdd4,35615927542218755,正道の光が大地を照らした
510.02,普通弹幕,中,绿,1595074121,0,6cdc4cd5,35615904233947139,这车好快
198.116,普通弹幕,中,白,1595074036,0,7aa337ee,35615859840385031,有男主吗
468.632,普通弹幕,中,白,1595073857,0,a6853abc,35615766207791107,摄影师晚上吃灯光师
212.299,普通弹幕,中,绿,1595073789,0,6cdc4cd5,35615730503778311,哔哩哔哩干杯
1395.282,普通弹幕,中,白,1595073466,0,e5782170,35615560932261891,男主呢？！
1355.431,普通弹幕,中,白,1595073414,0,e5782170,35615533479493637,黑子の演讲？
43.3,普通弹幕,中,绿,1595073391,0,6cdc4cd5,35615521432403971,小混混危
1140.009,普通弹幕,中,白,1595073218,0,56f9d65a,35615430907265031,求劫匪视角
204.266,普通弹幕,中,白,1595072927,0,94fec39,35615278348369923,java
701.501,普通弹幕,中,白,1595072726,0,e5782170,35615172889411587,都过半了
698.962,普通弹幕,中,白,1595072718,0,e5782170,35615168655785991,男主呢？
1137.284,普通弹幕,中,白,1595072659,0,12423942,35615137966587909,李小龙的徒弟！！！
8.158,普通弹幕,中,白,1595072647,0,5eaf28ab,35615131707637763,呱太
1111.953,普通弹幕,中,白,1595072616,0,12423942,35615115280646149,帅啊
1195.696,普通弹幕,中,白,1595072575,0,de5152a6,35615093819965443,描边大师
1043.61,普通弹幕,中,白,1595072450,0,12423942,35615028243070983,吃瓜的群众
1011.951,普通弹幕,中,白,1595072384,0,12423942,35614993440833543,！！！
862.491,普通弹幕,中,白,1595072227,0,12423942,35614911533940805,御姐风范
1316.016,普通弹幕,中,红,1595072048,0,3458d996,35614817741963271,上一个这么无敌的已经停止了思考
1250.044,普通弹幕,中,红,1595071958,0,3458d996,35614770417106951,壮士走好
1244.413,普通弹幕,中,红,1595071926,0,3458d996,35614753665581059,危危危危危
805.769,普通弹幕,中,白,1595071883,0,12423942,35614730860625923,服务员惊呆了
797.719,普通弹幕,中,白,1595071860,0,12423942,35614718690328579,这蛙跳到底有多强
797.719,普通弹幕,中,白,1595071842,0,12423942,35614709481734147,！！！
790.277,普通弹幕,中,白,1595071830,0,12423942,35614703461335047,好可爱，好想捏
249.954,普通弹幕,中,白,1595071657,0,9f12f249,35614612741160967,热心市民啊，炮姐。
552.827,普通弹幕,中,白,1595071454,0,12423942,35614506103603205,！！
531.302,普通弹幕,中,白,1595071432,0,12423942,35614494830886919,太太太。。
187.092,普通弹幕,中,白,1595071405,0,c4de51b9,35614480155017219,B站立站之本
487.576,普通弹幕,中,白,1595071389,0,12423942,35614471896432643,闭眼闭眼
7.505,普通弹幕,中,白,1595071384,0,9f12f249,35614469287575555,回顾
1397.558,普通弹幕,中,红,1595071376,0,8c33a7c3,35614465196032003,正道の光
472.182,普通弹幕,中,白,1595071373,0,12423942,35614463826067523,。。。
3.635,普通弹幕,中,白,1595071215,0,c4de51b9,35614380937183239,超宝藏。 宝藏宝藏
283.626,普通弹幕,中,白,1595071184,0,12423942,35614364366536707,！！！
1241.492,普通弹幕,中,红,1595071165,0,8c33a7c3,35614354569166855,劫匪，危
108.797,普通弹幕,中,白,1595070859,0,12423942,35614194074124293,nbnb
1076.086,普通弹幕,中,红,1595070785,0,8c33a7c3,35614155098030085,危危危危危危危危危危危危危危危危危危
743.443,普通弹幕,中,白,1595070662,0,82ef23f8,35614091115495427,啊巴啊巴啊巴啊巴啊巴
987.032,普通弹幕,中,红,1595069335,0,6d2cdd02,35613395098533895,羡慕的眼神
710.234,普通弹幕,中,白,1595066814,0,e56afb4b,35612073305571331,看魔禁一就知道了炮姐最初设定就是个不良少女...
1242.898,普通弹幕,中,白,1595066406,0,69909b47,35611859365134339,危危危危危危危危危危危危危
377.55,普通弹幕,中,白,1595066397,0,28887590,35611854902919171,补一岁时候的番
96.699,普通弹幕,中,白,1595066104,0,1e01803a,35611701184299015,黄金精神
1397.492,普通弹幕,中,红,1595065740,0,57d63f4b,35611510234939395,お母さんの绝论
1255.052,普通弹幕,中,红,1595065547,0,57d63f4b,35611408885350405,危危危危危危危危危危危危危危危危危危危危危危危危危危危危
1143.072,普通弹幕,中,红,1595065404,0,57d63f4b,35611334375112709,蝎：md
1082.232,普通弹幕,中,红,1595065328,0,57d63f4b,35611294133387271,危      劫匪    危
1082.232,普通弹幕,中,白,1595065307,0,57d63f4b,35611283388104711,       危
759.109,普通弹幕,中,红,1595065026,0,1b27d94e,35611135765381127,眼神指导：御坂妹
1420.525,普通弹幕,中,白,1595064753,0,4fafb318,35610993073586181,正しい道の光が大地を照らした
1251.26,普通弹幕,中,白,1595064715,0,dd1d9d2e,35610973125476355,一路走好
488.38,底部弹幕,中,红,1595064295,0,d5478912,35610752553844743,摄    鸡     没     饭      懂？
11.979,普通弹幕,中,白,1595063771,0,f8459782,35610478145175555,嚯嚯嚯
1244.404,普通弹幕,中,白,1595062905,0,1fcfd732,35610023917780995,危危危危危危危危危危危危危危危危危危
946.988,普通弹幕,中,白,1595062793,0,d7343ac1,35609965197524999,红红火火恍恍惚惚h
174.774,普通弹幕,中,白,1595061963,0,bcd445d7,35609530121322503,最好听的op
38.018,普通弹幕,中,白,1595061958,0,da114a18,35609527685480453,混混快跑啊
1172.627,普通弹幕,中,白,1595061916,0,1ad951f6,35609505182515203,如果这是燃烧炸弹的话没准还能多抗一会儿。
88.319,普通弹幕,中,白,1595061830,0,afeb375e,35609460547780615,安～心～
198.343,普通弹幕,中,白,1595060447,0,431bf63c,35608735302811655,三季而已，轻轻松松
552.309,普通弹幕,中,白,1595060365,0,30b55235,35608692184842247,狙击手快来
1252.488,底部弹幕,中,黄,1595060105,0,986a9a3b,35608555726307331,明白人
1243.388,底部弹幕,中,黄,1595060085,0,986a9a3b,35608545441873925,劫匪：危
1205.698,底部弹幕,中,黄,1595060032,0,986a9a3b,35608517489459207,果然和黑沾边的都能瞬移
1115.714,底部弹幕,中,黄,1595059894,0,986a9a3b,35608445083189255,头发瞩目
1089.333,底部弹幕,中,黄,1595059806,0,986a9a3b,35608399035498567,瞬间吞掉
1024.874,底部弹幕,中,黄,1595059702,0,986a9a3b,35608344765399043,纳豆好评
1006.414,底部弹幕,中,黄,1595059587,0,986a9a3b,35608284301885443,恩人
999.494,底部弹幕,中,黄,1595059570,0,986a9a3b,35608275480739843,一只LV5失去了梦想
1000.597,底部弹幕,中,黄,1595059524,0,986a9a3b,35608251492990981,一只失去了梦想的炮姐
994.517,底部弹幕,中,黄,1595059503,0,986a9a3b,35608240086581253,老傲娇了
938.675,底部弹幕,中,黄,1595059436,0,986a9a3b,35608205250789379,光速好评
859.566,底部弹幕,中,黄,1595059316,0,986a9a3b,35608142504525827,好头
811.878,底部弹幕,中,黄,1595059245,0,986a9a3b,35608104892104711,这声，好头
632.832,底部弹幕,中,黄,1595059004,0,986a9a3b,35607978454810629,好（huang）番，当追
323.526,普通弹幕,中,白,1595058990,0,28ab56e,35607971150954499,补五个月的番
386.074,底部弹幕,中,红,1595058613,0,fa4daefd,35607773868195845,三岁的番
239.271,底部弹幕,中,红,1595058422,0,fa4daefd,35607673397837827,正片结束
1268.77,底部弹幕,中,红,1595058415,0,d101abdf,35607669889302531,危 劫匪 危
177.422,底部弹幕,中,红,1595058335,0,fa4daefd,35607628141297671,哔哩哔哩哔哩哔哩哔哩哔哩
435.58,普通弹幕,中,白,1595057651,0,c6e64141,35607269458575365,补9岁时的番
281.294,普通弹幕,中,红,1595057446,0,d101abdf,35607162015186947,真买饮料
211.56,普通弹幕,中,白,1595057195,0,4306481d,35607030101704707,上条当麻
485.972,普通弹幕,中,白,1595056780,0,ee750209,35606812936896515,这百合番怎么可能有男主？
512.631,底部弹幕,中,黄,1595055703,0,986a9a3b,35606247756529669,好快的车车
469.792,底部弹幕,中,黄,1595055640,0,986a9a3b,35606215180419079,天堂！！！！！
1247.705,普通弹幕,中,红,1595055623,0,bd51f68b,35606206214569987,危危危危危危危危危危.！！！！！！！！！！！！
375.012,底部弹幕,中,黄,1595055532,0,986a9a3b,35606158175633413,补2岁的番
1261.239,普通弹幕,中,白,1595055431,0,90ede07b,35606105697550343,危          劫匪          危
279.117,底部弹幕,中,黄,1595055410,0,986a9a3b,35606094566916103,吼吼吼吼吼
1224.063,普通弹幕,中,白,1595055394,0,90ede07b,35606086141083653,角度...
1098.188,普通弹幕,中,白,1595055268,0,90ede07b,35606020105437189,刚才是不是喊了九喇嘛？
1068.624,普通弹幕,中,白,1595055239,0,90ede07b,35606004642611207,这.....捉奸了？
1041.034,普通弹幕,中,白,1595055211,0,90ede07b,35605990180126727,纳豆.......
950.267,普通弹幕,中,白,1595055120,0,90ede07b,35605942595223559,呱~~~~
740.873,普通弹幕,中,白,1595054911,0,90ede07b,35605832767373317,142人~
676.07,普通弹幕,中,白,1595054846,0,90ede07b,35605798820249603,有男主？
661.534,普通弹幕,中,白,1595054832,0,90ede07b,35605791240617991,男主？
532.378,普通弹幕,中,白,1595054702,0,90ede07b,35605723459092549,好快的车
1187.502,普通弹幕,中,白,1595054670,0,52f873f5,35605706212114439,？芝顿！
1116.351,普通弹幕,中,白,1595054559,0,52f873f5,35605648268853251,假老崔假小富假老麦
1082.246,普通弹幕,中,白,1595054482,0,52f873f5,35605607702593541,民风淳朴洛圣都【说啥呢】
46.223,普通弹幕,中,白,1595053201,0,52f873f5,35604936047198213,洛圣都
1191.635,普通弹幕,中,白,1595053080,0,854fb4be,35604873019916291,动作指导：佩恩天道
783.479,普通弹幕,中,黄,1595053005,0,b3d69e4e,35604833654800389,大橘已定
991.372,普通弹幕,中,红,1595052692,0,ea5d5fb0,35604669249617925,◥◣◥◣◥◣◥◣◥◣◥◣◥◣◥◣◥◣WARNING◥◣◥◣◥◣◥◣◥◣◥◣◥◣◥◣◥◣
566.556,底部弹幕,中,白,1595052611,0,1c572ea2,35604626803261443,右边这个人突然消失了
469.448,普通弹幕,中,黄,1595052608,0,5a8b51c1,35604625088315399,自来也直呼内行
693.897,普通弹幕,中,红,1595052488,0,ea5d5fb0,35604562570641415,◥◣◥◣◥◣◥◣◥◣◥◣◥◣◥◣◥◣WARNING◥◣◥◣◥◣◥◣◥◣◥◣◥◣◥◣◥◣
197.478,普通弹幕,中,白,1595052488,0,544e1f21,35604562415976455,前方高能预警
1170.545,普通弹幕,中,红,1595052025,0,79347a7d,35604319941689347,火遁·瞎咋呼之术
325.539,普通弹幕,中,白,1595052014,0,13d9a8f1,35604313734643715,补一岁的番
63.625,普通弹幕,中,红,1595051988,0,ea5d5fb0,35604300398329927,这里是最安全的地方啦，小混混就是个高危职业。
179.543,普通弹幕,中,白,1595050931,0,c1252ad6,35603746188689415,撒啊
168.968,普通弹幕,中,白,1595050241,0,4fafb318,35603384468242437,哔哩哔哩( ゜- ゜)つロ 乾杯、
998.11,普通弹幕,中,白,1595049484,0,26c7798e,35602987696521221,炮姐终于吃到黑子的苦头了！
1008.908,普通弹幕,中,白,1595049380,0,26c7798e,35602932848656451,以耨！
938.349,普通弹幕,中,白,1595049239,0,26c7798e,35602858962321413,意外，这是意外！
740.015,普通弹幕,中,白,1595048843,0,26c7798e,35602651245182981,前方核能！！！
152.988,普通弹幕,中,白,1595047996,0,2a5cdbd,35602207270240259,百看不厌呐
780.962,普通弹幕,中,白,1595047857,0,43d59ecb,35602134212804611,淑女黑子
708.044,普通弹幕,中,白,1595047814,0,468515f2,35602112009732099,hhhhhhhh
74.7,普通弹幕,中,白,1595047777,0,87aba3c4,35602092646727749,好安全啊
71.66,普通弹幕,中,白,1595047766,0,87aba3c4,35602086947717127,安 全
1096.772,普通弹幕,中,白,1595047180,0,aca1652d,35601779584925703,喂喂喂喂喂
346.548,普通弹幕,中,白,1595047152,0,1aad88ac,35601764880220163,五岁番集合！
344.31,普通弹幕,中,白,1595046687,0,b72752b2,35601521307025415,常磐市，森谷帝二啊
33.219,底部弹幕,中,白,1595046623,0,991c9b9c,35601487450603523,快走阿小混混
572.142,普通弹幕,中,白,1595046062,0,42513e73,35601193206546439,所以初春的能力：生草
508.42,普通弹幕,中,白,1595045925,0,42513e73,35601121290485763,车车，好快的车车
1246.724,普通弹幕,中,白,1595045776,0,f192b335,35601043630850055,危，小混混快跑
192.059,普通弹幕,中,白,1595045761,0,b9b3ff75,35601035675828231,哔哩哔哩哔哩哔哩哔哩哔哩
164.761,普通弹幕,中,白,1595045516,0,42513e73,35600907045961735,Bilibili干杯
61.613,普通弹幕,中,白,1595045443,0,42513e73,35600868958535687,替身
417.042,普通弹幕,中,白,1595044803,0,6fc726cb,35600533321416709,补三岁时的番
1282.03,普通弹幕,中,白,1595044768,0,c220c322,35600515067281413,大爷。
321.929,普通弹幕,中,白,1595044512,0,96ba4b77,35600380462628867,一岁的番
370.704,普通弹幕,中,蓝,1595044454,0,10f6686d,35600350298243077,补两岁时的番
167.212,普通弹幕,中,白,1595044347,0,96ba4b77,35600293986566151,bilibili乾杯
1307.72,普通弹幕,中,紫,1595044266,0,250ca833,35600251888336903,一方通行表示秒杀不是问题
518.914,普通弹幕,中,白,1595044236,0,97b67d08,35600235977244679,车车！好快的车车！
415.398,普通弹幕,中,白,1595043983,0,37eb6666,35600103539474437,补七岁的番
384.938,普通弹幕,中,粉,1595043922,0,b79285cc,35600071227604997,光子姐姐！！！！
695.614,普通弹幕,中,白,1595043501,0,15f9afc2,35599850547970055,“葛饰”
163.96,普通弹幕,中,白,1595043366,0,2fa41ae0,35599779977232387,南酱
350.718,普通弹幕,中,白,1595042897,0,aca1652d,35599533782597637,这个科学多了
62.278,普通弹幕,中,白,1595042385,0,1cb0c6d9,35599265713618949,PHYTHON
1296.275,普通弹幕,中,白,1595042275,0,e5d0f7,35599208123727875,AId-爱亿耶
649.057,普通弹幕,中,黄,1595042080,0,4627ba23,35599105673134083,右手好酸
374.374,普通弹幕,中,白,1595041823,0,4974c5db,35598970801618951,建议p
390.84,普通弹幕,中,黄,1595041676,0,27d0c0cc,35598893658931203,补齐寿番
315.72,普通弹幕,中,黄,1595041559,0,27d0c0cc,35598832248029191,肆无忌惮的展示安全裤，爷青结
164.993,底部弹幕,中,蓝,1595041439,0,464d8afe,35598769596137479,按照规矩op只看一遍
361.783,普通弹幕,中,红,1595040886,0,a574a428,35598479788605445,友情提示：常盘台是大小姐贵族女校
569.853,普通弹幕,中,白,1595040074,0,575d6105,35598053731729413,对不起，下次还敢
1115.385,底部弹幕,中,青,1595039683,0,522425ad,35597848737218567,这就是B站风纪委员的由来吗？
918.085,普通弹幕,中,橙,1595039117,0,bf82ddab,35597552273850375,出现了呱太
476.892,普通弹幕,中,黄,1595038445,0,bf82ddab,35597199832252419,摄影师鸡腿里找米粒
73.998,底部弹幕,中,白,1595038393,0,14648178,35597172744388613,氨                        醛
63.433,底部弹幕,中,白,1595038370,0,14648178,35597160648540163,前方高能
58.069,底部弹幕,中,白,1595038359,0,14648178,35597154616082437,J——A——V——A——
30.854,普通弹幕,中,白,1595038302,0,14648178,35597124670324739,壮士一去兮不复还
478.399,普通弹幕,中,黄,1595037939,0,41010bb,35596934404112389,加鸡腿
1330.241,普通弹幕,中,白,1595037628,0,d3761b5c,35596771706535943,劫匪怎么样？还好吗？
603.361,普通弹幕,中,白,1595036996,0,d3761b5c,35596440352325639,手动滑稽。
235.391,普通弹幕,中,白,1595036607,0,d3761b5c,35596236396429315,op是肯定要跳的。
29.889,普通弹幕,中,白,1595036442,0,d3761b5c,35596149594783751,喂喂喂喂喂喂喂。危
295.233,底部弹幕,中,青,1595036258,0,522425ad,35596053256863749,摄影师今天晚上和梁非凡一桌
226.403,普通弹幕,中,白,1595036215,0,12e960ef,35596030573019141,超炮里当麻算是男主
1416.81,普通弹幕,中,白,1595034373,0,e4f4daa3,35595064796774407,正しい光が大地を照らしている.
1394.772,普通弹幕,中,白,1595034070,0,ad94319c,35594905844187141,正道の光
1278.727,底部弹幕,中,白,1595033004,0,c6ef94cf,35594347415076869,对于驯服 黑子并不反驳呢（滑稽）
1245.646,普通弹幕,中,白,1595031724,0,b53d5122,35593675873452037,劫——匪——
793.137,普通弹幕,中,白,1595031569,0,f0148238,35593594977910789,前方技术指导：小埋
997.169,普通弹幕,中,白,1595031459,0,b53d5122,35593537419476999,or
147.244,普通弹幕,中,白,1595031319,0,4b1cf66d,35593463619649541,好家伙，
220.931,底部弹幕,中,红,1595030852,0,931f44a1,35593218795503621,黑琴赛高
100.211,普通弹幕,中,白,1595030750,0,931f44a1,35593165411975175,黑子！！！！
62.559,普通弹幕,中,白,1595029593,0,5c8a8e8e,35592558960181253,Java
419.393,普通弹幕,中,白,1595021456,0,b0729fb9,35588292525686787,补个月的番
1186.788,普通弹幕,中,蓝,1595010281,0,114f04e5,35582433855275013,注意裙子啊喂！别以为穿了安全裤就可以为所欲为啊
320.243,普通弹幕,中,白,1595007033,0,d3409355,35580731136671749,补6岁的番
1242.187,普通弹幕,中,红,1595006425,0,95e96bc,35580412240592901,坏人快跑!
1199.505,普通弹幕,中,白,1595005268,0,d220c88c,35579805694427139,鸣人表示很淦
97.22,普通弹幕,中,白,1595005019,0,ae847052,35579674945388547,就听突然的
820.102,普通弹幕,中,白,1595004668,0,110a1358,35579491222814725,hoho
388.308,普通弹幕,中,黄,1595004010,0,9b8adaa3,35579146215620615,补8岁的番
384.724,普通弹幕,中,白,1595003995,0,9b8adaa3,35579137895170051,补8岁的番
1122.217,普通弹幕,中,白,1595002230,0,51312399,35578212894375943,蝎??!
573.902,普通弹幕,中,白,1595001740,0,51312399,35577955963371527,上升气流
931.646,普通弹幕,中,白,1595001675,0,e6bca9c4,35577921955430403,有趣的女人水陆两栖
1320.274,普通弹幕,中,白,1595001313,0,69fd2b79,35577731773628421,小——男——孩——
766.24,普通弹幕,中,深蓝,1595000255,0,26c7798e,35577177075351555,驱逐回春！
753.953,普通弹幕,中,青,1595000160,0,26c7798e,35577127432093701,纳尼纳尼
500.66,普通弹幕,中,青,1594999998,0,26c7798e,35577042798379015,毛德茂！
1092.93,普通弹幕,中,白,1594999717,0,ccf7188c,35576895186665479,jk裙里面是有口袋的
139.394,普通弹幕,中,白,1594999566,0,26c7798e,35576815921659909,欧内撒嘛！
22.236,普通弹幕,中,白,1594999403,0,26c7798e,35576730755268611,珍爱生命，远离混混职业！！！
4.287,普通弹幕,中,白,1594999350,0,26c7798e,35576702615683077,每次都哼这首歌！
1016.691,普通弹幕,中,白,1594999346,0,367d3ed7,35576700533735427,瞬间失去梦想
830.89,普通弹幕,中,白,1594999167,0,367d3ed7,35576607110332421,233
570.06,普通弹幕,中,白,1594998907,0,367d3ed7,35576470458859523,车车 好快的车车
148.527,普通弹幕,中,紫,1594998385,0,367d3ed7,35576196949868551,哔哩哔哩-(゜-゜)つロ乾杯~
435.149,普通弹幕,中,白,1594997158,0,6b70bd78,35575553551499269,动作指导：周星驰
414.302,普通弹幕,中,白,1594995750,0,cf4dddb9,35574815536971783,勉强能冲
1386.264,普通弹幕,中,白,1594995662,0,3949a4aa,35574769068277765,泡泡茶壶？
221.059,普通弹幕,中,白,1594994836,0,ea3231ad,35574336208240643,哔哩哔哩(゜-゜)つロ 干杯~-
1072.166,普通弹幕,中,白,1594994775,0,a6a17331,35574304067289095,全福银行
548.819,普通弹幕,中,蓝,1594993733,0,431a813c,35573757821583367,黑羽快斗直呼内行
620.728,普通弹幕,中,白,1594993405,0,bd6bfcec,35573586076893189,阿巴阿巴阿巴阿巴阿巴阿巴
823.566,普通弹幕,中,白,1594993330,0,6ccb955c,35573546793566213,没有男主吗？
519.968,普通弹幕,中,白,1594993258,0,75beed95,35573508628021251,这车开的
372.314,普通弹幕,中,白,1594993109,0,75beed95,35573430483943429,补四岁的番
322.133,普通弹幕,中,白,1594993058,0,75beed95,35573404180938755,补4岁的翻
915.719,普通弹幕,中,绿,1594992911,0,7ba3b073,35573326883061767,呱～～～～太
239.894,普通弹幕,中,红,1594992860,0,65294fa4,35573300229308419,这怎么那么像小町的配音
874.5,普通弹幕,中,白,1594992858,0,7ba3b073,35573299248365575,无处不在的呱太
1110.773,普通弹幕,中,白,1594992727,0,11f4ef7a,35573230297153541,这劫匪也太不会挑地方了吧
372.018,普通弹幕,中,红,1594992701,0,c71fc9d9,35573216985481219,补3岁的番
1245.496,底部弹幕,中,红,1594991642,0,afdc5f78,35572661715730437,劫———匪—————————
1130.19,底部弹幕,中,红,1594991520,0,afdc5f78,35572597753643011,再不闪边会受伤（指劫匪）
569.044,普通弹幕,中,白,1594991278,0,e64094b3,35572470578675715,其实男主有三个呢
1171.803,普通弹幕,中,白,1594990761,0,dfd2c7d4,35572199868334087,火遁
287.97,普通弹幕,中,白,1594990550,0,f6ff6d38,35572088895438851,官方吐槽
450.55,普通弹幕,中,白,1594989832,0,f926cdd4,35571712903872515,APCR2333
142.665,普通弹幕,中,白,1594988780,0,e8009825,35571160863211525,贝蒂
6.961,普通弹幕,中,白,1594988269,0,742286ee,35570892958859271,茵蒂克丝洗澡进行曲
146.332,普通弹幕,中,白,1594988256,0,c754bef7,35570886581420039,25
920.325,普通弹幕,中,白,1594988103,0,fd2df7ea,35570806240051203,awsl
1123.182,普通弹幕,中,红,1594987827,0,f4d6aa81,35570661417025541,危！
384.04,普通弹幕,中,白,1594986045,0,a8d77937,35569727384846341,补七岁的番
1077.865,普通弹幕,中,白,1594985908,0,b6e98726,35569655236526085,强盗     危
192.146,普通弹幕,中,白,1594985216,0,f258298,35569292476940291,教主好
611.988,普通弹幕,中,黄,1594985150,0,4ee2701,35569257696198661,没有开场男主无敌吗
1080.649,普通弹幕,中,红,1594984822,0,ede9fc0b,35569085892788231,劫匪  危
191.23,普通弹幕,中,白,1594984278,0,a6764baf,35568800598327303,炮姐赛高
42.627,普通弹幕,中,白,1594984068,0,a6764baf,35568690653560837,最安全的地方
549.532,普通弹幕,中,白,1594983157,0,d2e2882e,35568212989968391,Lv6 剧本掌握+上升气流
391.549,普通弹幕,中,白,1594983081,0,f9b58795,35568172964249605,声优像异世界生活的女杀手
324.22,普通弹幕,中,白,1594982851,0,906378d3,35568052363853829,安全裤
32.34,普通弹幕,中,白,1594982516,0,906378d3,35567876808638467,8000万贺电
510.801,普通弹幕,中,黄,1594982205,0,bc55a96c,35567713726758919,好快好快好快的
467.121,普通弹幕,中,黄,1594982153,0,bc55a96c,35567686542426117,绅士最爱
675.381,底部弹幕,中,青,1594981101,0,5cbcb0c1,35567134872961027,谢谢
334.286,普通弹幕,中,白,1594979870,0,6be7bff,35566489802637317,全是女的
1242.392,普通弹幕,中,白,1594979669,0,485067c4,35566384486809607,危         劫匪         危
1204.272,普通弹幕,中,白,1594979586,0,485067c4,35566340618584071,动作指导：末影人
1172.252,普通弹幕,中,白,1594979542,0,485067c4,35566317472317443,show time！
802.723,普通弹幕,中,白,1594979456,0,f3cf0316,35566272730103813,新井里美够了
931.301,普通弹幕,中,白,1594979182,0,485067c4,35566129237196807,男主呱太，就这么定了
907.861,普通弹幕,中,白,1594979118,0,485067c4,35566095259664387,男主出现了
754.068,普通弹幕,中,白,1594978816,0,485067c4,35565937265999875,黑子的本性透漏了！
155.679,普通弹幕,中,粉,1594978311,0,54ac2159,35565672539357187,哔哩哔哩（ ゜- ゜）つロ 
47.239,底部弹幕,中,红,1594978301,0,e256443e,35565667082567683,校园都市是最安全的地方。
61.227,普通弹幕,中,白,1594978066,0,e4a73621,35565543949860867,C＋＋
23.335,普通弹幕,中,白,1594978016,0,e4a73621,35565517756956677,千里送死
1245.727,普通弹幕,中,红,1594977775,0,6d80a78f,35565391314944005,危危危危危危危危危危
1011.594,普通弹幕,中,白,1594977511,0,6d80a78f,35565252672749575,原形毕露
288.369,普通弹幕,中,白,1594976493,0,147ac20b,35564718946516997,安全裤
61.901,普通弹幕,中,红,1594976248,0,6d80a78f,35564590498578437,钞能力！！！
369.121,普通弹幕,中,白,1594976034,0,e19ebb13,35564478317723655,补11岁番
852.042,普通弹幕,中,白,1594975700,0,6667bee3,35564303482355717,泪爷
14.944,普通弹幕,中,白,1594975076,0,e19ebb13,35563976283127815,夏日经典～
336.83,普通弹幕,中,白,1594972738,0,e010a7d0,35562750645108741,不补30岁的番
255.365,普通弹幕,中,白,1594972736,0,f3777be1,35562749294542855,姐姐好帅
376.607,底部弹幕,中,白,1594972161,0,3d200dbf,35562447951626245,补在耶稣那里看得番
45.914,普通弹幕,中,白,1594971699,0,3b2e341d,35562205555982341,小混混危
34.959,普通弹幕,中,白,1594971473,0,28aa20de,35562087338999813,南酱
1214.494,普通弹幕,中,粉,1594970666,0,a82f10b9,35561663914049539,谁说黑子不能把针传到别人身体里的？
19.64,普通弹幕,中,白,1594970433,0,6d140a39,35561542197968899,嘻嘻
7.8,底部弹幕,中,红,1594969325,0,b7824b2f,35560961079246855,洗澡歌
567.84,普通弹幕,中,白,1594968743,0,9dc154d2,35560655726575619,反射弧挺长的
541.579,普通弹幕,中,白,1594968716,0,9dc154d2,35560641933082631,声优
630.4,普通弹幕,中,白,1594968581,0,a82c1e20,35560570809221127,lost river
319.19,普通弹幕,中,白,1594968494,0,9dc154d2,35560525350305795,哦吼吼吼吼吼
1249.244,普通弹幕,中,白,1594968278,0,e5466d30,35560411973025799,热心市民御坂美琴
364.754,普通弹幕,中,红,1594968161,0,12151222,35560350601969667,光子死傲娇
363.534,普通弹幕,中,白,1594967947,0,f4a644be,35560238526496775,魔禁看了10集来看这个了
799.221,普通弹幕,中,黄,1594967569,0,a98e54dd,35560040349302791,cece好快的cece
416.976,普通弹幕,中,白,1594967135,0,a98e54dd,35559812925227013,补一岁时的番
1295.683,普通弹幕,中,白,1594966015,0,577752e5,35559225813368837,经典画面
1079.909,底部弹幕,中,白,1594965618,0,f80b4bc4,35559017612836871,热心市民，热血市民，一般群众之一已上线请立即撤离！
344.362,普通弹幕,中,白,1594965147,0,3039b95a,35558770642255879,全是女的，这里面有没有男主
123.222,普通弹幕,中,白,1594965026,0,76999c0a,35558707260030979,ww
205.002,普通弹幕,中,白,1594964976,0,3039b95a,35558681128992775,为了OP来看的
639.34,底部弹幕,中,黄,1594963230,0,f38655fc,35557765469962247,打几波
613.239,普通弹幕,中,淡蓝,1594963192,0,bc3b84d2,35557745872601091,摄影师在鸡腿里找饭
394.66,普通弹幕,中,白,1594962873,0,2b375eee,35557578615291907,补1岁的番
273.545,普通弹幕,中,红,1594962815,0,bc3b84d2,35557547849547781,补7岁时的番
64.932,普通弹幕,中,黄,1594962615,0,4e069938,35557442986704903,六花狂喜
161.684,普通弹幕,中,白,1594961771,0,1bece436,35557000789622787,哔哩哔哩乾杯
1320.958,普通弹幕,中,白,1594961718,0,14f5faa,35556972734447623,教主是魔法
638.295,普通弹幕,中,白,1594961338,0,804094dd,35556773533319171,摩西摩西
368.04,普通弹幕,中,白,1594960772,0,a4785d36,35556476777398275,补没出生时的番
1413.76,底部弹幕,中,白,1594960481,0,54fc036e,35556324266737667,啊～
1204.176,底部弹幕,中,红,1594960237,0,89d804d3,35556196592648199,伊尔迷觉得很赞
1004.757,底部弹幕,中,白,1594960015,0,54fc036e,35556080206479367,姿势不错
106.684,普通弹幕,中,白,1594959406,0,57184d74,35555760597368837,哇哦妹子诶！
860.113,底部弹幕,中,白,1594959341,0,ce1ebef9,35555726519173127,好听吗？好听就好头
152.422,普通弹幕,中,白,1594959251,0,bc6ceab2,35555679370477573,哔哩哔哩－干杯
414.019,普通弹幕,中,白,1594958378,0,2994fa46,35555221708996615,补5岁时的番
748.414,普通弹幕,中,红,1594958230,0,45df361,35555144026292231,非战斗人员请立即撤离
748.414,普通弹幕,中,红,1594958217,0,45df361,35555137468497925,非战斗人员请立即撤离
1220.982,普通弹幕,中,白,1594957313,0,606a400e,35554663485931587,动作指导：十六夜咲夜
588.283,普通弹幕,中,白,1594956367,0,a7cc7391,35554167319166983,看剧本的大哥
678.609,底部弹幕,中,深蓝,1594955491,0,336b0cfd,35553707989401605,不过，魔禁早期炮姐设定就是这样
670.857,底部弹幕,中,深蓝,1594955456,0,336b0cfd,35553689679167491,超炮后期：泪爷：御坂学姐真是有魅力啊，炮姐：有能力和没能力有什么关系
18.824,普通弹幕,中,红,1594954778,0,52b2a695,35553334444163075,总所周知小混混是高危职业
784.061,普通弹幕,中,黄,1594954381,0,7d302252,35553126134579207,好快的车车
552.424,底部弹幕,中,白,1594953969,0,444694d1,35552910184022023,嘎嘎嘎嘎嘎嘎嘎嘎嘎
1194.464,普通弹幕,中,白,1594953503,0,b53f1ddb,35552665905135619,不亏
1390.134,普通弹幕,中,白,1594953408,0,5b8d8f2,35552615790018563,终于没有泡泡茶壶了
99.336,普通弹幕,中,粉,1594953402,0,9d809c25,35552612766973957,哔哩哔哩 (゜-゜)つロ 干杯~-bilibili
405.219,普通弹幕,中,红,1594950070,0,d19bad20,35550866008178695,补上辈子的番
1116.299,普通弹幕,中,白,1594949626,0,e73fe171,35550632894529543,bane
1291.924,底部弹幕,中,黄,1594949300,0,27dd9a92,35550462329487363,硬币波纹疾走
502.414,底部弹幕,中,蓝,1594948410,0,27dd9a92,35549995428478983,动作指导：鸢一折纸
1252.705,底部弹幕,中,红,1594947976,0,92ddbf8d,35549767934672899,危 危 劫匪 危 危
1129.653,底部弹幕,中,红,1594947793,0,92ddbf8d,35549672169275399,危 劫匪 危
1126.453,普通弹幕,中,红,1594947749,0,92ddbf8d,35549649185013763,危劫匪危
477.34,底部弹幕,中,白,1594947082,0,ed562b64,35549299256328197,白眼！
477.673,普通弹幕,中,白,1594946620,0,47a712f4,35549057192034307,摄影师吃玻璃
141.78,普通弹幕,中,红,1594944001,0,b7f755a1,35547684083859461,热心市民御坂女士
8.404,普通弹幕,中,白,1594943836,0,b7f755a1,35547597499793415,再来一次
720.53,普通弹幕,中,白,1594943834,0,3d003a9b,35547596544016391,前方高能！
998.924,普通弹幕,中,白,1594942633,0,bd4667c8,35546966808068101,orz
783.308,普通弹幕,中,白,1594942022,0,bd4667c8,35546646412001285,真有这么Q弹吗
251.752,普通弹幕,中,白,1594940626,0,5d7d63c7,35545914654326789,补六岁的番
520.966,底部弹幕,中,黄,1594938523,0,1c492d91,35544812149014533,这姿势……
378.078,底部弹幕,中,红,1594938216,0,1c492d91,35544650957193223,补四岁的番
279.889,底部弹幕,中,红,1594938073,0,1c492d91,35544575916900357,金坷垃
231.409,底部弹幕,中,红,1594937995,0,1c492d91,35544535162945541,反重力裙
1398.73,普通弹幕,中,黄,1594924774,0,b3dd7227,35537603692855299,所以这是后宫番？
866.008,普通弹幕,中,白,1594924311,0,b3dd7227,35537360927064069,居然没有男主
55.7,普通弹幕,中,白,1594921483,0,83c81ebe,35535878323437573,php
372.609,普通弹幕,中,白,1594920463,0,3ebde0b3,35535343155412999,补一岁的番
1146.184,底部弹幕,中,白,1594917426,0,f80b4bc4,35533750814638083,语言指导：一方通行，上条当麻
493.402,普通弹幕,中,黄,1594917324,0,973f6fd3,35533697389166599,前方高能
402.352,普通弹幕,中,白,1594917195,0,f80b4bc4,35533629810540549,问一方和当麻的这一季没有哦请去S和T吧
77.649,普通弹幕,中,白,1594916884,0,f80b4bc4,35533467148091397,果然不管在哪里学园都市都是最安全的地方呢（笑）
792.63,普通弹幕,中,白,1594916436,0,e861d731,35533231992864771,配音好强
724.636,普通弹幕,中,白,1594916363,0,1f144414,35533193902292995,感觉声音好像贝蒂
374.177,普通弹幕,中,红,1594915202,0,a8b2f640,35532585061842949,补6岁的番
460.697,普通弹幕,中,白,1594914558,0,78f7ab01,35532247540432903,前方核能预警
1081.62,普通弹幕,中,白,1594914043,0,1b2cf2ab,35531977577725957,八个蛋！
1242.59,普通弹幕,中,白,1594913594,0,1663879a,35531741967941635,赶紧跑  危                                
437.855,底部弹幕,中,红,1594913570,0,6c19c536,35531729402855427,菲律宾炸鱼队
49.02,普通弹幕,中,白,1594913448,0,c4c6dd48,35531665449156611,齐柏林飞艇
281.926,底部弹幕,中,黄,1594913371,0,6c19c536,35531625261957123,金坷垃
1176.935,普通弹幕,中,白,1594912949,0,6f8f86b9,35531404070092803,草薙京
1272.405,底部弹幕,中,白,1594912786,0,b1451eef,35531318441279491,无限接近死亡
53.068,底部弹幕,中,红,1594912361,0,3a6ae9e7,35531095486234629,j-a-v-a
161.638,普通弹幕,中,白,1594912173,0,1663879a,35530996886011909,哔哩哔哩乾杯
520.97,普通弹幕,中,白,1594911872,0,a559ce56,35530838916988935,hhh
75.445,普通弹幕,中,白,1594911730,0,912ecafd,35530764929990661,最安全了
65.659,普通弹幕,中,黄,1594910817,0,4fdff0ca,35530286257668099,嗯⊙∀⊙！和迦勒底一样安全
170.408,底部弹幕,中,红,1594910708,0,1d9f1d4f,35530229078294535,bilibili - ( ゜- ゜)つロ 乾杯~
162.348,普通弹幕,中,红,1594910686,0,1d9f1d4f,35530217185345543,bilibili - ( ゜- ゜)つロ 乾杯~
620.251,普通弹幕,中,白,1594910339,0,378c33f0,35530035375374339,都是lsp
1318.537,普通弹幕,中,红,1594910219,0,8fbcdd97,35529972268400645,路走窄了
850.662,普通弹幕,中,白,1594909704,0,8fbcdd97,35529702609780741,大橘已定
890.065,普通弹幕,中,白,1594909660,0,d3718b3b,35529679628664837,话说没男主吗？
107.619,普通弹幕,中,白,1594909277,0,1d7b62af,35529478454640645,486那部贝蒂声音?
1089.524,普通弹幕,中,红,1594908727,0,30f1a8a4,35529190181175299,请兄弟们把公屏打在危上
0.499,普通弹幕,中,红,1594908052,0,a6daed5b,35528836358602759,梦开始的地方梦开始的地方梦开始的地方梦开始的地方梦开始的地方梦开始的地方梦开始的地方梦开始的地方
1244.531,普通弹幕,中,白,1594907111,0,399e011f,35528342985244677,危危危危危危危危危危
1099.325,普通弹幕,中,红,1594906949,0,988b73f4,35528258115600389,七度空间法器
1317.464,普通弹幕,中,白,1594906648,0,26c7798e,35528100432314375,摔成胖子了！
1237.052,普通弹幕,中,白,1594906566,0,f5a30167,35528057203195909,劫匪快跑
1306.022,普通弹幕,中,白,1594906476,0,cc235d0c,35528010347053063,暴风解说可海星
1478.553,普通弹幕,中,白,1594906438,0,dca49e30,35527990185033731,不会吧不会吧，不会还有人以为这部番有男主吧［doge］
40.04,普通弹幕,中,白,1594906411,0,4efa5cb4,35527976158232581,好看吗
1055.273,普通弹幕,中,白,1594906383,0,49f07411,35527961470828547,姐控
330.662,普通弹幕,中,白,1594906375,0,e833064f,35527957314273287,....
1237.602,普通弹幕,中,白,1594906360,0,cc235d0c,35527949450477575,大——乔——
1056.195,普通弹幕,中,白,1594906358,0,26c7798e,35527948483690501,沾，沾花惹草！？
532.695,普通弹幕,中,白,1594906242,0,7d8ac053,35527887622242309,老绅士了
1274.029,普通弹幕,中,白,1594906241,0,48f02b4e,35527886952726531,危危危危危危危危危危危危危危2危危危危危危危危危危危危危危危危危危危危危危
1136.471,普通弹幕,中,白,1594906110,0,48f02b4e,35527818179772421,危劫匪危
853.934,普通弹幕,中,白,1594906060,0,26c7798e,35527791762472965,危！！！！！！！！！！！！！！！！！！！！！！！！！！！！！！！！！！！！！！！！！！
763.045,普通弹幕,中,白,1594905822,0,26c7798e,35527667342114819,决战内裤！！！
499.014,普通弹幕,中,白,1594905483,0,26c7798e,35527489318551557,前方核能！！！
146.574,普通弹幕,中,白,1594905260,0,26c7798e,35527372748881927,帅！
509.808,普通弹幕,中,白,1594905102,0,cc235d0c,35527289476743175,会不会洗着洗着不小心放电把自己电焦
452.028,普通弹幕,中,白,1594905008,0,cc235d0c,35527240486223879,补99岁的番
196.561,普通弹幕,小,白,1594904995,0,264183cd,35527233870233603,888888
395.268,普通弹幕,中,白,1594904941,0,cc235d0c,35527205114085379,补五个月的番
204.903,普通弹幕,中,白,1594904838,0,48519751,35527151384526853,当妈只活在OP里
1417.217,普通弹幕,中,白,1594903963,0,a2dba9ff,35526692443258885,那个声音。。。
1292.024,普通弹幕,中,白,1594903793,0,fa78f6ad,35526603393466373,这个劫匪胆子真大
1113.926,普通弹幕,中,白,1594903718,0,efdede8d,35526563960193027,夹鸡卖桃
1389.789,普通弹幕,中,白,1594903105,0,885798b8,35526242635612163,정도 의 빛이 대지를 비추다
1393.441,普通弹幕,中,白,1594903066,0,885798b8,35526222189953027,正道の光が大地を照らした
192.059,普通弹幕,中,白,1594903005,0,70961f39,35526190557560839,哔哩哔哩 - (゜- ゜)つロ 乾杯
502.916,普通弹幕,中,白,1594902911,0,26c7798e,35526141033840645,bian tai!
162.946,普通弹幕,中,白,1594901773,0,26c7798e,35525544419262467,好燃！
417.532,普通弹幕,中,白,1594901510,0,e6ef7911,35525406447632387,补一岁时的番
954.792,普通弹幕,中,红,1594901275,0,9833afa0,35525283026042887,夏娜
172.713,普通弹幕,中,白,1594900526,0,40f70b8c,35524890311262213,bolb
99.813,普通弹幕,中,白,1594900447,0,40f70b8c,35524849149411333,夹击妹抖
228.446,普通弹幕,中,白,1594898889,0,4cb3e27e,35524032328105989,哔哩哔哩 - (゜- ゜)つロ 乾杯~
264.157,普通弹幕,中,白,1594898505,0,a80b44f1,35523831206510597,普通学生上条当麻热心市民御坂美琴一般市民一方通行
446.314,普通弹幕,中,白,1594898102,0,2545050,35523619723411463,补十一岁的番
523.485,普通弹幕,中,黄,1594897917,0,85364f8d,35523522965536771,老黑子了
293.098,普通弹幕,中,白,1594897614,0,2545050,35523363686842371,摄影师拖出去斩了
322.212,普通弹幕,中,白,1594897563,0,8015e492,35523337348710405,补三岁的房
1403.347,普通弹幕,中,白,1594897506,0,7a481ddc,35523307106205699,正しい道の光が大地を照らした
1109.577,普通弹幕,中,白,1594897052,0,d6f8b3b0,35523069210525699,秒出警（）
282.207,普通弹幕,中,白,1594896689,0,d5862fb6,35522879072763907,补一岁番
797.993,普通弹幕,中,黄,1594896326,0,957b3708,35522688320012291,当麻！！！
800.979,普通弹幕,中,黄,1594896286,0,957b3708,35522667853381635,当麻!!!
209.345,普通弹幕,中,白,1594895654,0,ebf85343,35522336249610245,哔哩哔哩 (゜-゜)つロ 乾杯~-bilibili
195.145,普通弹幕,中,白,1594895638,0,ebf85343,35522327853662211,哔哩哔哩哔哩哔哩哔哔哩哔哩哔哔哩哔哩
1286.642,普通弹幕,中,红,1594895627,0,2e6a789e,35522322002608131,危危危危危危危危危危危
1083.138,普通弹幕,中,红,1594895594,0,78d7027b,35522304788660229,危    劫匪     危
1244.258,普通弹幕,中,红,1594895584,0,2e6a789e,35522299778564101,危——————————————————————
943.217,普通弹幕,中,黄,1594895319,0,2e6a789e,35522160738435075,哈哈哈哈哈
280.893,普通弹幕,中,白,1594894924,0,954a2497,35521953777319943,大意了
709.772,底部弹幕,中,红,1594894783,0,b29dbe77,35521879732649991,啊，爷的...
683.709,普通弹幕,中,白,1594893600,0,68d28902,35521259655659527,╮(￣▽￣)╭好厉害666
207.389,普通弹幕,中,淡蓝,1594893485,0,4c915f58,35521199206301701,哔哩哔哩(゜-゜)つロ 干杯~-bilibili
1064.187,普通弹幕,中,蓝,1594892778,0,145b2208,35520828339650563,抢了
226.291,普通弹幕,中,灰,1594892757,0,7d148cb9,35520817558716485,ｂｉｌｉｂｉｌｉ
779.518,普通弹幕,中,黄,1594892737,0,2e6a789e,35520807090782211,..........
770.233,普通弹幕,中,黄,1594892598,0,2e6a789e,35520734137155589,？？？
21.12,普通弹幕,中,白,1594891661,0,f1731747,35520242949554179,老黄金矿工了
509.055,普通弹幕,中,黄,1594891630,0,2e6a789e,35520226280865797,哈哈哈哈
234.43,普通弹幕,中,红,1594891621,0,22506879,35520221910925319,[king crimzon]
617.451,普通弹幕,小,白,1594891094,0,7aaf1fb,35519945733832711,zzz
188.353,普通弹幕,中,白,1594891033,0,596db090,35519913727623173,哔哩哔哩 - ( ゜- ゜ )つロ 乾杯~
228.705,普通弹幕,中,白,1594890659,0,8c6d0414,35519717461458949,开始追番
362.866,普通弹幕,中,白,1594890112,0,fc597412,35519430901891077,补一岁的番
444.765,普通弹幕,中,红,1594890004,0,ceee12d0,35519373851492357,补三岁的番
63.37,普通弹幕,中,白,1594889695,0,fc597412,35519211931959301,undertale
19.022,普通弹幕,中,红,1594889666,0,9e7568c0,35519196854484999,担心小混混
131.37,普通弹幕,中,白,1594889049,0,2e6a789e,35518873503531011,爱了
21.22,普通弹幕,中,白,1594888545,0,4cea65dc,35518609277583367,炮开始的地方
168.225,普通弹幕,中,白,1594888512,0,fb100b33,35518591922601991,哈哈
171.341,普通弹幕,中,白,1594888512,0,a0f72da3,35518591656263687,搜嘎
762.664,普通弹幕,中,白,1594888388,0,1e7bdc89,35518526713757701,一个敢写一个敢读
162.489,普通弹幕,中,粉,1594888362,0,b36cb550,35518513003102211,bilibili 
158.265,普通弹幕,中,白,1594888342,0,b36cb550,35518502602276869,666
156.305,普通弹幕,中,白,1594888295,0,b36cb550,35518478267449347,bilibili 
64.689,普通弹幕,中,淡蓝,1594888197,0,6d8964bd,35518426869399559,治安体制：风纪委员在此
179.601,普通弹幕,中,白,1594887748,0,e23e4e9c,35518191200370693,炮姐牛壁牛壁牛壁牛壁牛壁
141.87,普通弹幕,中,白,1594887703,0,e23e4e9c,35518167539253253,炮姐牛壁
132.41,普通弹幕,中,白,1594887690,0,e23e4e9c,35518161077928005,耳朵怀孕了
24.359,普通弹幕,中,白,1594887581,0,e23e4e9c,35518103596564487,炮姐牛壁
20.499,普通弹幕,中,白,1594887573,0,e23e4e9c,35518099744096327,炮姐牛壁炮姐牛壁
782.012,普通弹幕,中,黄,1594886807,0,cfce2858,35517697869479943,大橘已定
274.173,普通弹幕,中,红,1594886764,0,ceb0d766,35517675381194757,前方高能
214.141,普通弹幕,中,白,1594886660,0,ceb0d766,35517620754055173,哔哩哔哩 - (゜- ゜)つロ 乾杯~
150.26,普通弹幕,中,白,1594886564,0,79016d30,35517570523070469,正片开始
108.498,普通弹幕,中,粉,1594886414,0,ceb0d766,35517491740409861,黑子黑子！！！
317.26,普通弹幕,中,白,1594885929,0,d6d0cd08,35517237463351301,补四岁的番
1003.136,普通弹幕,中,白,1594885528,0,61a6b89,35517027501735943,笑死了
866.577,普通弹幕,中,白,1594884649,0,39bf2b41,35516566288203783,安全裤
551.342,普通弹幕,中,白,1594884616,0,6554bf15,35516549076353031,有男生吔
368.209,普通弹幕,中,白,1594884291,0,3a1093d8,35516378763493379,补妈妈三岁的番
548.546,普通弹幕,中,白,1594884284,0,39bf2b41,35516375263346691,LV6上升气流
532.846,普通弹幕,中,白,1594884220,0,39bf2b41,35516341453062151,恒温死神
122.499,普通弹幕,中,白,1594882811,0,27caeaa8,35515602938363909,云雀恭弥
722.56,普通弹幕,中,白,1594882792,0,aa2894a,35515593096429575,108ren
553.422,底部弹幕,中,黄,1594881878,0,6f1dd47b,35515113935994887,闭眼新世界
942.884,普通弹幕,中,白,1594881040,0,6af572ab,35514674094014471,。。。。。。
548.782,普通弹幕,中,白,1594880958,0,b2a0d637,35514631238189063,听见了，不过没看见
146.952,普通弹幕,中,白,1594880506,0,b2a0d637,35514394552565765,正片开始
77.437,普通弹幕,中,白,1594880470,0,ed771187,35514375569145859,打脸
612.62,普通弹幕,中,白,1594879962,0,8cd6e3f,35514109241327619,重点
235.726,普通弹幕,中,白,1594879177,0,fd6ea0fa,35513697512194053,因歌追剧
366.412,底部弹幕,中,红,1594878944,0,73e784b,35513575164870659,补102岁的番
593.518,普通弹幕,中,白,1594878818,0,a6eb0918,35513509447467011,当麻永远一级但是是永远的神
1207.5,普通弹幕,中,白,1594878598,0,4973059,35513394082611207,黑子=小黑？
928.996,普通弹幕,中,白,1594878528,0,cde3f49f,35513357217300485,◣◥◣◥◣◥◣◥◣◥◣◥◣◥◣◥◣◥◣WARNING◥◣◥◣◥◣◥◣◥◣◥◣◥◣◥◣◥◣◥
1019.786,底部弹幕,中,白,1594878149,0,21b56902,35513158728679493,像在吃煎饼果子
191.181,普通弹幕,中,白,1594877873,0,cde3f49f,35513013963849731,超女权
278.62,普通弹幕,中,白,1594877812,0,2ac9f0f4,35512982134849543,补负二岁的番
279.982,普通弹幕,中,白,1594877226,0,21b56902,35512674647801863,补35岁的番
911.152,普通弹幕,中,白,1594876978,0,c45759d1,35512544533151751,呱太！！！！
115.086,普通弹幕,中,白,1594876975,0,21b56902,35512543344590855,呆唯
931.915,底部弹幕,中,红,1594876741,0,7494a979,35512420604051463,好看的皮囊千篇一律，有趣的灵魂水陆两栖
39.182,普通弹幕,中,白,1594876643,0,f9aa49ef,35512369055531011,。。。
507.637,普通弹幕,中,白,1594876584,0,3dda31de,35512338195415043,万恶之源
26.943,底部弹幕,中,红,1594876296,0,f2876c15,35512187012251651,来根华子
553.969,普通弹幕,中,白,1594876174,0,59335db6,35512123356872709,报告，发现敌人（左边有男的……）
629.779,普通弹幕,中,白,1594874925,0,346e01,35511468508577795,幻想御手
88.745,底部弹幕,中,白,1594874873,0,b9158922,35511440859725829,咕咕咕
391.729,底部弹幕,中,红,1594874551,0,53c64113,35511272232976389,婚后光子
397.421,普通弹幕,中,白,1594874144,0,b0228d4b,35511058789040131,对比鲜明
1326.489,普通弹幕,中,白,1594873660,0,15210c,35510805197750279,上一个无敌的已经死于车祸了
220.339,普通弹幕,中,棕,1594873006,0,554a26c7,35510462244192263,啊啊啊
593.439,普通弹幕,中,白,1594872944,0,6cc4e0b0,35510429761404933,狙击手报告没画
1142.723,普通弹幕,中,黄,1594872515,0,9821ff71,35510204690333703,一路走好
932.198,底部弹幕,中,黄,1594872224,0,9821ff71,35510052208508933,这个视角好棒啊
1316.858,普通弹幕,中,白,1594871618,0,26ab0597,35509734759989251,上头了上头了
1009.372,普通弹幕,中,白,1594870263,0,776dda5,35509023799771141,原形毕露。。
1018.726,普通弹幕,中,白,1594870213,0,12051398,35508998111232003,哈哈哈哈啊哈哈
25.736,普通弹幕,中,白,1594868897,0,7d32b2c4,35508307958956039,小混混有危险
838.459,普通弹幕,中,白,1594868435,0,75839dd7,35508065422278661,得?乱讲
791.832,普通弹幕,中,白,1594868340,0,75839dd7,35508015984541699,wk
597.98,普通弹幕,中,白,1594868215,0,cb239030,35507950506737671,红红火火恍恍惚惚
1337.582,普通弹幕,中,红,1594868148,0,e020a0d2,35507915050188805,上一个无敌的已经带娃了
1248.742,普通弹幕,中,红,1594868042,0,e020a0d2,35507859530711043,劫————————————————匪————————————————
1096.202,普通弹幕,中,白,1594867845,0,e020a0d2,35507756144263173,高危职业——劫——犯——
1211.998,普通弹幕,中,白,1594867595,0,f579946c,35507625232171015,173小花生直呼内行
599.128,普通弹幕,中,白,1594867304,0,e020a0d2,35507472520708101,本片男主呱太再问上吊
536.528,普通弹幕,中,白,1594867217,0,e020a0d2,35507427210166275,前方高能
278.588,普通弹幕,中,白,1594866948,0,e020a0d2,35507286220734471,贩————卖————机————
366.397,普通弹幕,中,白,1594866946,0,26ab0597,35507284988133379,补1岁的番
775.402,普通弹幕,中,白,1594866622,0,f579946c,35507114969399303,wwww
239.097,普通弹幕,中,蓝,1594865840,0,5a2e5f96,35506705127178245,这好看不
288.395,普通弹幕,中,白,1594865524,0,f579946c,35506539305893895,白的
209.455,普通弹幕,中,白,1594864952,0,9ff25616,35506239407390727,www
1105.027,普通弹幕,中,白,1594864734,0,67d81ba5,35506125173948419,麻匪，什么时候都要剿！
1054.569,底部弹幕,中,黄,1594861744,0,f1422138,35504557765689351,沾花惹草
1008.521,底部弹幕,中,黄,1594861685,0,f1422138,35504526804910083, 恩  人
955.577,底部弹幕,中,黄,1594861611,0,f1422138,35504487986102279,哪呢？夏娜哪呢？
938.286,底部弹幕,中,黄,1594861555,0,f1422138,35504458599759875,哦豁
802.66,底部弹幕,中,黄,1594861404,0,f1422138,35504379296481285,当众处刑
523.556,底部弹幕,中,黄,1594860994,0,f1422138,35504164382441475,摄影师今晚吃澡堂设计师
466.685,底部弹幕,中,黄,1594860865,0,f1422138,35504096833699845,哦豁
363.273,底部弹幕,中,黄,1594860720,0,f1422138,35504020887961603,超能力都这么强的吗
65.214,底部弹幕,中,红,1594860080,0,4b10889c,35503685311660035,万 全
150.148,普通弹幕,中,白,1594859393,0,9cead1,35503324897214471,哔哩哔哩哔哩哔哩哔哩哔哩哔哩哔哩哔哩哔哩哔哩哔哩哔哩哔哩
263.932,普通弹幕,中,白,1594859356,0,1e292f23,35503305415720963,炮姐爱了爱了
1271.745,普通弹幕,中,白,1594859300,0,7540bec2,35503276333465607,开大招了
1235.411,普通弹幕,中,白,1594858935,0,89b19a70,35503085072678917,左——半——边——脸——
1093.956,普通弹幕,中,白,1594858907,0,12f13202,35503070269407235,像这种裙子都是有口袋的好吧
122.934,普通弹幕,中,白,1594857909,0,12f13202,35502547248611335,一个声优佩的
1185.961,底部弹幕,中,红,1594856338,0,eb2692a5,35501723205763075,草薙京？？
1244.478,普通弹幕,中,白,1594856134,0,9c866435,35501616237379587,劫匪完蛋了
174.326,普通弹幕,中,白,1594855677,0,9c866435,35501376800292871,暂没发现目标报告长官
1305.106,普通弹幕,中,白,1594855362,0,77eceb3e,35501211836743683,小孩:？？！
161.26,底部弹幕,中,红,1594840643,0,4ab05a9e,35493494664986631,哔哩哔哩哔哩哔哩哔哩哔哩哔哩哔哩哔哩哔哩哔哩哔哩哔哩哔哩哔哩哔哩哔哩哔哩哔哩哔哩
49.202,普通弹幕,中,白,1594836144,0,39bf2b41,35491135708725255,回来考古
1412.183,底部弹幕,中,黄,1594831806,0,9d77ddc4,35488861438607367,爹妈fly~
932.299,底部弹幕,中,黄,1594831313,0,9d77ddc4,35488602926874627,有趣的女人:？？？
703.469,普通弹幕,中,蓝,1594831087,0,9d77ddc4,35488484306714629,唯澪既视感
549.749,普通弹幕,中,蓝,1594830903,0,9d77ddc4,35488388112973827,还以为是蓝白碗哈哈哈哈
541.489,普通弹幕,中,白,1594830880,0,9d77ddc4,35488376080564231,爱生的声线太多变了
112.165,普通弹幕,中,白,1594830729,0,9d77ddc4,35488297120694275,平泽唯跑去当夹击妹惹
601.524,普通弹幕,中,白,1594830199,0,87a9c65a,35488019061932039,花环加san的
1357.241,普通弹幕,中,红,1594830053,0,feca374c,35487942542622727,mp3可能是幻想御手吧！
1197.028,普通弹幕,中,白,1594829547,0,78f7ab01,35487677281206275,针灸
1243.752,普通弹幕,中,黄,1594829359,0,2079ba3,35487578642186245,一路走好
551.439,普通弹幕,中,白,1594829085,0,78f7ab01,35487434854629383,额……看不见
53.596,普通弹幕,中,白,1594828922,0,8052dd79,35487349380481027,最安全
488.495,普通弹幕,中,白,1594828910,0,78f7ab01,35487343298215939,国家5A级景区
470.777,普通弹幕,中,白,1594828819,0,78f7ab01,35487295472664581,摄影师晚餐加火锅
0.464,普通弹幕,中,白,1594828808,0,a94cc4d4,35487289759498247,8000万贺电！
674.517,普通弹幕,中,黄,1594828780,0,2079ba3,35487275204739077,Lv3
20.739,普通弹幕,中,青,1594828261,0,78f7ab01,35487002732265477,风萧萧兮易水寒，混混一去兮不复反！
929.697,底部弹幕,中,白,1594828065,0,748d657,35486900401209477,知根知底
1415.152,普通弹幕,中,白,1594827893,0,3bafd77c,35486810131922951,这是外番没有男主。
804.382,普通弹幕,中,白,1594827624,0,fe802d92,35486668824772613,龙儿
1389.334,普通弹幕,中,白,1594827528,0,ada67390,35486618790920199,正徳の光が大地を照らした
217.65,普通弹幕,中,白,1594826683,0,742c5fb1,35486175605030915,哔哩哔哩
1283.217,普通弹幕,中,白,1594826565,0,9fecf0ea,35486113486864391,跑了就没那么多事了，哎，现在的年轻人真是血气方刚
355.779,普通弹幕,中,白,1594826476,0,88b0cec9,35486067131416581,补三岁的番
739.543,普通弹幕,中,白,1594825962,0,82b67479,35485797840846853,113
188.846,普通弹幕,中,白,1594825704,0,78687387,35485662174511109,刻在DNA里的歌
1249.029,普通弹幕,中,白,1594825410,0,d3a0bf22,35485508034363395,霸气侧漏
1145.04,普通弹幕,中,白,1594825329,0,d3a0bf22,35485465719603203,被美琴叼打
688.635,普通弹幕,中,白,1594824940,0,d3a0bf22,35485261977092103,感觉这个番比较橘气
928.188,普通弹幕,中,白,1594824128,0,8a93faa8,35484835770793989,◣◥◣◥◣◥◣◥◣◥◣◥◣◥◣◥◣◥◣WARNING◥◣◥◣◥◣◥◣◥◣◥◣◥◣◥◣◥◣◥
369.964,普通弹幕,中,白,1594823834,0,33c9d0f6,35484681768009735,补两岁的番
6.346,普通弹幕,中,白,1594822689,0,48b4e4cb,35484081542660103,8000万
187.565,普通弹幕,中,白,1594822521,0,1350f2b,35483993444450307,bilibili  ( ゜- ゜)つロ 乾杯~
59.023,底部弹幕,中,红,1594822439,0,91445378,35483950559789059,钞能力！！
320.454,普通弹幕,中,白,1594822117,0,c7bc554a,35483781568135171,补3岁的番
1039.854,普通弹幕,中,白,1594820501,0,b33fcfd0,35482934286221317,大白天的抢银行真够秀的。
473.805,普通弹幕,中,红,1594819998,0,643864d,35482670478131205,车门焊死！谁都别想下车！
646.468,普通弹幕,中,白,1594819829,0,b33fcfd0,35482582370484229,城市中的农村人。
669.926,普通弹幕,中,白,1594819434,0,e78e5df7,35482375280394243,上一个这么说的是白井黑子
376.142,普通弹幕,中,白,1594819311,0,bbd1681c,35482310470008839,补2岁的番
466.98,普通弹幕,中,白,1594819212,0,445664ee,35482258809290823,哦？
777.044,普通弹幕,中,黄,1594819170,0,81366709,35482236384444419,车车好快的车车
1287.95,普通弹幕,中,白,1594819023,0,4b34d960,35482159621865479,暗示投币
1246.766,普通弹幕,中,白,1594818969,0,4b34d960,35482131365888007,热心市民参战
123.539,普通弹幕,中,粉,1594818914,0,4a4e03a,35482102378004483,胳膊越细打人越疼
511.292,普通弹幕,中,黄,1594818842,0,81366709,35482064649715719,车车好快的车车
1332.084,普通弹幕,中,白,1594818765,0,61b7fad4,35482024411660291,上一个无敌已经停止思考
933.684,普通弹幕,中,白,1594818596,0,4b34d960,35481935874621443,前方光速打脸
968.09,普通弹幕,中,白,1594818364,0,6015b9b5,35481814239805447,某科学的超某某打脸
65.236,普通弹幕,中,红,1594817681,0,aaacbddc,35481456159490053,啊咧！？
10.423,普通弹幕,中,白,1594817536,0,4b34d960,35481380013998085,二遍走起！
428.798,普通弹幕,中,白,1594817239,0,b5e93150,35481224280539143,定是菲律宾炸鱼队
294.206,普通弹幕,中,白,1594815527,0,d3ba18f9,35480326849429511,官方吐槽
1133.878,普通弹幕,中,青,1594815323,0,b17ed5aa,35480219909357573,抢大爷台词？？?
1395.39,普通弹幕,中,白,1594814970,0,7ab9734a,35480034647998469,正しい道の光が大地を照らした
386.505,普通弹幕,中,白,1594814315,0,4ba8f57,35479691093082115,光子
312.425,普通弹幕,中,白,1594814196,0,4ba8f57,35479628617351175,万恶的安全裤
27.948,普通弹幕,中,白,1594813070,0,9ec2933a,35479038361862149,，。。。。，
1384.918,普通弹幕,中,黄,1594812769,0,1d505ef8,35478880460472327,上一个说跟空气做斗争是奇才呀
1247.004,普通弹幕,中,红,1594812619,0,355d45bf,35478802196856835,危      劫匪        危
1174.554,普通弹幕,中,白,1594812530,0,385cbce9,35478755216457735,火憨憨
1467.204,底部弹幕,中,红,1594812399,0,6bdb7758,35478686765940739,无人区
934.237,普通弹幕,中,白,1594812183,0,355d45bf,35478573622493187,傲—————————娇————————
245.449,普通弹幕,中,黄,1594811719,0,1d505ef8,35478330013646853,op好短
924.296,普通弹幕,中,红,1594811505,0,e0bd4732,35478218124296197,可丽饼里加电脑配件
227.482,普通弹幕,中,白,1594810556,0,2abaadf3,35477720356356101,1亿啦～
427.563,普通弹幕,中,白,1594810033,0,8969dc03,35477446424264711,补出生时候的番
668.552,普通弹幕,中,白,1594809324,0,b17ed5aa,35477074430394371,男主是教主啊
607.74,普通弹幕,中,白,1594809238,0,b17ed5aa,35477029345820675,众所周知泪爷是LV6
12.122,普通弹幕,中,白,1594809199,0,746b9afb,35477009131372613,一生之敌—安全裤
1124.32,普通弹幕,中,白,1594809146,0,8ece33d2,35476981301641219,路走窄
1083.966,普通弹幕,中,白,1594809106,0,8ece33d2,35476960148193285,哈哈
865.252,普通弹幕,中,白,1594808887,0,8ece33d2,35476845514194949,永越强越等越强
759.996,普通弹幕,中,白,1594808756,0,8ece33d2,35476776726036485,数据是怎么看的
752.671,普通弹幕,中,白,1594808749,0,8ece33d2,35476772888772611,140吗怎么看的
422.473,普通弹幕,中,白,1594808719,0,b3d5e350,35476757368799239,5岁的番
721.888,普通弹幕,中,白,1594808718,0,8ece33d2,35476756748042247,呃呃
1475.845,普通弹幕,中,蓝,1594808229,0,28368e4d,35476500574109703,好听
31.616,普通弹幕,中,白,1594808129,0,8ece33d2,35476448202981383,走窄了呀
222.377,普通弹幕,中,白,1594807109,0,ca5e3e54,35475913226846211,哔哩哔哩哔哩哔哩哔哩哔哩哔哩哔哩哔哩哔哩哔哩哔哩
1145.235,普通弹幕,中,白,1594806215,0,e3d8c4ac,35475444638679043,百机呢
171.57,普通弹幕,中,白,1594805584,0,4bd6572e,35475113827106823,哔哩哔哩 （゜-゜）つロ 干杯~-
1204.931,普通弹幕,中,白,1594805451,0,3cd36dcb,35475043954196483,佩恩插鸣人的场面
1339.833,普通弹幕,中,白,1594805088,0,395db59e,35474853654429699,上一个无敌已经被削了
1069.28,普通弹幕,中,白,1594804676,0,af13c567,35474637756825607,大橘已定
1021.115,普通弹幕,中,白,1594804628,0,af13c567,35474612510785543,好可爱
810.366,普通弹幕,中,橙,1594804375,0,8dc6adf4,35474479995420675,大橘已定
1354.807,普通弹幕,中,红,1594804290,0,259a4516,35474435342860291,幻想御手！
1306.88,普通弹幕,中,绿,1594804235,0,259a4516,35474406417367043,bilibili放电国中妹
1299.388,普通弹幕,中,绿,1594804210,0,259a4516,35474393189056515,呱太的力量
1306.888,普通弹幕,中,白,1594804195,0,5923d562,35474385401806855,爱了，爱了
1116.125,普通弹幕,中,红,1594804036,0,259a4516,35474301893738503,payday
571.818,普通弹幕,中,白,1594803950,0,55fb076,35474257019404295,好的好的
550.23,普通弹幕,中,白,1594803906,0,c6d98f78,35474234138427399,后边的男孩子逗脸红了
928.529,普通弹幕,中,绿,1594803833,0,259a4516,35474195749535751,哈哈哈呱呱太！
902.966,普通弹幕,中,绿,1594803783,0,259a4516,35474169318080517,男主登场
872.961,普通弹幕,中,绿,1594803744,0,259a4516,35474148709892101,呱太是男主
858.67,普通弹幕,中,红,1594803719,0,259a4516,35474135870078981,哈哈哈笑死
805.355,普通弹幕,中,红,1594803662,0,259a4516,35474105768083459,哈哈哈哈哈
275.683,普通弹幕,中,白,1594803654,0,c7435f54,35474101701181445,补10岁的番
770.65,普通弹幕,中,红,1594803627,0,259a4516,35474087606222855,电脑配件哈哈哈哈
96.928,普通弹幕,中,白,1594803596,0,8dc6adf4,35474071554097157,风纪委员会的来源
659.625,普通弹幕,中,红,1594803516,0,259a4516,35474029400293383,交友开始
635.72,普通弹幕,中,红,1594803492,0,259a4516,35474016868761607,哈哈哈哈好
504.735,普通弹幕,中,红,1594803331,0,259a4516,35473932235046919,哈哈哈哈
395.312,普通弹幕,中,红,1594803221,0,259a4516,35473874607931399,反牛顿三人组组建中
17.746,普通弹幕,中,白,1594802242,0,5a4b5040,35473361602084871,。。。
343.212,底部弹幕,中,白,1594802078,0,8ff6b705,35473275429584901,这里是测透视能力
161.229,普通弹幕,中,白,1594801654,0,15c45809,35473053388898309,专门来看OP
371.492,普通弹幕,中,红,1594800965,0,7dd006d0,35472692188545031,补1365岁的番
123.052,普通弹幕,中,白,1594800965,0,beed35aa,35472692041220103,这影子?
123.259,普通弹幕,中,白,1594800668,0,6c45df0b,35472536479203333,贝蒂同款配音
1113.585,普通弹幕,中,白,1594800414,0,b2b7b626,35472403009634311,民风淳朴洛圣都
1384.827,普通弹幕,中,绿,1594799584,0,b9c282ef,35471967680724999,...............
67.904,普通弹幕,中,白,1594798887,0,d55ae891,35471602264571907,C++
1274.879,普通弹幕,中,白,1594798699,0,1e5d121f,35471504098983939,明示投币
1124.464,普通弹幕,中,白,1594798549,0,1e5d121f,35471425242923015,劫——匪——
761.371,普通弹幕,中,黄,1594795894,0,ab873fe4,35470033565515783,百看不厌
476.38,底部弹幕,中,黄,1594795868,0,fc8c9964,35470019656155203,摄影师鸡腿里找米粒
154.393,普通弹幕,中,白,1594795310,0,19e8d0ef,35469727300059143,梦开始的地方
764.414,普通弹幕,中,白,1594795087,0,c5b5e587,35469610295230467,电脑配件！
6.674,普通弹幕,中,绿,1594795007,0,259a4516,35469568121503747,开幕呱呱太！
148.112,普通弹幕,中,红,1594794929,0,da42f9e4,35469527552622661,哔哩哔哩
1479.516,普通弹幕,中,白,1594794445,0,14a47e66,35469273432850439,想多了，这部番没有无人区
818.866,普通弹幕,中,白,1594794284,0,17f7c8f,35469189321851013,配音室里欢乐多
1106.009,普通弹幕,中,白,1594793884,0,26ba658b,35468979693158407,危劫匪危
512.208,普通弹幕,中,白,1594793842,0,17f7c8f,35468957399384071,摄影师想吃粒儿饭就这么难吗？
598.771,底部弹幕,中,红,1594792990,0,8a0f2199,35468510777311239,角度很好
50.794,普通弹幕,中,白,1594792896,0,ccfab18c,35468461485326341,高危时刻
317.883,普通弹幕,中,白,1594791194,0,b6195328,35467569336942659,补一岁的番
1281.806,普通弹幕,中,红,1594790770,0,2ad34a87,35467346726354951,一方：？
1241.126,普通弹幕,中,红,1594790722,0,2ad34a87,35467321446236163,名场面
1264.331,普通弹幕,中,红,1594789752,0,b214f511,35466813097115653,危危危危危危危危
1124.188,普通弹幕,中,红,1594789612,0,b214f511,35466739612385287,强盗快跑危危危危
1312.689,普通弹幕,中,白,1594789602,0,abd05079,35466734240530439,此时的卡兹还在太空中
1203.749,普通弹幕,中,白,1594789449,0,abd05079,35466654067458051,能力指导：轰炸空间
939.29,普通弹幕,中,白,1594789147,0,ab873fe4,35466495805882371,就很秃然
939.29,普通弹幕,中,白,1594789134,0,ab873fe4,35466489061965829,太秃然了
25.12,普通弹幕,中,红,1594788958,0,2ad34a87,35466396739043331,绿坂美琴
1248.03,普通弹幕,中,红,1594788497,0,b892109b,35466155183308803,危危危危危危危危危危危危
11.965,普通弹幕,中,红,1594788487,0,b214f511,35466150016450567,呱呱呔
1320.569,普通弹幕,中,白,1594788271,0,24a079bc,35466036402716675,无敌是个debuff啊
514.382,普通弹幕,中,红,1594788142,0,6c0fee0b,35465968815177735,危 黑子 危
526.326,普通弹幕,中,白,1594786753,0,37111cb4,35465240973934595,哈哈哈
235.326,普通弹幕,中,白,1594786515,0,4561a09a,35465116027191299,再听亿遍！
276.884,普通弹幕,中,白,1594785628,0,8e61c438,35464651162517509,危 贩卖机 危
180.42,普通弹幕,中,白,1594785119,0,3739fddc,35464384055083013,哔哩哔哩 - ( ゜- ゜ )つロ 乾杯~
1291.558,普通弹幕,中,白,1594784226,0,fec30bbc,35463916000641031,祖传投币
1236.958,普通弹幕,中,白,1594784163,0,fec30bbc,35463882693148677,劫匪没了
1199.118,普通弹幕,中,白,1594784120,0,fec30bbc,35463860403568645,佩恩
1189.878,普通弹幕,中,白,1594784107,0,fec30bbc,35463853687963653,永带妹
1396.756,普通弹幕,中,白,1594784059,0,b9dcd326,35463828404699141,正しい光が大地を照らした
1304.251,普通弹幕,中,红,1594784034,0,e67c813f,35463815055802371,天下无敌的电击公主！！
1118.878,普通弹幕,中,白,1594784032,0,fec30bbc,35463814172377093,歇。
1284.115,普通弹幕,中,红,1594783995,0,e67c813f,35463794813042691,快投币
1077.158,普通弹幕,中,白,1594783983,0,fec30bbc,35463788413059075,劫匪，危
1315.401,普通弹幕,中,白,1594783974,0,69bbe7ce,35463783755808775,这车质量挺好
848.529,普通弹幕,中,黄,1594783894,0,e67c813f,35463742076485639,大橘已定
795.027,普通弹幕,中,黄,1594783845,0,e67c813f,35463716187144195,嚯嚯嚯
766.91,普通弹幕,中,红,1594783811,0,e67c813f,35463698066178051,哈哈这邪恶的笑声
747.899,普通弹幕,中,红,1594783762,0,e67c813f,35463672415387651,前方高能
198.899,普通弹幕,中,白,1594783631,0,21f6e81c,35463603887800323,哔哩哔哩 (゜-゜)つロ 乾杯~-bilibili
189.939,普通弹幕,中,黄,1594782629,0,b25f9fae,35463078418055171,哔哩哔哩( ゜- ゜)つロ 干杯
819.004,普通弹幕,中,白,1594782588,0,e8ef3c6b,35463056918577157,初春势力
883.342,普通弹幕,中,白,1594782577,0,e5c0d4ab,35463051351687171,欧尼桑嘛
112.78,普通弹幕,中,白,1594782535,0,8d45abaa,35463029359902727,黑子黑子
693.868,普通弹幕,中,白,1594782227,0,e5c0d4ab,35462867765428229,欧尼桑嘛
680.096,普通弹幕,中,白,1594782085,0,896d03c0,35462793496363011,泪爷忘拿超炮最新剧本了（doge）
946.005,普通弹幕,中,白,1594779744,0,4f0dee42,35461565831970823,光速打脸
1337.558,底部弹幕,中,深蓝,1594778980,0,94d66fcd,35461165410156551,上一个无敌在杜王町
1428.617,普通弹幕,中,白,1594778933,0,3d5e62e0,35461140942159877,正しい道の光が大地を照らした
72.723,普通弹幕,中,白,1594778699,0,8f9158d5,35461018346848261,光速打脸
51.174,普通弹幕,中,白,1594778671,0,8f9158d5,35461003528372229,？？！
957.823,普通弹幕,中,绿,1594778640,0,7480caef,35460987094040579,呱——————————————太————————
110.174,普通弹幕,中,白,1594776986,0,46945a63,35460120176492547,头发越粉，打架越狠
1292.968,普通弹幕,中,白,1594776698,0,132bd311,35459969157955589,異議あい！
98.213,普通弹幕,中,红,1594775949,0,ca772a4b,35459576460476421,wasted
860.299,普通弹幕,中,白,1594775894,0,d9dd74a,35459547440611335,哇，这腿太细了，看着真别扭。
1002.351,普通弹幕,中,红,1594771455,0,ddc3cca0,35457220345856007,此时一个LV 5失去了梦想
284.233,普通弹幕,中,黄,1594771050,0,ddc3cca0,35457007675768835,安全裤，靠
40.219,普通弹幕,中,红,1594770888,0,ddc3cca0,35456922995392519,祖传开头
1376.977,底部弹幕,中,红,1594767898,0,4e81cfd,35455355176615941,这手抓哪是魔鬼吧
1359.254,底部弹幕,中,红,1594767831,0,4e81cfd,35455320027824135,这不就是教主吗
1330.094,底部弹幕,中,红,1594767787,0,4e81cfd,35455297365999621,上一个无敌的已经开始当男二带娃了
193.848,普通弹幕,中,白,1594766616,0,4e81cfd,35454683093401607,教主
1470.12,普通弹幕,中,白,1594765524,0,bada02f4,35454110416764931,只出现在op里的男主
729.3,普通弹幕,中,白,1594764759,0,bada02f4,35453709499498503,爷青结，咋没有碎屏了
535.857,普通弹幕,中,黄,1594760515,0,7d0642d0,35451484479946759,恭迎风暴指挥官降临
462.377,普通弹幕,中,黄,1594760395,0,7d0642d0,35451421531308035,名场面
384.837,普通弹幕,中,黄,1594760310,0,7d0642d0,35451377172873219,光子！爱死她了
274.797,普通弹幕,中,黄,1594760025,0,7d0642d0,35451227683160067,危 贩卖机  危
98.19,普通弹幕,中,粉,1594759842,0,7d0642d0,35451131700707331,回眸一笑百媚生 白井黑子误终生
16.36,普通弹幕,中,白,1594759730,0,7d0642d0,35451073060143109,炮姐哼的歌是心火烧
1006.116,普通弹幕,中,红,1594747944,0,9963ab65,35444893570039811,此时一只炮姐失去了梦想
1085.268,普通弹幕,中,蓝,1594747549,0,26674e85,35444686762541059,裙子里有口袋啊这有什么好奇怪的
1008.819,普通弹幕,中,黄,1594747444,0,26674e85,35444631397728259,炮姐好可爱哈哈
991.159,普通弹幕,中,绿,1594747404,0,26674e85,35444610802122759,明明超可爱的！
795.945,普通弹幕,中,红,1594747144,0,26674e85,35444474190495749,炮姐腿骨没被坐断吗？
614.502,普通弹幕,中,白,1594746414,0,d0f34d07,35444091601813507,画面太美不敢看
556.384,普通弹幕,中,白,1594746356,0,d0f34d07,35444061137010691,大橘已定
534.745,普通弹幕,中,白,1594746334,0,d0f34d07,35444049793515525,故事开始变得有趣了
354.617,普通弹幕,中,白,1594746154,0,d0f34d07,35443955405422595,碎，吐，万
254.1,普通弹幕,中,白,1594743866,0,606ce4d1,35442755782574085,带善人
365.37,普通弹幕,中,白,1594743496,0,3762969f,35442561573715973,补62岁的番
2.44,底部弹幕,中,黄,1594741465,0,2d39a749,35441496955551749,宝藏中的神话，神话中的传奇！！！
627.348,普通弹幕,中,白,1594741207,0,d0a8c0d7,35441361679286343,幻想御手
270.057,普通弹幕,中,白,1594740839,0,d0a8c0d7,35441168752312327,自动贩卖机快跑
192.234,普通弹幕,中,白,1594740754,0,d0a8c0d7,35441124135403525,一血光子
1446.359,普通弹幕,中,白,1594739881,0,b81de476,35440666161971205,教主是谁？
819.853,普通弹幕,中,白,1594739500,0,b81de476,35440466602229765,她x要是有那么弹就哈哈哈
111.775,普通弹幕,中,白,1594739371,0,83b8e1d7,35440399109586947,黑子？
522.158,普通弹幕,中,白,1594739140,0,b81de476,35440277883191303,哈哈哈哈
1213.538,普通弹幕,中,白,1594737866,0,2fb560fd,35439609800294405,武淘
100.028,普通弹幕,中,白,1594737792,0,32f4b719,35439571037585411,学安全工程
63.117,普通弹幕,中,白,1594737755,0,32f4b719,35439551679299589,量子力学
75.516,普通弹幕,中,白,1594737314,0,f38dee84,35439320524390407,真。安心。
1284.788,普通弹幕,中,红,1594736675,0,608707ef,35438985489678339,暗示投币
1327.641,普通弹幕,中,红,1594736460,0,7b8f8fbd,35438872656084995,上一个无敌的已经秃了
543.593,普通弹幕,中,白,1594736447,0,f1c8a474,35438865878614019,不行啊
478.483,普通弹幕,中,白,1594736377,0,f1c8a474,35438829127598085,摄影师加头牛
1252.241,普通弹幕,中,红,1594736365,0,7b8f8fbd,35438823183220741,危！
1315.856,普通弹幕,中,白,1594736262,0,10ee26d3,35438768879566851,当麻：摸一下的事
1141.077,普通弹幕,中,红,1594735900,0,b892109b,35438579000803335,蝎——————————
948.316,普通弹幕,中,白,1594734917,0,eac6b47b,35438063943417859,hhhc
1110.406,普通弹幕,中,白,1594734212,0,14b0b494,35437694378049539,怎么多危是只狼梗吗
549.31,底部弹幕,中,红,1594734022,0,8158fe3b,35437594534215683,俺康康
158.041,普通弹幕,中,白,1594733583,0,fb035ed6,35437364306247751,哔哩哔哩乾杯！
760.284,底部弹幕,中,黄,1594732751,0,428c2066,35436928421068807,一个敢写一个敢读
233.634,普通弹幕,中,白,1594732683,0,b892109b,35436892639461381,哔哩哔哩 (゜-゜)つロ 干杯~
381.897,普通弹幕,中,白,1594732435,0,65d30308,35436762423623683,光子NB
278.297,普通弹幕,中,白,1594732319,0,65d30308,35436701723656195,爷青回
19.265,普通弹幕,中,白,1594731594,0,3accf092,35436321609613319,8000万贺电
1360.233,普通弹幕,中,白,1594731544,0,cfaf9ca2,35436295441350663,人生导师
23.087,普通弹幕,中,红,1594731489,0,608707ef,35436266667900935,开局就高能？
3.019,普通弹幕,中,白,1594731315,0,e40ba399,35436175453323269,8000万了！
251.769,普通弹幕,中,白,1594731040,0,b7ced817,35436031092195331,太爱黑子的声线了
92.249,普通弹幕,中,白,1594730859,0,b7ced817,35435936254263299,啊，黑子！
1196.365,普通弹幕,中,红,1594730655,0,44b24663,35435829225586695,佩思直呼内行
1002.0,普通弹幕,中,白,1594730446,0,fa76624e,35435719406125061,他休息。
1245.854,底部弹幕,中,红,1594730390,0,2146fa02,35435690427154437,危  劫匪  危
1309.765,普通弹幕,中,白,1594729958,0,fb3c6964,35435463760150535,狙击手:什么，居然是安全裤，大意了。。
1078.455,底部弹幕,中,淡蓝,1594729460,0,853ea8fb,35435202677833731,洛圣都日常
1066.415,底部弹幕,中,淡蓝,1594729444,0,853ea8fb,35435194118307847,太平洋银行
183.64,底部弹幕,中,红,1594729208,0,2146fa02,35435070623842311,哔哩哔哩( ゜- ゜)つロ 干杯
1246.053,普通弹幕,中,白,1594729127,0,8c5510cb,35435028256653317,危危危危危危危危危危
182.738,普通弹幕,中,白,1594729099,0,69655ec5,35435013642125317,这什么神歌
416.396,普通弹幕,中,白,1594728932,0,f160404e,35434925706969091,有点像海贼王的女帝
969.638,普通弹幕,中,白,1594728815,0,8c5510cb,35434864673030147,莫名想当呱太
353.825,普通弹幕,中,白,1594728808,0,48735563,35434860813746183,补1岁的番
1409.925,普通弹幕,中,白,1594728581,0,8b7284f,35434741918334983,正道の光大地に照らした
1250.206,普通弹幕,中,白,1594728433,0,824495,35434664316370951,一路走好
62.573,普通弹幕,中,白,1594728305,0,853ea8fb,35434597172379651,jvav
59.173,普通弹幕,中,白,1594728293,0,853ea8fb,35434590861524997,JVJV
727.474,普通弹幕,中,白,1594728250,0,4a763f7d,35434568502214661,这家多灾多难的饭店啊
29.919,普通弹幕,中,白,1594727368,0,bf00684e,35434105837977607,八格牙路
540.092,普通弹幕,中,白,1594727361,0,a32de968,35434102128640003,科普一下，Lv6上升气流
46.593,普通弹幕,中,白,1594726942,0,bea5236d,35433882616070151,高楼大厦间的风力发电机?
1244.361,普通弹幕,中,蓝,1594726708,0,ae837de3,35433759743410179,危危危危危危
576.339,普通弹幕,中,黄,1594726298,0,8eb7e959,35433545114058759,体验什么？ 嘿嘿嘿_(:D)∠)_
779.281,普通弹幕,中,蓝,1594726212,0,ae837de3,35433499821342723,秀儿
385.55,普通弹幕,中,白,1594725910,0,c708d0a2,35433341257777157,补一岁的番
364.905,普通弹幕,中,白,1594725686,0,7eeadd0,35433223929462789,来补29岁的番
380.469,普通弹幕,中,黄,1594724319,0,573788c7,35432507196833795,光子光子！
1396.878,普通弹幕,中,白,1594724291,0,134c200f,35432492469583875,正道的瓜
6.4,普通弹幕,中,白,1594723947,0,cb084ed7,35432312076238851, 哔哩哔哩( ゜ -゜)つロ 乾杯~ 哔哩哔哩( ゜ -゜)つロ 乾杯~
63.98,普通弹幕,中,白,1594723672,0,eac6b47b,35432168032305155,java~
935.274,普通弹幕,中,白,1594723278,0,564688ca,35431961533612035,男主呱太，魔禁、超炮、科方都是番外【滑稽】
237.143,普通弹幕,中,红,1594723054,0,4a6448a8,35431844357865539,哔哩哔哩( ゜- ゜)つロ乾杯
1122.726,底部弹幕,中,红,1594723023,0,9db44fc3,35431827742654471,那个不是蝎的人偶吗？
164.55,普通弹幕,中,白,1594723017,0,be7ccda2,35431824505700355,哔哩哔哩 （゜-゜）つロ 干杯~-
1080.206,底部弹幕,小,红,1594722945,0,9db44fc3,35431786752770051,强盗       危
468.905,普通弹幕,中,白,1594722915,0,ee531a3e,35431771530067971,没有男主？
705.066,底部弹幕,小,蓝,1594722535,0,9db44fc3,35431571798884355,唯亿次
638.026,底部弹幕,中,红,1594722440,0,9db44fc3,35431522130984967,以迷上门口的老头
1394.34,普通弹幕,中,白,1594722353,0,2ee22c91,35431476535754759,153
226.871,底部弹幕,中,淡蓝,1594722075,0,85b046b,35431330918957061,哔哩哔哩 (゜-゜)つロ 干杯~
219.901,底部弹幕,中,橙,1594722068,0,85b046b,35431327270436871,哔哩哔哩 (゜-゜)つロ 干杯~
197.43,普通弹幕,中,白,1594721513,0,d05267c6,35431036168437767,哔哩哔哩干杯( ゜-゜)つロ -
116.512,普通弹幕,中,白,1594721173,0,fce3ecff,35430857835020295,贝蒂
395.054,普通弹幕,中,白,1594720154,0,eade1cb7,35430323689881607,补出生前的番
894.936,普通弹幕,中,白,1594720104,0,de3bb4d6,35430297321865223,硬币全靠打游戏赢
1319.508,普通弹幕,中,白,1594719301,0,41c98c82,35429876375748615,又双㕛叕
868.051,底部弹幕,中,红,1594719122,0,1ebffbc2,35429782434873351,好听就是好头
258.772,普通弹幕,中,白,1594718493,0,47a399f3,35429452610535429,补4
862.605,底部弹幕,中,红,1594717605,0,cfad500a,35428987093647365,去军火库
59.901,普通弹幕,中,白,1594717506,0,9027a0f6,35428935445512199,blbl
671.665,底部弹幕,中,红,1594717396,0,cfad500a,35428877913817095,上一个这么说的是黑子吧
1246.382,普通弹幕,中,白,1594717391,0,434254b1,35428874884481029,危SSR!!!!!
1243.742,普通弹幕,中,白,1594717350,0,434254b1,35428853441101827,危危危
74.32,普通弹幕,中,白,1594716864,0,cfad500a,35428598681174023,众所周知，最安全的地方就是最危险的地方
60.179,普通弹幕,中,白,1594716827,0,cfad500a,35428579326033927,塑料中文
737.472,普通弹幕,中,白,1594716814,0,529cbc58,35428572498755587,黄鼠狼？啊不，水貂？！！
271.849,普通弹幕,中,白,1594716076,0,e9a3b648,35428185870434309,电击文库已经回不去了
1405.841,底部弹幕,中,红,1594715940,0,5faac9a0,35428114627559431,高举呱琴大旗
1308.961,底部弹幕,中,红,1594715812,0,5faac9a0,35428047376089095,当麻应该挡不住硬币吧
195.113,普通弹幕,中,白,1594715807,0,fb79d07c,35428044388696069,非战斗人员请撤离
74.067,普通弹幕,中,红,1594715676,0,ab209413,35427976169390083,非人学园？
632.641,底部弹幕,中,红,1594715010,0,5faac9a0,35427626856218627,献出心脏！
1247.241,普通弹幕,中,白,1594714633,0,3c48c30,35427429069619207,危危危危危
1492.34,普通弹幕,中,白,1594714389,0,dfc4c5fc,35427301010702339,这就是换了个发型吧
238.705,普通弹幕,中,白,1594713222,0,1e01803a,35426689625358343,爷！没 跳！
60.323,普通弹幕,中,白,1594712416,0,2ee22c91,35426267037696007,C++的过分了
1322.324,普通弹幕,中,白,1594710640,0,9afbbc43,35425335642685445,这难道是Mc的超能力模组吗？
1387.679,普通弹幕,中,黄,1594708789,0,e3f6ac3f,35424364973785091,美汁汁！
543.084,普通弹幕,中,白,1594708730,0,243212c7,35424334446592005, 干的漂亮。
1311.819,普通弹幕,中,蓝,1594708692,0,e3f6ac3f,35424314209599493,上一个无敌的不是人
246.569,普通弹幕,中,白,1594707983,0,fb3c6964,35423942641451013,跳po是个技术活
401.011,普通弹幕,中,白,1594707357,0,df649526,35423614371627015,一岁的
18.1,普通弹幕,中,红,1594707065,0,4e836847,35423461139021831,小混混！！！危
146.859,底部弹幕,中,青,1594706642,0,c71c592b,35423239359430663,mori summer？
1477.377,底部弹幕,中,白,1594706422,0,a94d3830,35423124037566467,无人区
1002.881,普通弹幕,中,白,1594705778,0,e98906b7,35422786624684035,每少一个呱太，就会有一个LV5失去梦想
1346.6,底部弹幕,中,红,1594705096,0,a5675caf,35422428716859397,上一个无敌的死都死不了
374.398,普通弹幕,中,白,1594705065,0,d84e2c81,35422412621217797,补没出生时的番
591.489,普通弹幕,中,白,1594704032,0,6392c67b,35421871178514439,还没有?
825.071,普通弹幕,中,白,1594703634,0,b3fd4672,35421662593155077,bilibili的放电女
188.421,普通弹幕,中,白,1594702803,0,760cc5ef,35421226863165447,哔哩哔哩 干杯～
1416.853,普通弹幕,中,红,1594702531,0,4c031eba,35421084403105797,就这样犯了劫匪……
1196.76,普通弹幕,中,白,1594702119,0,f4d0768a,35420868271144963,人体描边大师
1352.9,普通弹幕,中,白,1594702093,0,72c49600,35420854722494469,上一个无敌的已经开白翼伤势痊愈了
1483.473,普通弹幕,中,白,1594702029,0,3caeddd4,35420821284978695,这真的有男主吗
163.445,普通弹幕,中,红,1594701558,0,4f27fb4f,35420573866131459,OP只看一遍
105.099,普通弹幕,中,白,1594701331,0,e383712a,35420455090782215,暴汗
234.214,普通弹幕,中,白,1594700948,0,e51440cc,35420254142726147,bilibili
57.429,底部弹幕,中,白,1594698995,0,428c2066,35419230192533507,P  y  t  h  o  n
1109.075,普通弹幕,中,白,1594698482,0,82925c8f,35418961180360709,子安
611.238,底部弹幕,中,红,1594698291,0,19e118c6,35418860969000967,众所周知，LV0 ＞ LV6
49.17,普通弹幕,中,白,1594698049,0,e4d89fdf,35418734284767239,十三区是最安全的地方
649.796,普通弹幕,中,白,1594696690,0,75b3b0ef,35418022031654915,哈哈哈
366.207,普通弹幕,中,白,1594696178,0,ab616e82,35417753349783557,补1岁的番
404.587,普通弹幕,中,白,1594696018,0,ec52c129,35417669374574597,1岁的番
999.51,普通弹幕,中,黄,1594695737,0,dc82d864,35417522324373509,一只炮姐失去了梦想
772.606,普通弹幕,中,黄,1594695510,0,dc82d864,35417403141652485,哦红红火火恍恍惚惚哈哈哈
514.161,普通弹幕,中,黄,1594695265,0,dc82d864,35417274534330371,车车，好快的车
327.421,普通弹幕,中,黄,1594695046,0,dc82d864,35417160040316931,可恶啊！万恶的安全裤
704.883,普通弹幕,中,白,1594694779,0,3efd42bd,35417020077441031,求大爷出场
741.177,普通弹幕,中,白,1594693325,0,ece66dfc,35416257565032451,补四岁的番
891.574,普通弹幕,中,白,1594692192,0,b2e2cfe,35415663434530821,其实挺擅长的
24.22,普通弹幕,中,白,1594691683,0,c3e8136b,35415396962009091,高危职业
384.34,普通弹幕,中,白,1594691582,0,a6cc789c,35415343922413637,补二岁的番
860.74,普通弹幕,中,白,1594691352,0,4f403a69,35415223298949125,补充军火
1402.281,普通弹幕,中,白,1594691307,0,6ddd10f,35415199475302403,正しい道の光が大地を照らした
1377.952,底部弹幕,中,白,1594689394,0,909e4aeb,35414196532805635,正道的光
284.257,普通弹幕,中,白,1594689001,0,386b05a0,35413990604537859,绅士必看
267.293,普通弹幕,中,白,1594688984,0,386b05a0,35413981710516227,绅士
258.435,普通弹幕,中,白,1594688975,0,386b05a0,35413977068994563,裙子好短
43.562,普通弹幕,中,白,1594688832,0,386b05a0,35413901746634759,hhh
16.04,普通弹幕,中,白,1594686910,0,1ca086f4,35412894497636359,发现宝藏
1245.638,普通弹幕,中,白,1594686082,0,bf3d45b7,35412460047433735,开炮
823.223,普通弹幕,中,白,1594684885,0,6aa61d04,35411832785600519,はじめました初次见面
1339.075,普通弹幕,中,白,1594684770,0,65528dfc,35411772059418629,上一个无敌的已经失忆
1390.265,普通弹幕,中,白,1594684687,0,407d165c,35411728922050565,みなさん、こんにちは
471.476,底部弹幕,中,黄,1594680279,0,3ad0805b,35409417606791173,摄影师加鸡腿
276.85,底部弹幕,中,黄,1594664843,0,e6e13fd2,35401324950978567,金坷垃
70.405,普通弹幕,中,白,1594664567,0,9e14b43b,35401180309880837,哥谭
384.25,普通弹幕,中,黄,1594662565,0,c0cf49a2,35400130697887749,补侏罗纪时代的番
227.495,底部弹幕,中,白,1594659414,0,5a48a0ef,35398478601388035,长井龙雪
636.165,普通弹幕,中,白,1594658810,0,c83ee9f7,35398161673486343,creeper!
673.729,普通弹幕,中,白,1594657223,0,3b34da76,35397329851777031,嗷嗷叫
673.729,普通弹幕,中,白,1594657212,0,3b34da76,35397324209913863,嗷嗷叫
673.729,普通弹幕,中,白,1594657208,0,3b34da76,35397322110664707,嗷嗷叫
1384.793,普通弹幕,中,白,1594653576,0,e28b81c4,35395417750896645,正道的光照在了大地上
514.097,底部弹幕,中,黄,1594653144,0,c8490912,35395191254810627,cece，好快的cece
1122.073,普通弹幕,中,白,1594652643,0,5683bcac,35394928447586311,甘文崔
290.401,普通弹幕,中,白,1594652340,0,fd525d20,35394769721491463,官方吐槽
1036.908,普通弹幕,中,白,1594652329,0,2ae32fe5,35394763841601539,真ne豆
112.606,普通弹幕,中,白,1594652219,0,fd525d20,35394706207145987,贝蒂丝大人
1251.559,普通弹幕,中,白,1594652125,0,8d42d1de,35394656996950021,危险
70.54,普通弹幕,中,白,1594651860,0,36b181c2,35394518149758981,打脸
1170.174,普通弹幕,中,黄,1594651272,0,d6995ea6,35394209478868995,宝宝巴士
632.83,普通弹幕,中,黄,1594650723,0,d6995ea6,35393921642135555,高科技城市用这个？？
5.97,普通弹幕,中,蓝,1594650683,0,4616e486,35393901033947139,番：这路人好看吗
38.386,普通弹幕,中,白,1594650598,0,983f5a13,35393856502497287,实验都市，划重点
582.326,普通弹幕,中,白,1594650137,0,69ccb16a,35393614521565189,淦，看成体验了
139.768,普通弹幕,中,橙,1594649784,0,fdd734d3,35393429629304839,贝蒂的声音
276.542,底部弹幕,中,青,1594649509,0,79fdb7cd,35393285509873667,看脚!
1243.486,普通弹幕,中,白,1594648912,0,300b004d,35392972301795335,劫匪！！！！一路走好
289.16,普通弹幕,中,白,1594648274,0,76827974,35392637799235591,狙击手任务失败
283.165,普通弹幕,中,白,1594648026,0,57e5230c,35392507749072903,安全裤？
1209.013,普通弹幕,中,黄,1594647589,0,6905d3bc,35392278633644035,把电脑配件移到肚子里（滑稽）
1198.235,普通弹幕,中,白,1594646846,0,d5077e11,35391889446273029,佩恩转世
1129.802,普通弹幕,中,白,1594646757,0,d5077e11,35391842443329543,蝎啊
343.739,普通弹幕,中,白,1594646743,0,a0e11753,35391835428880387,果然是常磐庄吾嘛
1087.665,普通弹幕,中,白,1594646719,0,d5077e11,35391822391934983,蝎啊
214.759,普通弹幕,中,红,1594646705,0,f4932d5e,35391815422574595,哔哩哔哩 (゜-゜)つロ 干杯~-bilibili
1093.987,普通弹幕,中,白,1594646671,0,d5077e11,35391797416427591,nice
367.638,普通弹幕,中,白,1594646290,0,f749e328,35391597775421445,4岁的
946.497,普通弹幕,中,绿,1594644366,0,be462dff,35390589179527175,老傲娇了
873.217,普通弹幕,中,白,1594644270,0,be462dff,35390538808033351,这不是百合番吗
365.92,普通弹幕,中,白,1594644053,0,ec89b1bd,35390425108840451,补八千岁的番
176.928,普通弹幕,中,白,1594643478,0,8fed2c0a,35390123542052869,哔哩哔哩干杯！
155.673,普通弹幕,中,白,1594643457,0,8fed2c0a,35390112440254471,正片开始
779.411,普通弹幕,中,白,1594643189,0,534644eb,35389971913768965,//////
743.203,普通弹幕,中,白,1594643153,0,534644eb,35389952957612035,11
760.293,普通弹幕,中,白,1594642536,0,6df90e5c,35389629731962887,贝蒂
970.636,普通弹幕,中,白,1594641643,0,9e5581bf,35389161574236167,上条当麻男主
882.172,普通弹幕,中,白,1594641599,0,9e5581bf,35389138358763523,=-=
17.44,普通弹幕,中,黄,1594640113,0,1763fc17,35388359015137283,故事时间线是超炮在前面，放送时间是魔禁先
761.994,普通弹幕,中,白,1594639483,0,5fa46117,35388028862070789,电脑配件，即将到来
24.672,普通弹幕,中,白,1594639063,0,5fa46117,35387808528990215,高危职业；小混混
256.189,底部弹幕,中,红,1594638974,0,8a367a39,35387761780850691,前方请屏蔽“补……岁的番”！
727.273,普通弹幕,中,红,1594638598,0,61a947fb,35387565080576007,某科学的一方通行中大爷正在带娃
635.119,底部弹幕,中,红,1594638196,0,6b2a390d,35387354373423107,h          o          p
32.398,普通弹幕,中,白,1594638078,0,2466c8fe,35387292186574853,小混混，危
494.058,普通弹幕,中,黄,1594637855,0,32763c0c,35387175384645637,前方高能
413.301,普通弹幕,中,白,1594637696,0,5fc6e27f,35387092190101509,1岁番
385.364,普通弹幕,中,白,1594636571,0,7656b48e,35386502078791683,補3歲的番
645.351,普通弹幕,中,白,1594636507,0,7eac96f1,35386468840505351,春泥
271.25,普通弹幕,中,白,1594636115,0,7eac96f1,35386262814195717,黑子的配音好像在没有污漫世界听过
1337.069,普通弹幕,中,白,1594635067,0,1c066943,35385713841668101,暗示投币的下场
215.635,普通弹幕,中,白,1594634890,0,2494dfc,35385620860764165,Mangster 
1312.451,普通弹幕,中,白,1594634612,0,1c066943,35385474934112263,还上网不
1306.735,普通弹幕,中,白,1594634600,0,1c066943,35385468686696453,杨永信亲传弟子
1283.86,普通弹幕,中,白,1594634569,0,1c066943,35385452671270919,暗示投币
276.073,普通弹幕,中,白,1594634303,0,94cae478,35385312952188933,贩卖机危，快跑
1132.366,普通弹幕,中,白,1594634015,0,b21432ae,35385161950429189,蝎？
1167.525,底部弹幕,中,白,1594633594,0,ae3e7e4e,35384941572259845,火法
538.598,普通弹幕,中,白,1594631060,0,5d0637ec,35383612943106117,Lv6.上升气流
1425.363,普通弹幕,中,白,1594630450,0,df86d55,35383293017325575,这番有男主吗？
743.534,普通弹幕,中,白,1594627653,0,e07e99d0,35381826729017349,FAN是啥意思？
211.6,普通弹幕,中,白,1594627086,0,e07e99d0,35381529160974343,炮姐赛高
564.297,底部弹幕,中,黄,1594626823,0,a12d6532,35381391449915399,常盘台才是女校
531.217,底部弹幕,中,黄,1594626768,0,a12d6532,35381362318901253,钉宫在魔禁
146.161,底部弹幕,中,黄,1594626570,0,a12d6532,35381258956570627,正片开始
1359.106,普通弹幕,中,白,1594626061,0,f65c4637,35380991734841347,看他兜里的东西划重点背下来要考的
1303.678,普通弹幕,中,白,1594625985,0,f65c4637,35380952231837699,上一个无敌的正准备出场带娃呢
716.285,普通弹幕,中,黄,1594625662,0,c4302922,35380782798209027,◣◥◣◥◣◥◣◥◣◥◣◥◣◥◣◥◣◥◣WARNING◥◣◥◣◥◣◥◣◥◣◥◣◥◣◥◣◥◣◥
1030.9,普通弹幕,中,白,1594625292,0,b0035fd4,35380588481871875,来一箱纳豆
156.243,普通弹幕,中,白,1594625156,0,f65c4637,35380517197578245,哔哩哔哩乾杯
19.992,普通弹幕,中,白,1594625030,0,f65c4637,35380451413065735,小混混快跑
150.321,普通弹幕,中,白,1594623999,0,507cb00,35379910957072389,正片
217.693,普通弹幕,中,红,1594623718,0,2227207e,35379763706068995,哔哩哔哩( ゜ -゜)つロ 乾杯~
1393.348,普通弹幕,中,白,1594623466,0,5d972404,35379631207481349,60.8
703.978,普通弹幕,中,黄,1594623440,0,eab438aa,35379617957150723,hhhhh
366.066,普通弹幕,中,白,1594622180,0,326dcf32,35378957312852037,补十岁的番
55.504,普通弹幕,中,白,1594622124,0,5a63df90,35378927787573255,Java
1291.376,底部弹幕,中,红,1594621725,0,73e5fb4e,35378718783307783,危危危危危危危危危危危危危危危危危危危危危危危危危危危
1071.446,普通弹幕,中,白,1594621670,0,b4548e8f,35378689513357315,???
539.765,普通弹幕,中,白,1594621571,0,bc4a0a38,35378638089093189,上升气流
1144.102,普通弹幕,中,白,1594621349,0,a0d886ec,35378521347457031,黑子赛高！
74.06,普通弹幕,中,白,1594620113,0,986db0c1,35377873673519111,好安全呀
1030.298,普通弹幕,中,深蓝,1594619923,0,d123009b,35377773662961669,鹅鹅鹅
134.191,普通弹幕,中,白,1594619835,0,ad036557,35377727520374789,赛高
60.889,普通弹幕,中,深蓝,1594618999,0,d123009b,35377289590996999,安全。。。。。。。。。。。。。。。。。。。。。。。。。。。。。。。。。。。。。
38.255,普通弹幕,中,白,1594618938,0,d123009b,35377257137569795,危危危危危
560.8,普通弹幕,中,白,1594617489,0,e72eb4f9,35376497847435267,官方狙击手
51.999,普通弹幕,中,白,1594617324,0,12430c0e,35376411088257029,就行了
1333.226,普通弹幕,中,白,1594617094,0,cc848bcb,35376290471084039,暗示不要投币
1288.806,普通弹幕,中,白,1594617038,0,cc848bcb,35376261254610949,大爷？？？
1246.086,普通弹幕,中,白,1594616985,0,cc848bcb,35376233584787459,阔怕
192.978,普通弹幕,小,白,1594616904,0,e9b997ce,35376191068700679,...
997.886,普通弹幕,中,白,1594616719,0,cc848bcb,35376093781295173,自闭
942.646,普通弹幕,中,白,1594616659,0,cc848bcb,35376062430969863,傲娇等于白给
862.786,普通弹幕,中,白,1594616568,0,cc848bcb,35376014989197315,六花表示很赞
1323.026,普通弹幕,中,白,1594616526,0,fbc8222e,35375992791891975,孩子也凉了
545.346,普通弹幕,中,白,1594616200,0,cc848bcb,35375821921714181,老狙击手了
433.986,普通弹幕,中,白,1594616047,0,cc848bcb,35375741625958403,这番没有男主
13.899,普通弹幕,中,白,1594615213,0,b1ff3332,35375304528625671,十年的黄金矿工(笑)
1196.813,普通弹幕,中,白,1594615204,0,b55d879a,35375299476062215,技术指导：佩恩
412.396,普通弹幕,中,白,1594615044,0,9a82248a,35375215908225031,补6岁时的番~~~
1296.468,普通弹幕,中,白,1594614988,0,9acf8b76,35375186407063557,壮士走好
287.717,普通弹幕,中,黄,1594614076,0,a4eafd13,35374708402159619,别报告了，炊事班都看见了
1003.048,普通弹幕,中,白,1594613751,0,46ff2d0a,35374538049978375,哈哈哈哈哈
128.46,普通弹幕,中,白,1594613296,0,5095591f,35374299301281795,love
1315.702,普通弹幕,中,白,1594613142,0,cf16bddc,35374218525802499,兄弟走好
213.61,普通弹幕,中,白,1594612775,0,cd3a84a9,35374026017210373,哔哩哔哩哔哩
1317.548,普通弹幕,中,红,1594612568,0,f393806b,35373917493264389,上一个无敌已经在带娃
167.926,普通弹幕,中,白,1594612515,0,fbf13088,35373890104983559,哔哩哔哩哔哩哔哩哔哩哔哩哔哩哔哩
13.587,普通弹幕,中,白,1594611217,0,a6d18443,35373209157107717,虐呀
390.632,普通弹幕,中,紫,1594610677,0,55da2cd1,35372926378704901,补两岁的番
1375.2,普通弹幕,中,红,1594610551,0,f649f0b3,35372860174237703,正道的光
703.964,普通弹幕,中,白,1594610356,0,a381f844,35372757742518275,Lv100:作者操纵
512.062,普通弹幕,中,黄,1594608636,0,7520a203,35371856021684227,车车，好快的车车！
956.446,普通弹幕,中,白,1594608615,0,c2db33ac,35371845203001347,doge
943.055,普通弹幕,中,白,1594608602,0,c2db33ac,35371838171250693,哈哈哈哈哈·
51.433,普通弹幕,中,白,1594607305,0,4bec3b2d,35371158095265795,这画质被优化了吗
61.953,普通弹幕,中,白,1594605851,0,21bea6fd,35370396108718087,jvav
570.802,普通弹幕,中,白,1594603271,0,764bee94,35369043140018183,AWSL
877.928,普通弹幕,中,白,1594602766,0,f9fe1a06,35368778775134215,蹭书看真实
553.769,底部弹幕,中,黄,1594601757,0,9af7d0c4,35368249514786823,最重要的还是旁边有男生
485.162,底部弹幕,中,黄,1594601667,0,9af7d0c4,35368202605690887,一堆lsp
1402.414,普通弹幕,中,白,1594601272,0,7d5e4e94,35367995351498755,超炮没有男主，当妈只是露几次脸而已，
1405.646,普通弹幕,中,白,1594598219,0,b9f27a9a,35366394917814279,60.8w
1116.684,底部弹幕,中,黄,1594596137,0,26f61b1f,35365303243243527,众所周知小混混 强盗是世界上最危险的职业［doge］
86.092,普通弹幕,中,白,1594576487,0,d32f7e06,35355000857690117,好安全哦
1125.921,底部弹幕,中,蓝,1594573834,0,3abf7797,35353609828302851,抢劫不拿枪？？？——来自 麦克 的疑惑
688.541,普通弹幕,中,白,1594573824,0,b72af9fd,35353604485808131,泪爷:还是要演一下的，刚上来就被知道拿剧本就不好了
1074.541,底部弹幕,中,蓝,1594573752,0,3abf7797,35353566909562887,麦克：c被人抢了
296.549,普通弹幕,中,白,1594573376,0,b72af9fd,35353369935609859,炊事班都看到了
112.884,普通弹幕,中,白,1594570648,0,6fc6d0d7,35351939703111683,贝蒂？
505.82,普通弹幕,中,白,1594569816,0,b16bca06,35351503107522563,好家伙
530.942,普通弹幕,中,白,1594568342,0,6b9c73d0,35350730465345607,awsl
265.206,普通弹幕,中,白,1594568288,0,28ac1e5,35350702371373061,这画质好超前啊
187.974,普通弹幕,中,白,1594567399,0,faf4bf1b,35350236342255619,哔哩哔哩 (゜-゜)つロ 乾杯~-bilibili
227.225,普通弹幕,中,白,1594567393,0,faf4bf1b,35350232934383619,哔哩哔哩哔哩哔哩 (゜-゜)つロ 乾杯~-bilibili
1346.192,普通弹幕,中,白,1594566255,0,b2d63b0c,35349636067622919,Level 5能力者在此
1122.304,底部弹幕,中,红,1594566168,0,78d2273d,35349590778052613,【抢劫任务】抢劫全福银行
609.397,底部弹幕,中,红,1594566046,0,cef024cb,35349526872064005,滨面，上条，泪爷，三大最强无能力者
1250.42,普通弹幕,中,黄,1594565694,0,498e3a67,35349342265016327,危危危危危危危危危危危危危危危危危
1133.79,普通弹幕,中,黄,1594565573,0,498e3a67,35349279023300615,危危危危危危危危危危危危危危危危危
516.158,普通弹幕,中,黄,1594565470,0,f5811cfe,35349225001189379,黑子一语道出真谛
1007.265,普通弹幕,中,黄,1594565446,0,498e3a67,35349211919679493,哈哈哈哈
483.236,普通弹幕,中,黄,1594564488,0,498e3a67,35348710084313095,鸡腿！鸡腿！
994.053,普通弹幕,中,黄,1594563959,0,e74938dc,35348432320724995,此时一位Level5失去了梦想
209.476,普通弹幕,中,红,1594563477,0,101bfe18,35348179719290887,在超炮里找教主，在魔禁里找炮姐，其乐无穷∞
516.82,普通弹幕,中,白,1594562779,0,81eaa66c,35347813804015621,录音棚里欢乐多
344.799,普通弹幕,中,白,1594562653,0,1cc28710,35347747697590277,这里是透视啊
276.157,普通弹幕,中,白,1594562306,0,7a1963a9,35347566196424775,自动贩卖机杀手
417.6,普通弹幕,中,白,1594562139,0,4cc0269,35347478192062467,补九岁的番
1106.057,普通弹幕,中,白,1594561893,0,9c8737b5,35347349529165829,孩——子——
331.493,普通弹幕,中,白,1594560858,0,1e2f905f,35346806970777605,克隆了。。
124.457,普通弹幕,中,白,1594560814,0,9c8737b5,35346783908921347,众所周知，念完台词后才能看到眼前的东西
144.725,普通弹幕,中,白,1594560672,0,1e2f905f,35346709075197955,永远不会错过的片头曲。。
169.714,普通弹幕,中,红,1594559804,0,d4930dc5,35346254390624259,哔哩哔哩哔哩哔哩哔哩哔哩哔哩哔哩哔哩哔哩哔哩哔哩
167.634,普通弹幕,中,白,1594559798,0,d4930dc5,35346250927177731,哔哩哔哩哔哩哔哩哔哩哔哩哔哩哔哩哔哩哔哩哔哩哔哩
1248.744,普通弹幕,中,红,1594559656,0,611f7358,35346176344064007,危危危危危危危危危
1314.494,普通弹幕,中,白,1594558820,0,80977b0,35345738247438343,无敌，那没事了
365.016,底部弹幕,中,红,1594558163,0,80b3d703,35345393578410053,补10岁的番
30.002,普通弹幕,中,红,1594558049,0,c514674,35345334001467399,危危危危危危
1308.141,普通弹幕,中,白,1594558002,0,35579a21,35345309443293191,电疗
277.373,普通弹幕,中,白,1594557831,0,2ddfb1b1,35345219828318211,补-2岁时的番
106.022,普通弹幕,中,红,1594557566,0,24e1c4b7,35345080549638151,到底谁是暴汉？
235.043,底部弹幕,中,黄,1594556984,0,4614118a,35344775662534661,爷没跳！
1202.228,普通弹幕,中,白,1594556743,0,d22e37c3,35344649112518659,求视角
366.132,普通弹幕,中,白,1594556557,0,b74442b6,35344551537803269,补三岁番
1256.246,普通弹幕,中,黄,1594556396,0,f6d1bffd,35344467226525699,这位老哥是在用生命在解说啊喵
73.417,底部弹幕,中,红,1594556301,0,d3c554a2,35344417367261191,钞能力！
1056.606,普通弹幕,中,红,1594556167,0,f6d1bffd,35344347210186823,hhh太有意思了
7.249,普通弹幕,中,白,1594555877,0,7001371c,35344195266805767,救命
1132.77,底部弹幕,中,白,1594555203,0,41e1fe5,35343841868382213,台词指导:一方通行
320.078,普通弹幕,中,白,1594554399,0,d22e37c3,35343420461416455,反狙击手
227.078,普通弹幕,中,白,1594554296,0,d22e37c3,35343366278348803,巴颜喀拉
607.623,普通弹幕,中,白,1594553610,0,bc0c3345,35343006973296643,Level 6——剧本掌握   佐天泪子
1171.771,普通弹幕,中,白,1594553183,0,811b87b3,35342782697046019,可怜的劫匪啊
1148.165,普通弹幕,中,红,1594553159,0,811b87b3,35342770295013447,劫匪    -----------------------------------危
376.084,普通弹幕,中,红,1594552956,0,ce04c1f5,35342663968358407,补三岁时的番
365.92,普通弹幕,中,白,1594552674,0,435dfd86,35342515758956547,伯母两岁的饭
18.642,普通弹幕,中,红,1594552582,0,ce04c1f5,35342467748331527,混混快跑！！
316.639,普通弹幕,中,白,1594552541,0,c595ca77,35342446099431431,sysy
753.154,普通弹幕,中,黄,1594552064,0,f6000f3a,35342196338065411,WOW
624.094,普通弹幕,中,白,1594551062,0,44e6ccec,35341671002537991,天气冷了，进来坐坐吧
521.132,普通弹幕,中,白,1594550908,0,44e6ccec,35341589929787397,好自由的番
519.838,普通弹幕,中,白,1594550730,0,6d479ab3,35341496492228613,草 这个姿势
695.42,普通弹幕,中,红,1594550703,0,fed85ea,35341482611179523,又是硬核腮红
55.641,普通弹幕,中,白,1594550466,0,44e6ccec,35341358414168069,jaav
150.333,底部弹幕,中,红,1594550357,0,39384439,35341301015642119,老规矩，op只看一遍（doge）
128.234,底部弹幕,中,红,1594550324,0,7e93db5d,35341283657515011,前方B站站歌准备
82.58,普通弹幕,中,白,1594549897,0,fed85ea,35341060077518851,安 心
818.626,普通弹幕,中,白,1594549797,0,43a3862,35341007479373827,nice
675.905,普通弹幕,中,白,1594549624,0,8fbdc35c,35340916889747459,ご存知のようにレベルゼロが一番強いです。
592.623,普通弹幕,中,白,1594549020,0,d762382a,35340600304730115,"""精""少年模式开启"
552.263,普通弹幕,中,白,1594548946,0,d762382a,35340561560895493,狙击手，干得漂亮。
495.853,底部弹幕,中,红,1594548907,0,f05b7b8f,35340540827402247,摄影师今晚吃建筑设计师
1102.066,普通弹幕,中,白,1594548905,0,55150581,35340539942404099,！！！
510.464,普通弹幕,中,白,1594548871,0,d762382a,35340522056318979,停车！停车！
79.671,底部弹幕,中,红,1594548535,0,f05b7b8f,35340345708380165,请各位家长安息
488.929,普通弹幕,小,红,1594548380,0,5e8798e2,35340264741535747,红a
159.407,普通弹幕,中,白,1594548294,0,bcac9a23,35340219491811335,神曲
65.966,普通弹幕,中,白,1594547086,0,5ce0a55a,35339586426634245,……？。。。！！
62.12,普通弹幕,中,白,1594547059,0,5ce0a55a,35339572007141381,……？。。。！！
1039.839,普通弹幕,中,粉,1594546193,0,494cd04d,35339118231683077,日本人很喜欢吃纳豆的
578.758,普通弹幕,中,白,1594546166,0,5b2effca,35339103975243779,淦，看成体验了...
663.322,普通弹幕,中,白,1594543902,0,949e3234,35337917124575235,主角无男？
112.179,普通弹幕,中,白,1594543713,0,6440c1d7,35337817914081287,黑琴一生推
189.759,普通弹幕,中,白,1594543369,0,949e3234,35337637624545285,无男？
177.508,普通弹幕,中,白,1594542894,0,3952e1,35337388599803907,黑子黑子黑子
70.108,普通弹幕,中,白,1594542712,0,18f961a8,35337293205602309,HFSS
1255.879,普通弹幕,中,白,1594542553,0,a8aa0416,35337209744195587,R.I.P.
1144.306,普通弹幕,中,白,1594542548,0,763f0937,35337206811328515,官方吐槽
750.529,普通弹幕,中,白,1594542238,0,a8aa0416,35337044537901061,前方高能
399.859,普通弹幕,中,白,1594542165,0,a8aa0416,35337006322548743,前方高能
1368.213,普通弹幕,中,红,1594541898,0,611f7358,35336866225455111,MP3是重点注意啊，画下重点。
323.618,普通弹幕,中,白,1594541696,0,a72b0337,35336760204460037,哇哦
492.266,普通弹幕,中,黄,1594541625,0,57f66df3,35336723167707143,前方高能
906.86,普通弹幕,中,红,1594541608,0,611f7358,35336714305142791,呱太                   危
461.997,普通弹幕,中,黄,1594541571,0,57f66df3,35336694884990979,名场面
1310.505,普通弹幕,中,白,1594541438,0,d50050a3,35336624907223047,狙击手失业￼
1261.179,底部弹幕,中,红,1594541152,0,5af7d5a1,35336475008040967,劫匪生前是个体面人
1246.16,底部弹幕,中,红,1594541131,0,5af7d5a1,35336464315187203,劫匪生前是个体面人
1236.46,底部弹幕,中,红,1594541114,0,5af7d5a1,35336455036338179,快跑啊小混混
1164.82,底部弹幕,中,红,1594541028,0,5af7d5a1,35336410153615365,男孩子在外一定要好好保护自己
1106.98,底部弹幕,中,红,1594540958,0,5af7d5a1,35336373487009799,劫匪快跑不要回头
40.414,普通弹幕,中,白,1594540944,0,611f7358,35336365943029767,小混混
1095.58,底部弹幕,中,红,1594540936,0,5af7d5a1,35336362090037255,劫匪快跑不要回头
1081.02,底部弹幕,中,红,1594540912,0,5af7d5a1,35336349265952775,劫匪快跑啊要死人的
1152.842,普通弹幕,中,红,1594540597,0,ac9e2917,35336184287723523,危危危
534.908,底部弹幕,中,黄,1594540326,0,5af7d5a1,35336041849683973,可以放下针线活了
377.722,底部弹幕,中,白,1594540224,0,cef15857,35335988519632899,补怀胎一月的番
1316.697,普通弹幕,中,白,1594540048,0,ea77a8ff,35335896224497667,这不是日产车！
1316.141,普通弹幕,中,白,1594539933,0,fcd27604,35335836021030917,小男孩儿呢？
383.294,底部弹幕,小,红,1594539254,0,a70ab872,35335479956078597,光子是死傲娇
228.854,底部弹幕,中,红,1594539002,0,a70ab872,35335348150599683,在？为什么跳OP？
32.439,普通弹幕,中,白,1594538995,0,68a2f7d8,35335344134029317,小混混危
63.931,底部弹幕,中,红,1594538799,0,a70ab872,35335241503604739,安全（确信）
82.705,底部弹幕,中,红,1594537447,0,6bdb7758,35334532538302467,安          全
54.905,底部弹幕,中,红,1594537413,0,6bdb7758,35334514974654467,高数
60.419,底部弹幕,中,红,1594537395,0,6bdb7758,35334505206120455,高数！
388.268,普通弹幕,中,白,1594536053,0,e2dc3674,35333801549758467,8岁番
549.63,底部弹幕,中,白,1594535554,0,b56df67b,35333539938435077,左下看得好认真
1354.284,普通弹幕,中,白,1594534437,0,6c0e732e,35332954597621767,LV2
364.609,普通弹幕,中,白,1594534359,0,a7b4bc62,35332913398546437,补半岁的番
1017.98,普通弹幕,中,黄,1594534285,0,768af963,35332874954080263,猿形毕露
468.329,普通弹幕,中,白,1594533758,0,b9a3bbf1,35332598678421511,灯光师
537.7,普通弹幕,中,黄,1594533633,0,768af963,35332533203238917,出现了
511.212,普通弹幕,中,红,1594533287,0,5b1c7172,35332351626051589,5A级景区
317.105,普通弹幕,中,红,1594533101,0,5b1c7172,35332254251614215,安全裤
230.66,普通弹幕,中,白,1594532952,0,b9f26dc0,35332175950774275,（  °—  °）つロ
216.82,普通弹幕,中,白,1594532912,0,b9f26dc0,35332155156463619,（°—   °）つロ
191.46,普通弹幕,中,白,1594532836,0,b9f26dc0,35332115099287559,（°  —  °）つロ
208.191,普通弹幕,中,蓝,1594532822,0,fa47187a,35332107906580487,哔哩哔哩 (゜-゜)つロ 干杯~-bilibili
3.999,普通弹幕,中,白,1594532726,0,fcbac2d2,35332057719111687,bilibili
227.908,普通弹幕,中,白,1594531839,0,ef93ec4,35331592420851715,哔哩哔哩 - ( ゜- ゜)つロ 乾杯~
1398.225,普通弹幕,中,白,1594530889,0,71c5be0,35331094378708995,正道の光が大地に照り映える
1235.937,普通弹幕,中,白,1594530867,0,e47442ef,35331082916724743,一路走好，敢打泪爷
139.035,普通弹幕,中,粉,1594530663,0,fad2fc8f,35330975840337923,欧内撒嘛！
945.278,普通弹幕,中,白,1594530275,0,4a6241b7,35330772385660933,哈哈哈哈哈
466.909,普通弹幕,中,白,1594529842,0,f122e4c2,35330545492688899,手动滑稽
157.179,普通弹幕,中,白,1594529478,0,fc3ebcfb,35330354769297415,哔哩哔哩哔哩哔哩干杯
99.193,普通弹幕,中,白,1594528695,0,d236f231,35329944195170307,危！小混混！危
732.119,普通弹幕,中,白,1594528615,0,3e5ca43f,35329901845282821,看成VAN了
1142.227,底部弹幕,中,黄,1594528501,0,ba0df86e,35329842414616579,wasted
1029.342,普通弹幕,中,白,1594528432,0,b0b57087,35329806368243719,红红火火恍恍惚惚
217.7,普通弹幕,中,粉,1594528139,0,d8e81333,35329652436762631,小手一抖 op还有
1421.239,普通弹幕,中,白,1594526761,0,8076fe46,35328930101592069,不讲男主吗
468.552,底部弹幕,中,红,1594525971,0,bbea39ab,35328515984851015,这里是天堂吗
211.968,普通弹幕,中,白,1594525227,0,d5077e11,35328126089691143,哔哩哔哩乾杯
1322.393,普通弹幕,中,白,1594524971,0,a97a2462,35327991463542787,上一个无敌的被团灭了
1310.828,普通弹幕,中,白,1594524804,0,17e36611,35327904266059783,投币投币
1280.818,普通弹幕,中,白,1594524713,0,3a83a35b,35327856484548615,明示投币
707.646,普通弹幕,中,白,1594524614,0,a97a2462,35327804449488903,泪爷拒绝，全剧终
213.703,普通弹幕,中,白,1594524218,0,2f0af42f,35327596837732357,哔哩哔哩 - ( ゜- ゜)つロ 乾杯~
477.936,普通弹幕,中,白,1594523799,0,8076fe46,35327377365532677,为什么这么熟悉
74.129,普通弹幕,中,白,1594523442,0,8076fe46,35327189743828999,挺安（危）全（险）的
0.259,普通弹幕,中,白,1594523340,0,8076fe46,35327136728875011,从魔禁来
1252.559,普通弹幕,中,红,1594523223,0,4c9de58,35327075405004805,兄弟一路走好
1445.097,普通弹幕,中,白,1594522557,0,9872b3ba,35326725880020995,无人区
897.135,普通弹幕,中,白,1594521794,0,434b9674,35326325823635463,好像蒂娜的声优
322.453,普通弹幕,中,白,1594519964,0,c57cc913,35325366662332423,齐柏林飞艇
1148.339,普通弹幕,中,白,1594519074,0,b6084d2,35324899648077829,贝蒂声优
1262.42,普通弹幕,中,白,1594518883,0,a3874041,35324799590858757,高能预警
1196.015,普通弹幕,中,白,1594518816,0,a3874041,35324764787572739,热心市民
1277.011,普通弹幕,中,白,1594518727,0,8dc7c8d5,35324718034714631,劫-----------匪-----------
1253.118,普通弹幕,中,白,1594518688,0,8dc7c8d5,35324697277628423,危 劫匪 危
954.803,普通弹幕,中,白,1594518575,0,a3874041,35324638312005637,光束打脸
53.862,底部弹幕,中,红,1594517247,0,9238d7f2,35323941849399299,J——V——A——V——
1023.586,普通弹幕,中,青,1594516653,0,83ea283c,35323630814494723,煎饼果子~~~
1388.138,普通弹幕,中,白,1594513302,0,b602fd9b,35321873829462019,正传是哪一个。零几年的。
424.473,普通弹幕,中,白,1594513264,0,fcc78b7e,35321853574643715,头牌
414.933,普通弹幕,中,白,1594513250,0,fcc78b7e,35321846489939971,头牌……
272.87,普通弹幕,中,白,1594512159,0,b602fd9b,35321274461847555,补五岁的番
572.028,普通弹幕,中,白,1594512145,0,4f8be34a,35321267001229317,佐天
666.224,普通弹幕,中,白,1594511609,0,2c1b2894,35320986090864647,6名，众所周知，老六会隐身
205.988,普通弹幕,中,白,1594510078,0,579253b4,35320183309991941,哔哩哔哩哔哩哔哩哔哩哔哩
1411.219,普通弹幕,中,白,1594491174,0,8d4cf7ba,35310272412909575,60.7w
1143.379,普通弹幕,中,白,1594484518,0,434a4c,35306782846877703,语言指导，大爷
283.092,普通弹幕,中,白,1594483926,0,5a609ad,35306472154857477,补1岁的番
1096.137,底部弹幕,中,红,1594483852,0,eb5e3ac4,35306433214414853,“安   全”
69.717,普通弹幕,中,白,1594483114,0,29e21dd5,35306046366941187,物化地
885.04,普通弹幕,中,白,1594482264,0,40bed5b6,35305600997392387,小提琴
677.8,普通弹幕,中,白,1594481981,0,40bed5b6,35305452444581893,但是心气高傲就是美琴的原设啊。
188.139,普通弹幕,中,绿,1594481974,0,e2734bf7,35305448586346503,bilibli
987.625,普通弹幕,中,白,1594481559,0,e284c18a,35305231031992327,傲娇啊
915.569,普通弹幕,中,白,1594481506,0,e284c18a,35305203231096837,男主上线
554.857,普通弹幕,中,白,1594481370,0,e284c18a,35305132149702661,Lv6出现！
22.096,普通弹幕,中,白,1594481303,0,3a28e89a,35305097167634435,世界起源
381.993,普通弹幕,中,白,1594480800,0,40bed5b6,35304833036058631,光子赛高
1103.798,普通弹幕,中,白,1594480750,0,cbd41f9c,35304806958497795,快让开，这个逼让美琴装
54.686,底部弹幕,中,白,1594480534,0,e868c6dd,35304693739028487,Python
470.329,底部弹幕,中,黄,1594480516,0,b5a6c44,35304684645777411,嗷吼
52.166,普通弹幕,中,白,1594480500,0,e868c6dd,35304675944693763,Python
1321.945,普通弹幕,中,白,1594480209,0,f4d7933d,35304523207016453,车里可是有个孩子的啊
113.262,普通弹幕,中,白,1594479577,0,e0900561,35304192198836227,贝帝
753.489,普通弹幕,中,白,1594479409,0,f4d7933d,35304103803355143,全文背诵
1286.868,普通弹幕,中,白,1594478984,0,4f014ca2,35303881282945029,释放出硬币的核能
888.885,普通弹幕,中,白,1594478926,0,5ab62626,35303850987487235,夏娜：无路赛无路赛无路赛！！
110.539,普通弹幕,中,白,1594478497,0,f4d7933d,35303625766993927,贝蒂？
107.22,普通弹幕,中,白,1594478487,0,f4d7933d,35303620564484103,黑子
725.11,普通弹幕,中,白,1594477896,0,fdf3671e,35303310685110275,为什么不碎屏
1349.252,普通弹幕,中,白,1594477124,0,2c491d95,35302906062700547,说老虚的什么眼神
59.623,普通弹幕,中,白,1594477040,0,5ab62626,35302862230126597,C++！
357.519,底部弹幕,中,红,1594476941,0,575f7952,35302809842745349,补两岁的番
97.104,普通弹幕,中,白,1594476797,0,6b4319ea,35302734707032071,友利直呼内行
990.733,普通弹幕,中,白,1594476784,0,69f3a794,35302728010301447,老傲娇了这是
40.775,普通弹幕,中,白,1594476740,0,6b4319ea,35302704895492101,笑死
356.527,普通弹幕,中,白,1594476583,0,bef287c5,35302622551867395,短裙校服吗？
1405.308,普通弹幕,中,白,1594476371,0,97efdb1d,35302511002255365,哎，不用担心，教主还是会出现一下子的
637.193,普通弹幕,中,白,1594476280,0,e8ab8f97,35302463360729093,。。。
469.657,普通弹幕,中,白,1594476210,0,69f3a794,35302426943160327,WOW
1027.182,普通弹幕,中,白,1594475471,0,f9dfc74e,35302039110025219,带派了奥
339.485,普通弹幕,中,黄,1594474399,0,1e2ba7a5,35301477133582339,身体检查。。。
1353.915,普通弹幕,中,黄,1594474196,0,69f952ef,35301370706788359,上一个无敌的，已经被削成超级兵了
334.027,普通弹幕,中,白,1594474058,0,a03ee951,35301298547458051,这是什么番
694.376,普通弹幕,中,棕,1594474029,0,f3ed88a7,35301283469459459,科普一下西葛西是日本的印度村，里面住着IT人才，刚好符合初春人设哦，do御坂解释到
694.246,普通弹幕,中,白,1594473486,0,e245ab9,35300998416171015,西葛西是什么意思
236.938,普通弹幕,中,深蓝,1594472777,0,8b75cf85,35300626968608771,舍不得跳过的开头
366.19,普通弹幕,中,白,1594472648,0,51debb07,35300559533113347,补9岁的番
1256.399,普通弹幕,中,白,1594472278,0,7dbb8f3,35300365510901767,官方吐槽，最为致命
569.601,普通弹幕,中,白,1594471691,0,d9a93955,35300057461293059,语言指导：黑铁一辉
1196.853,底部弹幕,中,红,1594471509,0,c4b7bc78,35299962142064643,是波风水门
1120.474,底部弹幕,中,红,1594471427,0,c4b7bc78,35299919213363269,百机操演
830.477,底部弹幕,中,红,1594471212,0,c4b7bc78,35299806253416453,恒温死神跟上升气流
597.154,底部弹幕,中,红,1594470797,0,c4b7bc78,35299589025693703,恒温死神
530.805,底部弹幕,中,红,1594470695,0,c4b7bc78,35299535112634373,Lv6.恒温死神
526.525,底部弹幕,中,红,1594470678,0,c4b7bc78,35299526687326215,配音室里欢乐多
96.505,普通弹幕,中,白,1594470622,0,9b572e4a,35299497041985541,原来风纪委员会
442.174,底部弹幕,中,红,1594470172,0,c4b7bc78,35299261095084037,当麻教主：？？？
426.434,底部弹幕,中,红,1594470137,0,c4b7bc78,35299242764402695,Rail Gun
278.761,底部弹幕,中,黄,1594470014,0,d9ac088d,35299178361913347,金坷垃！！
0.0,普通弹幕,中,黄,1594469891,0,d9ac088d,35299113862430727,不是魔禁才是先看的吗？
134.091,底部弹幕,中,红,1594469705,0,c4b7bc78,35299016569257987,小混混：安全？字典里有这个词？
119.363,底部弹幕,中,红,1594469676,0,c4b7bc78,35299001002622979,恒温死神
87.759,底部弹幕,中,红,1594469593,0,c4b7bc78,35298957334151175,新井里美：夹击妹抖
22.059,普通弹幕,中,白,1594469577,0,1ca9fa1,35298949405343749,快跑吧
46.459,底部弹幕,中,红,1594469545,0,c4b7bc78,35298932288389125,众所周知：学园都市最安全
948.758,普通弹幕,中,白,1594469258,0,85c0102f,35298781850238983,这番没有男主？
16.323,普通弹幕,中,白,1594468777,0,4b9955d,35298529535590403,np
1134.728,普通弹幕,中,白,1594468766,0,ed2e9196,35298523970273283,死于话多
117.522,普通弹幕,中,白,1594468642,0,a69c75a,35298458861043719,贝蒂
559.543,普通弹幕,中,白,1594468189,0,ed2e9196,35298221374308355,让它飘啊~~~~~~
752.158,普通弹幕,中,白,1594467205,0,4d8ddb3a,35297705380020231,补一岁的番
105.239,普通弹幕,中,红,1594465961,0,976a5379,35297053570498563,危-------------
799.614,普通弹幕,中,白,1594465201,0,cebbaf7a,35296654970585093,路人觉得很淦
1394.831,底部弹幕,中,黄,1594464781,0,74231744,35296434492276741,7972.1万谢谢
1358.146,底部弹幕,中,黄,1594464730,0,74231744,35296407786094599,7972.1万
538.806,普通弹幕,中,白,1594464422,0,de3bb4d6,35296246476308487,出现了剧本掌控者。
461.595,普通弹幕,中,白,1594464307,0,de3bb4d6,35296186469974021,游戏币
459.807,普通弹幕,中,白,1594464303,0,de3bb4d6,35296183976984579,这是游戏哦
402.733,普通弹幕,中,白,1594464242,0,de3bb4d6,35296152079826949,方通行在第2季。
398.46,普通弹幕,中,白,1594464231,0,de3bb4d6,35296146150129667,一个是自然元素，一个是空间。
406.188,普通弹幕,中,白,1594463942,0,cf3a5e9,35295994762493955,补娘胎的番
622.475,普通弹幕,中,白,1594463814,0,7eef8a21,35295927681417219,上条当：LV0？？？
568.051,底部弹幕,中,红,1594463705,0,74231744,35295870461673479,楼顶说的是哪个唯？！
533.675,普通弹幕,中,白,1594463679,0,7eef8a21,35295856760979463,LV6剧本掌控
554.678,底部弹幕,中,蓝,1594463671,0,74231744,35295852851363843,那俩男生
551.99,普通弹幕,中,红,1594463653,0,74231744,35295843173007367,那俩男生
514.947,普通弹幕,中,白,1594463609,0,7eef8a21,35295820165152775,好快的车
54.611,普通弹幕,中,白,1594463077,0,7eef8a21,35295541415378951,人手一个魔法
36.782,普通弹幕,中,白,1594463009,0,7eef8a21,35295505790009347,以及最尖端的魔法技术
19.627,普通弹幕,中,白,1594462909,0,7eef8a21,35295453483892743,快跑啊！不跑就来不及了！！！
320.206,普通弹幕,中,白,1594462526,0,23ba8df7,35295252324548611,2333
1133.484,普通弹幕,中,白,1594460491,0,13a21f47,35294185793257479,老崔
1341.296,普通弹幕,中,白,1594460253,0,d8eb9bed,35294060950847495,上一个无敌的已经成冰箱了
1087.15,普通弹幕,中,白,1594459994,0,f9df49b8,35293924998774791,RIP·劫匪
1369.581,普通弹幕,中,白,1594459199,0,febca8f3,35293507977478149,112人
75.401,普通弹幕,中,白,1594459045,0,c5f4c293,35293427456802823,是真的安心极了
1005.598,普通弹幕,中,白,1594458792,0,febca8f3,35293294524104709,orz
1170.793,普通弹幕,中,白,1594457250,0,70b2c1a8,35292486368231431,动作指导：THERMITE精英
394.683,普通弹幕,中,白,1594456820,0,f0d768b2,35292260685316101,一方通行是在第几集呀？
1224.619,普通弹幕,中,黄,1594455960,0,f47081b2,35291809847443463,罗小黑：空间系
1304.421,普通弹幕,中,白,1594455317,0,7c01692d,35291472931061765,奏乐~ ~
630.247,普通弹幕,中,绿,1594455178,0,4e73c45f,35291400166703107,Android 2.3
676.278,普通弹幕,中,白,1594453408,0,f601c479,35290471848214533,仿佛一尾看九尾
162.47,底部弹幕,中,黄,1594452261,0,74231744,35289870519238659,怎么过来听op的
281.018,普通弹幕,中,白,1594451925,0,8a22463e,35289694250467331,贩卖机 危
84.452,普通弹幕,中,青,1594451604,0,8a22463e,35289526243950599,安 心
21.86,普通弹幕,中,青,1594451531,0,8a22463e,35289487689908229,小混混，危
1290.35,普通弹幕,中,白,1594450866,0,8bcf1bb9,35289139397525507,绅士走好
1225.345,普通弹幕,中,白,1594450801,0,8bcf1bb9,35289105004232711,声优是乔纳森的
1218.505,普通弹幕,中,白,1594450776,0,8bcf1bb9,35289092079484935,黄金精神
1249.755,底部弹幕,中,红,1594450445,0,2613c52e,35288918458368003,壮士，一路走好
1373.946,普通弹幕,中,紫,1594450356,0,df529b27,35288871699218435,这小孩是。。。。。伊藤城/////
460.072,普通弹幕,小,白,1594449710,0,93080557,35288533439086599,投币
273.785,底部弹幕,中,红,1594449451,0,2613c52e,35288397233782789,名场面，贩卖机，危。穿裙子还穿短裤。
1362.877,普通弹幕,中,白,1594449414,0,cee8a334,35288378005520387,上一个无敌的已经秃了
191.463,底部弹幕,中,红,1594449321,0,2613c52e,35288329432334343,唯一不想跳的op
906.917,底部弹幕,中,白,1594449278,0,3c6d5c00,35288306550308869,男主出现
20.697,底部弹幕,中,红,1594449113,0,2613c52e,35288220117762055,壮士，一路走好！
0.062,普通弹幕,中,黄,1594447572,0,73477826,35287412330463237,恋爱的触发地
484.409,普通弹幕,中,白,1594446108,0,8005fed5,35286644580417539,红a说过的话
1259.241,普通弹幕,中,白,1594445684,0,e67c813f,35286422191603715,危危危！！！
489.979,普通弹幕,中,白,1594445418,0,e67c813f,35286282966925317,前方高能！！！
1294.78,普通弹幕,中,红,1594444992,0,23f95987,35286059501223941,按实力来说炮姐应该是第四
237.262,普通弹幕,中,白,1594444961,0,f7822dff,35286043529314307,正片结束[doge]
1299.568,普通弹幕,中,白,1594444819,0,1c7ff9d0,35285968772661253,—————教主夫人
1281.578,普通弹幕,中,蓝,1594444569,0,23f95987,35285837712719875,恋查、风斩冰华、上条当麻等人默默的看着
285.357,普通弹幕,中,白,1594444520,0,67ca3fb3,35285812371783687,移山
719.235,普通弹幕,中,白,1594444165,0,a6764baf,35285625873629189,贝蒂的配音
1325.665,普通弹幕,中,白,1594444087,0,b1d34d46,35285585019011077, 上一个无敌的死于保护自己的女儿
328.441,普通弹幕,中,白,1594443997,0,661bc154,35285537886568451,黄呢？
426.92,普通弹幕,中,白,1594443561,0,1c7ff9d0,35285309134471175,有男主，上条当麻，别问了
477.346,普通弹幕,中,白,1594441849,0,f83c3f55,35284411862220805,Jzb行为
510.418,普通弹幕,中,白,1594441557,0,f602597c,35284258510602243,啊哈哈哈
226.531,普通弹幕,中,绿,1594440956,0,28440cd7,35283943473807367,上条势力会出现吗？
1141.385,底部弹幕,中,红,1594440252,0,2980b48,35283574231400451,柔道技  大外落
1124.873,底部弹幕,中,黄,1594437578,0,64bf0029,35282172400631813,劫匪  危
1116.633,普通弹幕,中,红,1594437525,0,64bf0029,35282144557268997,安          全
373.152,普通弹幕,中,白,1594437139,0,15112258,35281942129147911,十一岁番
365.451,普通弹幕,中,白,1594437118,0,15112258,35281931456741383,补十一岁的番
70.355,普通弹幕,中,白,1594435988,0,6fed1344,35281339155480583,爱了
1250.313,底部弹幕,中,紫,1594435938,0,b31357c4,35281312651149317,热心市民御坂美琴
551.745,普通弹幕,中,白,1594435720,0,6f1dd47b,35281198176010245,闭眼新世界
614.473,普通弹幕,中,白,1594435288,0,b31357c4,35280971744935943,草泪爷可是LV6
607.508,普通弹幕,中,绿,1594435062,0,6ca31e47,35280853252702213,black
1416.85,普通弹幕,中,白,1594434603,0,e9834c2e,35280612613947399,雷虐水平！
1415.529,普通弹幕,中,白,1594434591,0,e9834c2e,35280606517526533,雷凯
1406.083,底部弹幕,中,黄,1594432743,0,b2e20a00,35279637739208709,啊~
14.165,普通弹幕,中,白,1594431419,0,a3e8f0b4,35278943436668935,刚才意识到自己看的是第三季
936.263,普通弹幕,中,白,1594430909,0,4aa9dd5c,35278675933921285,风间彻行为
68.438,普通弹幕,中,白,1594430633,0,5f385158,35278531224141827,jvav
456.248,普通弹幕,中,白,1594427156,0,48f841b5,35276708293640199,炮姐永远滴神
1116.548,普通弹幕,中,白,1594427138,0,b4f68fe2,35276699188330503,蝎？
344.799,普通弹幕,中,白,1594426601,0,625ebe93,35276417497300999,没男的?
410.29,普通弹幕,中,白,1594426441,0,b4f68fe2,35276333288259591,杠上了
23.007,普通弹幕,中,白,1594426425,0,e65beb9,35276325390909447,bilibili
94.2,普通弹幕,中,白,1594426201,0,b4f68fe2,35276207438692355,这个c＋＋的是玩的多厉害
555.158,普通弹幕,中,白,1594422308,0,4acf2086,35274166890397699,参见泪爷
1201.131,底部弹幕,中,红,1594419930,0,ab525ab,35272920009277443,还真就小黑瞬移呗
1079.331,底部弹幕,中,红,1594419781,0,ab525ab,35272841598861317,xswl看见有强盗黑子好像同时把两个吃掉了
209.412,底部弹幕,中,红,1594419219,0,796d07f7,35272547248373763,男主黑子
159.671,普通弹幕,中,白,1594418332,0,d7e06050,35272082083282949,还是喜欢这个调调！
405.717,普通弹幕,中,白,1594406289,0,77b5d7e0,35265767866368005,小混混军团
1010.374,底部弹幕,中,红,1594402796,0,c0d4e3c9,35263936603881479,呱形毕露
458.341,底部弹幕,中,红,1594401694,0,c0d4e3c9,35263359045599235,冥场面
324.901,普通弹幕,中,白,1594401546,0,c0d4e3c9,35263281245454339,绅士红绿灯
323.525,普通弹幕,中,白,1594401133,0,66b3a2f,35263065042190341,短裤好吧
997.534,普通弹幕,中,黄,1594398683,0,faedc19a,35261780165918725,一只炮姐失去了梦想
788.697,普通弹幕,中,黄,1594398411,0,faedc19a,35261637860524037,niong~
1043.861,普通弹幕,中,黑,1594398212,0,369c0aa4,35261533493133317,nb
960.189,普通弹幕,中,白,1594398056,0,369c0aa4,35261451536433157,咋回事
384.062,普通弹幕,中,黄,1594397857,0,faedc19a,35261347230908423,婚后光子是个讲义气的好人，然而死傲娇
550.782,底部弹幕,中,黄,1594397051,0,c60a4251,35260924873408515,官方狙击手就位
448.317,普通弹幕,中,白,1594397009,0,369c0aa4,35260902585401351,回顾一遍
511.017,底部弹幕,中,黄,1594396998,0,c60a4251,35260896915226629,车车车
620.5,普通弹幕,中,紫,1594396248,0,bec92afc,35260503960846343,猛男，，
529.14,普通弹幕,中,黄,1594395713,0,c25e48e5,35260223369773059,前方高能
1360.617,普通弹幕,中,白,1594395520,0,da1f8496,35260122182189063,上一个无敌的已经自闭了
390.689,普通弹幕,中,黄,1594395454,0,c25e48e5,35260087474323463,啊吃货
384.029,普通弹幕,中,红,1594395425,0,c25e48e5,35260072008351751,哈哈哈
1174.308,底部弹幕,中,红,1594395413,0,223182b,35260065965408259,史提尔早期视频
1380.309,普通弹幕,中,白,1594394583,0,16ad39b9,35259630745550851,太热血了
1405.824,普通弹幕,中,白,1594393787,0,a90632c4,35259213528694789,正道の光が大地に降り注いでいる
153.471,普通弹幕,中,白,1594393708,0,60369a94,35259172110991367,从来没跳过OP
638.881,普通弹幕,中,绿,1594393683,0,8ff250d5,35259158880059395,辣妹
0.083,普通弹幕,中,白,1594393377,0,a809927d,35258998474670085,。。。
1509.624,普通弹幕,中,白,1594392961,0,9fffa2c4,35258780206235651,确实很劲爆
1017.645,普通弹幕,中,白,1594392845,0,a303c8e0,35258719461703687,通宵看
1245.54,普通弹幕,中,红,1594391816,0,f6e45890,35258180001333251,快撤！！！！！！！！！！！！！！！！！！！
148.686,普通弹幕,中,白,1594391682,0,62c725e3,35258110004166663,哔哩哔哩哔哩哔哩
950.451,普通弹幕,中,黄,1594391575,0,f6e45890,35258053550931971,镜泽行为
1224.33,底部弹幕,中,黄,1594391393,0,908d8693,35257958256345095,声优梗（黄金精神实锤）
373.246,普通弹幕,中,白,1594391348,0,5d79f211,35257934664433667,补1岁的番
648.238,普通弹幕,中,黄,1594391313,0,f6e45890,35257916432318533,就是拼单
518.45,普通弹幕,中,黄,1594391176,0,f6e45890,35257844276133891,哇，每秒99999公里了，快停下
878.06,底部弹幕,中,黄,1594390816,0,908d8693,35257655521443847,猛男番实锤
476.454,普通弹幕,中,红,1594390415,0,ecb1b2b,35257445525749763,想看吗拿远咪烟
474.614,普通弹幕,中,红,1594390400,0,ecb1b2b,35257437432840197,想看吗兄弟们拿刀
484.009,普通弹幕,中,红,1594390384,0,ecb1b2b,35257429282258949,想看吗兄弟们，拿远疒
58.456,普通弹幕,中,白,1594390112,0,f6e45890,35257286421118979,安          全
40.543,普通弹幕,中,白,1594390069,0,f6e45890,35257264312418311,然后实验室炸了
546.05,普通弹幕,中,白,1594390056,0,a1d6eeb,35257257121284099,嗯。。。。
891.526,普通弹幕,中,白,1594389911,0,37682979,35257181227450373,K-ON
1328.42,普通弹幕,中,白,1594389850,0,635fe7ae,35257149167763461,死锅一
269.374,底部弹幕,中,红,1594389024,0,475547e3,35256716466061315,这是贝蒂声优吗？
69.273,普通弹幕,中,白,1594388159,0,f12a7d8e,35256262523879427,小混混走好
714.47,普通弹幕,中,黄,1594387556,0,eeb889b2,35255946633019399,◥◣◥◣◥◣◥◣◥◣◥◣◥◣◥◣◥◣WARNING◥◣◥◣◥◣◥◣◥◣◥◣◥◣◥◣◥◣
715.66,底部弹幕,中,红,1594385613,0,d19aedeb,35254928084566019,大爷这会还没被人格修正啊
280.137,底部弹幕,中,黄,1594385512,0,4212a3aa,35254875046543363,西撒?
626.74,底部弹幕,中,红,1594385472,0,d19aedeb,35254853735284739,幻想御手（doge）
654.17,普通弹幕,中,白,1594384629,0,c0307873,35254411945050117,门枪反光着人群
552.958,普通弹幕,中,白,1594383934,0,410351af,35254047753109507,官方狙击手
771.882,普通弹幕,中,黄,1594383694,0,b62cca3,35253921967505411,???
469.14,普通弹幕,中,黄,1594383353,0,b62cca3,35253742938357763,名场面
1242.644,普通弹幕,中,白,1594383281,0,13d138bd,35253705074802695,爱了
160.154,普通弹幕,中,白,1594383063,0,58d6f393,35253590759047175,洗脑了洗脑了
1359.769,底部弹幕,中,橙,1594382817,0,8f2c421b,35253461961932807,史提尔：玩火？
1112.171,底部弹幕,中,橙,1594382558,0,8f2c421b,35253326406746115,动作指导：柱男
948.664,普通弹幕,中,白,1594382295,0,8f2c421b,35253188118446087,xswl
906.669,普通弹幕,中,白,1594382236,0,8f2c421b,35253157213241351,呱太！
1361.934,普通弹幕,中,白,1594381911,0,fc673215,35252986686996549,幻想御手已出没
24.739,普通弹幕,中,白,1594381603,0,8d6e2dbd,35252825373016069,小混混快跑危险
4.207,普通弹幕,中,白,1594381103,0,8f2c421b,35252563584483333,呱太！
211.648,普通弹幕,中,白,1594380525,0,acaaf8ba,35252260092510215,爱了爱了
183.595,普通弹幕,中,白,1594380497,0,acaaf8ba,35252245382561799,哔哩哔哩哔哩哔哩哔哩哔哩
158.366,普通弹幕,中,白,1594379870,0,b1eb27aa,35251917034094595,舍不得跳
728.281,普通弹幕,中,白,1594379226,0,c0c3ab3f,35251579068612611,134看
224.489,普通弹幕,中,粉,1594378959,0,6a60c267,35251439384133637,听说这部番的反重力裙很多
773.02,普通弹幕,中,黄,1594377847,0,3b3be92c,35250856259485701,？？？
765.968,普通弹幕,中,黄,1594377828,0,3b3be92c,35250846553866243,？？？
607.06,底部弹幕,中,红,1594377245,0,e3770d5,35250540883476483,上升气流+剧本参透=Level？？？
257.311,底部弹幕,中,红,1594376753,0,e3770d5,35250282507010053,一般群众一方通行
257.311,底部弹幕,中,红,1594376724,0,e3770d5,35250267601502211,普通居民御坂美琴
257.311,底部弹幕,中,红,1594376689,0,e3770d5,35250249263480839,热血市民上条当麻
257.311,普通弹幕,中,白,1594376649,0,e3770d5,35250228349108295,热血市民上条当麻
471.609,普通弹幕,中,白,1594375530,0,50ad6d48,35249641456926725,"摄影师:鸡腿怎么那么多,米饭呢？"
1234.772,普通弹幕,中,红,1594375410,0,c10951cf,35249578541318211,危 劫匪 危
1321.334,普通弹幕,中,白,1594375235,0,843dc045,35249487055159301,上一个无敌的已经停止了思考
939.946,普通弹幕,中,白,1594375213,0,50c1a1d3,35249475518726151,打脸
1375.26,普通弹幕,中,白,1594375203,0,dfb9d785,35249470054596611,卖烧烤
1279.3,普通弹幕,中,白,1594375094,0,dfb9d785,35249412911398919,暗示投币哈哈哈哈哈
503.215,普通弹幕,中,红,1594374233,0,c10951cf,35248961342144515,老黑子了
165.715,普通弹幕,中,红,1594373504,0,c10951cf,35248579118366725,美琴赛高！！！
148.515,普通弹幕,中,黄,1594373450,0,c10951cf,35248550734987269,不准跳
1.241,普通弹幕,中,白,1594373189,0,c10951cf,35248414026366983,再来亿次
1128.536,普通弹幕,中,白,1594372264,0,358435f8,35247929150144519,完了
988.18,普通弹幕,中,白,1594370923,0,6235ea5f,35247226044809221,老傲娇了
163.508,普通弹幕,中,白,1594370797,0,3b0aefbf,35247160149671941,哔哩哔哩哔哩
1262.075,普通弹幕,中,白,1594370233,0,e67c813f,35246864124084227,开炮！！
1239.505,普通弹幕,中,白,1594370205,0,e67c813f,35246849433534469,危危危危危
193.341,普通弹幕,中,白,1594370045,0,1a5a7c0c,35246765542211591,乾杯
826.034,普通弹幕,中,白,1594369300,0,63aa9675,35246375377567751,黑子好可爱。。
376.923,普通弹幕,中,白,1594369074,0,d965f54b,35246256937238531,补3岁的番
71.039,普通弹幕,中,白,1594368808,0,d965f54b,35246117197185029,打脸
248.253,普通弹幕,中,红,1594367372,0,1d0f648f,35245364498923523,爷青回
229.637,普通弹幕,中,红,1594367354,0,1d0f648f,35245354723573765,啊啊啊
334.32,普通弹幕,中,白,1594365622,0,dc9c8caf,35244446916280323,御坂学姐
1068.925,普通弹幕,中,绿,1594365011,0,952b25ee,35244126573690887,男主就是呱呱太。
341.869,普通弹幕,中,白,1594364489,0,d267c740,35243852700319747,ZI-O
469.813,普通弹幕,中,白,1594364048,0,adc8fa48,35243621653938179,哦豁，炮姐有胸
284.894,普通弹幕,中,白,1594363435,0,f3e84540,35243300290035715,瞎子都看见了
143.36,普通弹幕,中,白,1594363372,0,dc9c8caf,35243267239444483,姐姐大人
1262.178,普通弹幕,中,白,1594363165,0,3cc430ca,35243158668836869,御坂美琴
1138.534,普通弹幕,中,白,1594361351,0,f18bb18d,35242207592579075,蝎，快出来
1086.921,普通弹幕,中,红,1594360752,0,4fe68c2b,35241893692440583,劫匪 危
1044.884,普通弹幕,中,白,1594360525,0,89ac011f,35241774305247235,纳豆？？！
1349.351,普通弹幕,中,紫,1594360077,0,7963d7dd,35241539814293507,上一个无敌的已经秃头了
1279.512,普通弹幕,中,紫,1594359974,0,7963d7dd,35241485814726663,危——————劫匪——————危
1265.199,普通弹幕,中,紫,1594359960,0,7963d7dd,35241478290669571,危——————劫匪——————危危——————劫匪——————危危——————劫匪——————危
1124.999,普通弹幕,中,紫,1594359814,0,7963d7dd,35241401981599749,危——————劫匪——————危危——————劫匪——————危
1079.964,普通弹幕,中,紫,1594359769,0,7963d7dd,35241378041036803,强盗·危
1049.086,普通弹幕,中,紫,1594359738,0,7963d7dd,35241361821663237,手上的手抓饼突然不香了？
811.434,普通弹幕,中,紫,1594359497,0,7963d7dd,35241235519635463,23333333
578.692,普通弹幕,中,黄,1594359252,0,7963d7dd,35241107310772229,磁悬浮列车 》》》
543.476,普通弹幕,中,黄,1594359217,0,7963d7dd,35241088847970309,磁悬浮列车
519.111,普通弹幕,中,黄,1594359193,0,7963d7dd,35241076081033219,求摄影师心理阴影面积
506.644,普通弹幕,中,黄,1594359180,0,7963d7dd,35241069548404739,求摄影师阴影面积
1247.336,普通弹幕,中,白,1594359020,0,889db220,35240985734152199,危危危
327.649,普通弹幕,中,白,1594358959,0,7963d7dd,35240953674989575,这绿灯好逍遥
299.674,普通弹幕,中,白,1594358912,0,7963d7dd,35240928724123651,哔哩哔哩 - ( ゜- ゜)つロ 乾杯~
1130.736,普通弹幕,中,白,1594358890,0,889db220,35240917321908227,危   劫匪    危
233.845,底部弹幕,中,红,1594358869,0,873df22e,35240906394173447,正片结束，下一集
211.225,普通弹幕,中,白,1594358820,0,7963d7dd,35240880503783429,暗示投币
167.292,普通弹幕,中,白,1594358741,0,7963d7dd,35240839030505479,（ ゜- ゜）つロ 干杯（ ゜- ゜）つロ 干（ ゜- ゜）つロ 干杯杯
137.99,普通弹幕,中,红,1594358595,0,7963d7dd,35240762628112389,差不多命都没了。
1474.008,普通弹幕,中,白,1594358325,0,cffc39ce,35240621378633733,勇闯死人谷
52.327,普通弹幕,中,红,1594358207,0,7963d7dd,35240559003566085,回来考古了
21.333,普通弹幕,中,白,1594357450,0,889db220,35240162284273667,危     小混混      危
316.775,普通弹幕,中,白,1594355544,0,b1445837,35239163076804611,超炮里找教主
282.798,普通弹幕,中,白,1594355510,0,b1445837,35239145257304069,在超炮里找教主
1310.156,普通弹幕,中,白,1594353543,0,80576b1b,35238113795112963,害怕
4.72,普通弹幕,中,白,1594353063,0,9cef7c82,35237862035161093,阿巴阿巴阿巴
1267.329,普通弹幕,中,红,1594351633,0,6715257c,35237112325341187,用生命来解说
1244.749,普通弹幕,中,白,1594351591,0,6715257c,35237090496610311,现在跑还来得及，快跑啊
241.267,底部弹幕,中,红,1594350569,0,21a1391b,35236554685808645,正片结束了
188.733,底部弹幕,中,红,1594350516,0,21a1391b,35236527136571395,哔哩哔哩哔哩哔哩哔哩哔哩
175.29,底部弹幕,中,红,1594350503,0,21a1391b,35236520092237827,破站干杯~
159.462,底部弹幕,小,红,1594350487,0,21a1391b,35236511778603015,哔哩哔哩哔哩哔哩哔哩哔哩~
119.502,底部弹幕,小,红,1594350447,0,21a1391b,35236490845356037,qwq
1215.409,普通弹幕,中,白,1594348735,0,1c345977,35235593034661893,查克拉白针！
748.799,普通弹幕,中,白,1594348663,0,bb3acecf,35235555204136965,87人
1251.026,普通弹幕,中,白,1594348574,0,bd436a52,35235508653654023,快跑啊！1
1234.59,普通弹幕,中,白,1594348556,0,bd436a52,35235499399970821,危--劫匪
5.319,普通弹幕,中,白,1594348481,0,ddda2b7e,35235459828285445,梦开始的地方，
1013.178,普通弹幕,中,白,1594348324,0,bd436a52,35235377666588677,原形毕露
940.944,普通弹幕,中,白,1594348242,0,bd436a52,35235334807617539,御坂是傲娇
876.51,普通弹幕,中,白,1594348169,0,bd436a52,35235296535642115,泪爷：这剧本，不对啊
125.799,普通弹幕,中,白,1594347353,0,782b8349,35234868673642499,夹击妹抖
18.612,普通弹幕,中,白,1594347117,0,82969bb8,35234744858836999,小混混   危
533.263,普通弹幕,中,白,1594346416,0,51714e58,35234377253781509,这是某科学的一方通行的后番
341.671,普通弹幕,中,白,1594346202,0,51714e58,35234265247514627,这个番的作者应该和某科学的一方通行的作者是同一个人 但是没有一方通行
275.027,普通弹幕,中,白,1594346064,0,51714e58,35234192918315011,这有点像某科学的一方通行里面的御坂
776.316,普通弹幕,中,白,1594345874,0,bd436a52,35234093377519623,危 黑子
59.02,普通弹幕,中,白,1594345828,0,ba61f90,35234068902707205,钞能力
776.238,普通弹幕,中,黄,1594344721,0,9fdb317b,35233488954195971,天秀
1327.306,普通弹幕,中,白,1594343398,0,6cafc7d2,35232795318550535,暗示投币
1108.149,普通弹幕,中,黄,1594341500,0,fc47d875,35231800000774151,老崔
1108.149,普通弹幕,中,绿,1594341489,0,fc47d875,35231794410291205,小富
1108.149,普通弹幕,中,蓝,1594341481,0,fc47d875,35231790155694085,老麦
276.177,普通弹幕,中,蓝,1594341302,0,a2f46dd0,35231696191750149,贩————卖————机————
367.206,普通弹幕,中,白,1594341248,0,cbdaa883,35231667928956935,补五岁的番
155.261,普通弹幕,中,白,1594337127,0,bdbabea9,35229507019341829,炮姐赛高
506.181,底部弹幕,中,白,1594337049,0,33af9ff6,35229466520190983,老夫好爱
471.812,普通弹幕,中,白,1594336404,0,7853042e,35229128347615237,不是眯眯眼吗
70.719,底部弹幕,中,红,1594334982,0,ce84bb89,35228382798544899,公屏们把兄弟打在安心上
56.083,底部弹幕,中,蓝,1594323045,0,2c40f830,35222124151963651,c++
44.319,底部弹幕,中,蓝,1594323007,0,2c40f830,35222104093229059,最安全的地方（doge）
1410.614,普通弹幕,中,白,1594317085,0,2f7a4249,35218999504535557,台词指导：土间大平
1130.561,普通弹幕,中,白,1594316741,0,6c9bebc5,35218818920873987,三个倒霉蛋还在嘻嘻哈哈
763.787,普通弹幕,中,白,1594316047,0,f1c38c48,35218455030398979,老女同了
279.156,普通弹幕,中,白,1594314404,0,7a69bbe,35217593781977095,嘿哈
354.326,底部弹幕,中,红,1594314224,0,c359fe87,35217499451031559,灯光师有活干了
286.782,底部弹幕,中,红,1594314145,0,c359fe87,35217458230460419,摄影师鸡腿没了
281.122,底部弹幕,中,红,1594314127,0,c359fe87,35217448447246343,这可恶的安全裤
1106.002,普通弹幕,中,红,1594313515,0,111bda8b,35217127717732357,危 劫匪 危
1001.402,普通弹幕,中,红,1594313387,0,111bda8b,35217060509777923,御坂美琴炮姐停止了思考失去了梦想
778.131,普通弹幕,中,白,1594312554,0,9ee334a4,35216623804088327,666
862.588,普通弹幕,中,黄,1594311301,0,6b5daef,35215966801494019,蜡笔小新既视感
1255.142,普通弹幕,中,白,1594310146,0,c87edf7f,35215361357905923,腹黑到家~
1129.794,底部弹幕,中,红,1594309239,0,4a93a537,35214886009569287,下三滥指导：一方通行
1205.678,普通弹幕,中,白,1594308346,0,14d7f2ae,35214417570824195,求第三那个人的视角
101.543,普通弹幕,中,白,1594308140,0,ecd5b3c5,35214309972770819,黑子黑子黑子黑子黑子
529.359,普通弹幕,中,白,1594308079,0,bd436a52,35214277555519491,鸡腿
506.134,普通弹幕,中,白,1594308013,0,bd436a52,35214242891694087,摄影师加鸡腿啊
30.9,底部弹幕,中,红,1594307869,0,4616e486,35214167601315845,以下要求全文背诵
26.4,普通弹幕,中,黄,1594307852,0,4616e486,35214158956855301,公屏们把兄弟打在危险上
20.138,普通弹幕,中,白,1594307608,0,bd436a52,35214031008563203,危！！！
1045.36,普通弹幕,中,白,1594305759,0,452b6a5c,35213061388238855,mlll
143.248,普通弹幕,中,白,1594304663,0,7627b3b1,35212486967820291,听歌
1139.176,普通弹幕,中,白,1594303763,0,d6f2e969,35212014937178117,不要侮辱蝎
577.053,普通弹幕,中,白,1594303536,0,2c44dd8a,35211895800070151,纳尼
318.921,普通弹幕,中,白,1594303303,0,2c44dd8a,35211773811884037,emm
23.09,普通弹幕,中,白,1594302981,0,ea728b,35211604788248579,首尾呼应
27.704,普通弹幕,中,白,1594302967,0,ea728b,35211597513752583,首尾呼应
83.06,普通弹幕,中,白,1594302898,0,450c47c,35211561468952581,打脸了吧
1252.754,普通弹幕,中,白,1594301891,0,762071ba,35211033451167747,危！
767.512,普通弹幕,中,白,1594301798,0,5b23157f,35210984546631683,电脑配件！
469.612,普通弹幕,中,白,1594301482,0,5b23157f,35210819209789443,摄影师加鸡腿
1109.32,普通弹幕,中,白,1594300179,0,35af2b18,35210136099225607,劫匪     危
384.19,普通弹幕,中,红,1594300151,0,a9c1a42d,35210121269215235,婚前天美婚后光子
621.375,普通弹幕,中,白,1594300007,0,90ddcf9,35210045757587461,亚梦串戏了
273.299,普通弹幕,中,白,1594299818,0,79d8a3e3,35209946791936003,补一岁的番
239.428,普通弹幕,中,白,1594299210,0,b579ed15,35209627769503751,op跳了四次才精确降落。
172.94,普通弹幕,中,白,1594299093,0,35af2b18,35209566697816071,哔哩哔哩哔哩哔哩哔哩
18.38,普通弹幕,中,白,1594299017,0,b579ed15,35209526625959943,个个都是黄金矿工。
20.156,普通弹幕,中,白,1594298089,0,da37ecb6,35209040004382727,开始开始
520.148,普通弹幕,中,白,1594297542,0,2567c864,35208753366695941,车车，好去爱的车车
476.241,普通弹幕,中,白,1594297479,0,2567c864,35208720291987463,神之遮挡
1125.504,底部弹幕,中,红,1594297187,0,2e19b015,35208567399120899,黑子，永远滴神！
938.869,底部弹幕,中,红,1594296890,0,2e19b015,35208411665661957,呱呱太瞩目
480.641,普通弹幕,中,白,1594296800,0,893785b7,35208364146819079,可以测装甲穿深
640.425,底部弹幕,中,红,1594296318,0,2e19b015,35208111782363141,辣妹～～～～～～
285.062,普通弹幕,中,红,1594296273,0,8b0889c2,35208088218239043,后方司令都看见了
473.406,底部弹幕,中,红,1594296151,0,2e19b015,35208024201101315,\偶内撒嘛/名场面
29.57,底部弹幕,中,红,1594295640,0,2e19b015,35207756379062279,众所周知，小混混是高危职业
628.435,底部弹幕,中,白,1594295564,0,ae57276f,35207716321361923,手势好棒
146.161,普通弹幕,中,白,1594294998,0,56713257,35207419640938501,哔哩哔哩(゜-゜)つロ乾杯
494.561,普通弹幕,中,白,1594294987,0,7681fd9b,35207413788311555,星际玩家都看到了
79.068,普通弹幕,中,白,1594294418,0,456c2e09,35207115286511621,好安全啊！！！
413.118,普通弹幕,中,白,1594294192,0,77aeeb81,35206997047508999,好好看
18.997,普通弹幕,中,红,1594294078,0,de1ced1d,35206937006571527,小——混——混——
794.492,底部弹幕,中,红,1594294033,0,5bdfc4ae,35206913795817479,好家伙
230.582,普通弹幕,中,白,1594293457,0,296e85de,35206611665420293,白合
346.045,普通弹幕,中,白,1594293356,0,b4248663,35206558484267011,女校，别再问了
50.735,普通弹幕,中,白,1594292031,0,23b6f204,35205863869251589,再来亿变
13.94,普通弹幕,中,白,1594291194,0,9f3071f2,35205425391468549,23333
138.588,普通弹幕,中,白,1594290822,0,b69f1604,35205230201143303,熟了？
113.238,普通弹幕,中,白,1594290797,0,b69f1604,35205216893140997,牛掰
847.395,普通弹幕,中,白,1594290644,0,ffc4088b,35205136862150663,弥撒卡
204.002,普通弹幕,中,白,1594290622,0,70273f60,35205124985978947,哔哩哔哩bilibili
270.466,普通弹幕,中,白,1594290396,0,f468b01c,35205006526251011,危  贩卖机  危
393.095,普通弹幕,中,白,1594290063,0,47108969,35204832229851139,补两岁时的番
101.157,底部弹幕,中,蓝,1594289600,0,7600be79,35204589628686343,绅                  士
423.043,普通弹幕,中,白,1594289443,0,8f252c56,35204507101560835,补一岁时候的番
189.734,普通弹幕,中,蓝,1594287980,0,a3e21ed6,35203740170452997,哔哩哔哩 (゜-゜)つロ 干杯
364.565,普通弹幕,中,白,1594287066,0,2d536131,35203260838576135,补半岁的番
9.508,普通弹幕,中,白,1594286083,0,767037f6,35202745587204163,温故而知新
1479.161,普通弹幕,中,白,1594285586,0,52b4ba5d,35202485148712965,。。
955.106,普通弹幕,中,白,1594285120,0,7370dffb,35202240837320711,噗哈哈哈
155.15,普通弹幕,中,白,1594284892,0,7cb7a7aa,35202121197944835,连op都不想跳过
148.11,普通弹幕,中,白,1594284874,0,7cb7a7aa,35202111778062341,走起！
1201.57,普通弹幕,中,白,1594284627,0,cd5559b8,35201982294654979,动作指导:佩恩
1325.95,普通弹幕,中,白,1594283303,0,728d017e,35201287927103493,上一个无敌的还在被娃带
774.542,普通弹幕,中,白,1594282404,0,6753323f,35200816496771075,动作指导：鸢一折纸
1204.077,普通弹幕,中,白,1594281333,0,1ce17865,35200255243845639,末影人直呼内行
620.773,普通弹幕,中,白,1594280039,0,84f79501,35199576849776645,LV7在此
1176.637,普通弹幕,中,红,1594278121,0,1e1bf4c2,35198571089231875,叶落叶落叶！！！
1423.381,普通弹幕,中,白,1594277735,0,6f91f19e,35198368560447491,正道の光大地に照らした
1320.768,普通弹幕,中,白,1594277592,0,6f91f19e,35198293751889925,带娃的一方大爷呢？
468.213,普通弹幕,中,绿,1594277278,0,1e1bf4c2,35198129257578501,南半球
443.626,普通弹幕,中,白,1594277258,0,6f91f19e,35198118884540419,一方大爷呢？
22.041,底部弹幕,中,红,1594276628,0,aef9004d,35197788236021767,快跑。别回头！
873.671,普通弹幕,中,白,1594276548,0,f3e16bb6,35197746658410499,game center的略称
80.727,普通弹幕,中,白,1594275042,0,5626a9ee,35196956701097991,C++ C++ C++ C++ C++
51.189,普通弹幕,中,白,1594275012,0,5626a9ee,35196941263962117,哔哩哔哩干杯！
1142.638,普通弹幕,中,白,1594274938,0,cef8acb9,35196902232817669,摔跤
798.469,普通弹幕,中,白,1594274486,0,eb38bfb7,35196665161842691,当麻！
376.281,普通弹幕,中,白,1594274476,0,3367fd0,35196660183728135,补一岁番
3.439,底部弹幕,中,白,1594274321,0,81a961c0,35196578842017797,茵蒂克丝洗澡歌
222.342,普通弹幕,中,白,1594273809,0,b39464b,35196310270246915,B站是炮姐的周边吗
478.839,普通弹幕,中,白,1594273516,0,8c4811a8,35196156545859589,哇哦
1457.063,普通弹幕,中,白,1594273235,0,48538d5f,35196009585836035,嗐。
951.948,普通弹幕,中,黄,1594272244,0,fffda31d,35195490122858503,男主，长的像呱太的医生
136.107,普通弹幕,中,白,1594272211,0,aaa6dcbf,35195472367845379,无限接近死亡
14.548,普通弹幕,中,白,1594272071,0,aaa6dcbf,35195399201357829,海王即将出现
24.319,普通弹幕,中,白,1594272053,0,ba0e54bf,35195389539254341,危——
652.628,普通弹幕,中,红,1594271915,0,fffda31d,35195317195374597,家境贫寒的泪子
290.511,普通弹幕,中,白,1594271621,0,828424e5,35195163203076099,贩卖机：就挺突然的
76.059,普通弹幕,中,白,1594271563,0,7aaf8728,35195132972105735,学的《母猪的产后护理》
1340.178,底部弹幕,中,红,1594269783,0,4c0fbf21,35194199670259715,上一个无敌的已经变成超级兵了
51.05,普通弹幕,中,白,1594268376,0,43177e9d,35193461665169413,???
483.708,底部弹幕,中,粉,1594267069,0,a13de6c,35192776932982789,黑子披头发真的超美
17.74,底部弹幕,中,红,1594266713,0,a13de6c,35192589879083013,小混混快跑！
182.236,普通弹幕,中,白,1594266657,0,f7b8d174,35192560637968389,这里没神父打碟，太棒了。
1268.295,普通弹幕,中,白,1594265453,0,2479b5f6,35191929543589891,还不跑。。。
1243.926,普通弹幕,中,白,1594265429,0,2479b5f6,35191916763545605,完蛋了
1041.127,普通弹幕,中,白,1594265181,0,89679d63,35191786971332615,看坎坎坷坷坎坎坷坷
940.504,普通弹幕,中,白,1594265166,0,2479b5f6,35191779010543619,长得像医生的呱太
208.1,普通弹幕,中,粉,1594264984,0,74f0f41c,35191683787784197,双叶?！
1393.128,普通弹幕,中,黄,1594264443,0,8200d947,35191399960805383,大橘已定
1066.497,普通弹幕,中,黄,1594263975,0,8200d947,35191154427822083,大橘已定
852.778,普通弹幕,中,黄,1594263684,0,8200d947,35191002231209991,大橘已定
1145.673,普通弹幕,中,白,1594263608,0,342d3a0e,35190962170363911,不是这样打的
801.403,普通弹幕,中,白,1594263121,0,342d3a0e,35190706815369223,黑化了
73.363,普通弹幕,中,白,1594262974,0,5e983354,35190629975719943,瞬间打脸。
363.082,普通弹幕,中,白,1594262491,0,f5c8bba1,35190376510259207,补两岁的番
229.389,底部弹幕,中,红,1594262439,0,30fb9293,35190349287129091,小手一抖，狗腿没有（doge）
103.069,底部弹幕,中,红,1594262243,0,30fb9293,35190246595362823,佩凯？
1158.703,普通弹幕,中,白,1594260713,0,4aab825a,35189444304175111,男孩子在这个城市里面占少数 要保护好自己
868.912,普通弹幕,中,白,1594260596,0,41374ed6,35189382788939781,军火库
1058.556,普通弹幕,中,白,1594260557,0,4aab825a,35189362426642439,路人：？
665.911,普通弹幕,中,白,1594260393,0,41374ed6,35189276360048645,恐怖的日式英语
521.756,普通弹幕,中,白,1594260228,0,41374ed6,35189189924356099,开火箭了
397.805,普通弹幕,中,白,1594260104,0,41374ed6,35189124911071237,补五岁的番
194.882,普通弹幕,中,白,1594258676,0,91604114,35188376457445379,bilibili乾杯
85.822,普通弹幕,中,红,1594258512,0,91604114,35188290123464709,跑！快跑！被追上就死定了！
1313.035,普通弹幕,中,黄,1594258369,0,c7c1a3ef,35188215263002627,那几个艾尼路的是魔鬼吗？
330.347,普通弹幕,中,白,1594258345,0,69ea5baa,35188202674323461,就是卓别林
97.008,底部弹幕,中,白,1594258022,0,f6bc5d61,35188033401126919,夹击妹抖得斯
554.953,普通弹幕,中,黄,1594257568,0,c7c1a3ef,35187795638091783,官方狙击手
734.61,普通弹幕,中,白,1594257538,0,b3834e1e,35187779525672967,黑子  危
485.544,普通弹幕,中,白,1594257273,0,b3834e1e,35187640930140165,黑子危
554.385,底部弹幕,中,红,1594257106,0,9a773b93,35187553316896773,表情指导：野原新之助
390.811,底部弹幕,中,红,1594256911,0,9a773b93,35187450923450375,一血光子
288.924,底部弹幕,中,红,1594256809,0,9a773b93,35187397569282051,安全裤 报告完毕
82.311,普通弹幕,中,红,1594256575,0,9a773b93,35187274720215045,真 安全
393.382,普通弹幕,中,粉,1594255926,0,1d446ad2,35186934389145605,补70岁的番
65.158,普通弹幕,中,白,1594255433,0,ac1e5043,35186676151615493,光速打脸
794.77,普通弹幕,中,青,1594255357,0,e38e39b2,35186636289474563,真的有这么q弹吗
549.65,普通弹幕,中,黄,1594255076,0,e38e39b2,35186489050529795,啊~啊~啊~啊~啊~啊~
508.754,普通弹幕,中,黄,1594254993,0,e38e39b2,35186445569228807,开火箭了
184.722,普通弹幕,中,黄,1594254594,0,e38e39b2,35186236038578183,勇闯爆满区
1355.781,普通弹幕,中,白,1594254217,0,6e3ce06e,35186038790422535,心灵鸡汤来一碗
1031.346,普通弹幕,中,白,1594253805,0,6e3ce06e,35185822574051333,纳……纳豆？
271.762,普通弹幕,中,白,1594252893,0,6e3ce06e,35185344366772227,贩卖机 危
12.772,普通弹幕,中,白,1594252646,0,6e3ce06e,35185215088885763,多喝电脑配件
213.902,普通弹幕,中,白,1594251925,0,c4e358b3,35184837090345031,bilibili
143.386,普通弹幕,中,白,1594251519,0,bb42449b,35184624245145607,好酷啊！！！
349.1,普通弹幕,中,白,1594251420,0,44e98cef,35184571969437699,原力？
918.14,普通弹幕,中,黄,1594251151,0,ea5d5fb0,35184430939635719,◣◥◣◥◣◥◣◥◣◥◣◥◣◥◣◥◣◥◣WARNING◥◣◥◣◥◣◥◣◥◣◥◣◥◣◥◣◥◣◥
714.697,普通弹幕,中,黄,1594250928,0,ea5d5fb0,35184314062209027,◣◥◣◥◣◥◣◥◣◥◣◥◣◥◣◥◣◥◣WARNING◥◣◥◣◥◣◥◣◥◣◥◣◥◣◥◣◥◣◥
54.581,普通弹幕,中,黄,1594250390,0,ea5d5fb0,35184031992643589,波纹——替身——砸瓦鲁多——
377.169,普通弹幕,中,白,1594242636,0,a5fa7f1,35179966562828295,没男生？
533.247,普通弹幕,中,黄,1594233672,0,ff04970e,35175266835759107,上升气流
485.972,普通弹幕,中,黄,1594233612,0,ff04970e,35175235382673413,嘿嘿嘿
312.925,普通弹幕,中,白,1594228293,0,67c70f58,35172446935449603,瞬身之术
292.505,普通弹幕,中,白,1594228256,0,67c70f58,35172427672059907,平角裤平角裤
747.338,底部弹幕,中,粉,1594227000,0,cca12661,35171768880070663,以下内容要求全文背诵
136.815,底部弹幕,中,粉,1594226722,0,cca12661,35171623211892741,欧内撒嘛
5.06,底部弹幕,中,粉,1594226632,0,cca12661,35171576226250757,欧内撒嘛！
0.36,底部弹幕,中,粉,1594226601,0,cca12661,35171559563853831,姐姐大人！
535.757,普通弹幕,中,白,1594226458,0,5239e656,35171484565504003,呆唯声线
532.825,普通弹幕,中,白,1594226443,0,5239e656,35171477210267655,平泽唯声优丰崎爱生
1322.828,普通弹幕,中,白,1594224942,0,d0e49eac,35170689814626311,这个小孩头在那里放着
452.283,普通弹幕,中,白,1594223863,0,1f28c5a0,35170124140380163,当麻草
441.371,普通弹幕,中,白,1594223849,0,1f28c5a0,35170116916740099,菲律宾炸鱼队笑疯了
1010.369,普通弹幕,中,白,1594222222,0,a9ea1066,35169264157589511,猿形毕露
233.407,底部弹幕,中,黄,1594221166,0,88f7f502,35168710134595589,在？为什么跳op？
252.22,普通弹幕,中,红,1594220276,0,88c22557,35168243455361031,这个比RE0早。。。。。
179.847,普通弹幕,中,白,1594220144,0,9c21700b,35168174602715139,啊啊啊，这里的呀
1441.665,普通弹幕,中,红,1594220058,0,9a2f1093,35168129133314053,无人区
339.301,普通弹幕,中,白,1594219677,0,e0e0a7d6,35167929403179013,当妈，好惨一男
1322.401,普通弹幕,中,白,1594219666,0,c22b38e4,35167924072218627,劫————————匪————————
1159.326,普通弹幕,中,黄,1594219528,0,cebc4e2e,35167851424776197,宝宝巴士
146.796,普通弹幕,中,白,1594219013,0,8072919,35167581560635395,咂！瓦鲁多
1337.638,普通弹幕,中,白,1594218540,0,c71c51a9,35167333678841859,铁装从心
82.321,普通弹幕,中,白,1594218396,0,4da85bd2,35167258091192323,日本版哥谭
1423.538,底部弹幕,中,黄,1594217906,0,6def14da,35167001325338627,正しい光が大地を照らしている.
366.335,普通弹幕,中,白,1594216663,0,96c2785f,35166349233750023,补两岁的番
31.959,底部弹幕,中,红,1594216433,0,6def14da,35166228637548551,危 小混混 危
1245.534,普通弹幕,中,红,1594216218,0,1d303120,35166116059807747,劫匪——————
1410.273,普通弹幕,中,白,1594216128,0,e13531f3,35166069136031751,皮卡丘
1125.654,普通弹幕,中,红,1594216089,0,1d303120,35166048506347523,劫匪危
920.969,普通弹幕,中,红,1594215851,0,1d303120,35165923589488645,啊啦~
73.539,普通弹幕,中,白,1594214305,0,52e226f4,35165113015074819,真就特别安全呗
556.948,普通弹幕,中,白,1594214217,0,da3d6d99,35165067058085895,红红火火恍恍惚惚
189.062,普通弹幕,中,白,1594212155,0,976a5379,35163985989337095,哔哩哔哩哔哩哔哩
1232.373,普通弹幕,中,白,1594211474,0,4e329d0f,35163629047250949,危 劫匪 危
769.332,普通弹幕,中,白,1594210782,0,1fbb1fef,35163266337996871,这。。
837.582,普通弹幕,中,红,1594210630,0,d4261797,35163186472157187,泡泡茶壶出来挨打
546.772,普通弹幕,中,白,1594210557,0,1fbb1fef,35163148203327493,啊，。。
440.812,普通弹幕,中,白,1594210445,0,1fbb1fef,35163089483071491,有点大。。
561.28,普通弹幕,中,红,1594210354,0,d4261797,35163041622392837,好快的车车
407.728,普通弹幕,中,白,1594210281,0,b91bb843,35163003385020419,开炮！
280.87,普通弹幕,中,白,1594210094,0,b91bb843,35162905464799239,山治……
204.079,普通弹幕,中,白,1594209770,0,1afcdb41,35162735418277895,blilblil
69.166,普通弹幕,中,白,1594209753,0,b91bb843,35162726490701829,好安全！
398.073,普通弹幕,中,白,1594209310,0,6b1a2940,35162494427201539,什么时候出婚后光子的番外啊，好喜欢
563.929,底部弹幕,中,黄,1594208732,0,1df54b39,35162191053193285,近战狙击
1020.832,普通弹幕,中,黄,1594208593,0,9160a453,35162118671040515,这糟糕的台词
788.681,普通弹幕,中,橙,1594208189,0,9160a453,35161906361663493,durdur
731.75,普通弹幕,中,蓝,1594207835,0,f6445046,35161720968183815,VAN的无理行为
638.08,普通弹幕,中,蓝,1594207733,0,f6445046,35161667634462725,威风堂堂
1085.518,普通弹幕,中,白,1594207592,0,37c24c4f,35161593784303623,这裙子有口袋？
930.091,底部弹幕,中,绿,1594207270,0,ff8d2cb0,35161425042735107,男主出现
283.132,普通弹幕,中,白,1594206286,0,843d1407,35160908865470471,补五岁的番
412.796,普通弹幕,中,白,1594206148,0,aa55771a,35160836488036355,补10086岁的番
277.14,普通弹幕,中,白,1594205987,0,aa55771a,35160752283713539,补一岁番
515.354,普通弹幕,中,白,1594205367,0,46c1f291,35160426966155271,车车，好快的车车！！！！
335.154,普通弹幕,中,白,1594205268,0,9c180894,35160375353147395,卓别林吧
1064.456,普通弹幕,中,白,1594205141,0,f2e7f01a,35160308326596611,呱太咋啦
1420.462,普通弹幕,中,白,1594204702,0,a657599a,35160078336131075,正しい光が大地を照らした
1247.361,普通弹幕,中,白,1594204665,0,cacffb47,35160058828947459,危危危
370.988,普通弹幕,中,白,1594204323,0,8fd82de5,35159879769391107,百分之九十都是女性
870.303,普通弹幕,中,白,1594204273,0,bd2253a4,35159853328498691,炮姐对女孩子的很温柔的
13.931,普通弹幕,中,白,1594204217,0,5811da7f,35159824258301955,牛    弼
1351.087,底部弹幕,中,紫,1594204032,0,9102ea28,35159726887010307,三級在此
1139.465,普通弹幕,中,红,1594203867,0,8f673176,35159640870748165,太极
272.379,普通弹幕,中,白,1594203535,0,a657599a,35159466507763717,补二岁番
1211.195,普通弹幕,中,白,1594203373,0,b2de942e,35159381427355651,黑子好像不能移动物体。还有另一个是不能移动自己的人
273.562,普通弹幕,中,白,1594203108,0,4e0e69fe,35159242855415811,五岁的番啊。。。
1097.262,普通弹幕,中,白,1594202971,0,e5604a58,35159171031629831,劫——犯——
1402.192,普通弹幕,中,白,1594202375,0,e6918125,35158858280206339,正道の光が大地を照らした
513.563,底部弹幕,中,黄,1594201604,0,9136d31,35158454101344261,好快
433.863,底部弹幕,中,红,1594201515,0,9136d31,35158407345864709,建议改成：王雷炸鱼
609.315,底部弹幕,中,粉,1594201370,0,43a24a81,35158331578384391,嘿嘿嘿
579.298,普通弹幕,中,白,1594201318,0,43a24a81,35158304315932679,右手好酸
603.155,普通弹幕,小,黄,1594200473,0,94356b3c,35157861040914437,突击手手好唯一的狙击手，让他准备好子弹
585.011,普通弹幕,小,黄,1594200455,0,94356b3c,35157851534000131,狙击手把子弹备好
540.162,普通弹幕,小,黄,1594200410,0,94356b3c,35157828042227715,这么好的路车都这么少
451.676,普通弹幕,中,白,1594200321,0,94356b3c,35157781629108227,明示投币
299.541,普通弹幕,中,白,1594200167,0,94356b3c,35157700862017541,别狙击手了，安全裤有呢）来自炮姐的说话（
266.899,普通弹幕,中,白,1594200115,0,94356b3c,35157673734307847,欧尼酱
180.429,普通弹幕,中,白,1594200023,0,94356b3c,35157625304252421,哔哩哔哩哔哩哔哩哔哩哔哩
729.745,普通弹幕,中,白,1594199156,0,5c31adc3,35157170549948423,127哈哈哈
417.808,普通弹幕,中,白,1594198547,0,dab92ff1,35156851684802567,冲了兄弟们
548.386,普通弹幕,中,白,1594198346,0,ce39a1cd,35156746134618115,出现3狙击手
178.626,普通弹幕,中,白,1594197960,0,ce39a1cd,35156543736381443,哔哩哔哩 (゜-゜)つロ 乾杯~-bilibili
1261.154,普通弹幕,中,蓝,1594196768,0,466e3c6b,35155918865301509,危危危
353.38,普通弹幕,中,白,1594196402,0,d7d40ec6,35155726929756163,哈西
350.18,普通弹幕,中,白,1594196395,0,d7d40ec6,35155722896932869,马鹿
1202.073,底部弹幕,中,红,1594196132,0,1db7fe2c,35155585060569095,提醒：这只是黑子在震慑劫匪而已，如果真能这样黑子就是Level 5了
557.534,普通弹幕,中,蓝,1594196026,0,466e3c6b,35155529772302339,旁边哥们儿装啥纯
505.114,普通弹幕,中,蓝,1594195960,0,466e3c6b,35155494910296071,专业，爱了爱了
1075.476,普通弹幕,中,白,1594195915,0,35d53839,35155471383396355,好喜欢黑子呀
278.935,底部弹幕,中,黄,1594195886,0,f42d974c,35155456539754501,金坷垃！
986.427,普通弹幕,中,白,1594195815,0,35d53839,35155419182137351,好帅呀
949.995,普通弹幕,中,白,1594195779,0,35d53839,35155400044052483,超傲娇
849.352,普通弹幕,中,白,1594195649,0,35d53839,35155332262002691,泪爷
798.607,普通弹幕,中,白,1594195598,0,35d53839,35155305443098631,黑子好可爱呀
530.902,普通弹幕,中,白,1594195369,0,d8407f66,35155185419943941,车车
372.392,普通弹幕,中,蓝,1594195328,0,22d236b0,35155163567620101,补上辈子的番
335.182,普通弹幕,中,白,1594195171,0,d8407f66,35155081667543043,六亲不认的步伐
190.546,普通弹幕,中,蓝,1594195136,0,22d236b0,35155062835118083,哔哩哔哩 (゜-゜)つロ 干杯~-bilibili
186.153,普通弹幕,中,白,1594195121,0,22d236b0,35155055470444549,哔哩哔哩 (゜-゜)つロ 干杯~-bilibili
1118.581,普通弹幕,中,白,1594195113,0,e31e6afb,35155050742939653,蝎?
455.976,普通弹幕,中,白,1594194713,0,8df0bab1,35154841258426371,男主呢
1370.432,普通弹幕,中,红,1594194553,0,552121e4,35154757556371459,打个重点符号
1361.036,普通弹幕,中,红,1594194531,0,552121e4,35154745994772487,幻想御手
1361.036,普通弹幕,中,红,1594194522,0,552121e4,35154741073281027,主线出现了
946.249,普通弹幕,中,白,1594194452,0,81ff1bb7,35154704557146119,傲娇
1235.147,普通弹幕,中,红,1594194370,0,552121e4,35154661405622279,他没了
1235.147,普通弹幕,中,红,1594194363,0,552121e4,35154657644904453,没了
1078.304,普通弹幕,中,红,1594194199,0,552121e4,35154571883970567,纸也吃
1034.339,普通弹幕,中,红,1594194145,0,552121e4,35154543425617927,黑子重口啊
842.858,普通弹幕,中,红,1594193905,0,552121e4,35154417705549827,Misaka mikoto
749.389,普通弹幕,中,红,1594193756,0,552121e4,35154339311386627,准备
513.437,普通弹幕,中,红,1594193473,0,552121e4,35154191195308039,不愧是黑子
479.745,普通弹幕,中,白,1594193439,0,552121e4,35154173510549509,黑子危
339.197,普通弹幕,中,红,1594193240,0,552121e4,35154069202927623,很魔性
17.478,普通弹幕,中,白,1594193176,0,bfc7f0de,35154035411517443,吼吼吼
231.339,普通弹幕,中,白,1594193096,0,552121e4,35153993683435523,每天亿遍
193.076,普通弹幕,中,白,1594193058,0,552121e4,35153973617360899,哔哩哔哩哔哩哔哩
160.691,普通弹幕,中,白,1594193026,0,552121e4,35153956647206919,白萝卜来不来哔哩哔哩哔哩哔哩哔哩哔哩
148.845,普通弹幕,中,白,1594193014,0,552121e4,35153950431248391,出现了
81.512,普通弹幕,中,白,1594192946,0,552121e4,35153915120975877,所有的小混混都明白一定要去招惹那个御坂美琴
36.696,普通弹幕,中,白,1594192902,0,552121e4,35153891635494919,小混混危、
193.218,普通弹幕,中,白,1594190974,0,db5417e6,35152881231331333,牛批
725.272,普通弹幕,中,白,1594190214,0,e5f62b3a,35152482404925443,7月8号两点半？130个？？
1353.043,普通弹幕,中,白,1594188789,0,1f7f1435,35151735255203845,看上他了？
514.727,普通弹幕,中,白,1594188775,0,a39abe25,35151727969173509,录音棚里欢乐多
527.649,普通弹幕,中,白,1594188034,0,381f006c,35151339459182597,百合好啊
348.873,普通弹幕,中,白,1594187245,0,2af20c49,35150925967392775,都是筷子吗
1322.222,底部弹幕,中,红,1594186813,0,40d044f,35150699309826055,此时，老板又死了一次
602.787,底部弹幕,中,黄,1594186215,0,1097393c,35150385968054275,初体验....（狗头）
1288.814,普通弹幕,中,白,1594185716,0,d7d43486,35150124231950341,祖传投币
1247.46,普通弹幕,中,红,1594185646,0,612b6701,35150087669678083,危危危危危危
1250.108,普通弹幕,中,白,1594185273,0,2adfed61,35149891841294343,这个劫匪生前也是个体面人
500.798,普通弹幕,中,黄,1594185117,0,a46d118,35149810355404805,车车，好快的车
1318.749,普通弹幕,中,白,1594185069,0,646596fe,35149785000312837,当麻不属于魔法测也不属于科学侧 没什么好争的
282.659,普通弹幕,中,白,1594184845,0,a46d118,35149667495313415,安全裤？
15.259,普通弹幕,中,白,1594184411,0,a46d118,35149440196018181,手机裂屏了，看着好难受！
770.82,普通弹幕,中,白,1594184129,0,e69d4db,35149292126076935,哈哈哈哈
509.42,底部弹幕,中,黄,1594183956,0,8b663419,35149201628200965,黑子  危
508.1,底部弹幕,中,白,1594183948,0,8b663419,35149197570736195,黑子  危
373.167,普通弹幕,中,白,1594183483,0,7319227b,35148953682968583,补3岁番
1243.946,普通弹幕,中,白,1594182049,0,e5291cd5,35148201613852675,干架
1192.56,普通弹幕,中,白,1594180880,0,63aa2a2d,35147588832854021,动作指导：漩涡长门
1118.079,普通弹幕,中,白,1594180855,0,e2d3064c,35147575582523397,张三闪亮登场！
143.016,普通弹幕,中,白,1594180706,0,ff12e7fc,35147497454698501,only my railgun
7.2,普通弹幕,中,白,1594180402,0,484506ae,35147338252025861,黄青坡
2.747,普通弹幕,中,白,1594180307,0,dfc0bc72,35147288615059463,宋宾宾
382.523,普通弹幕,中,白,1594180284,0,5de50b66,35147276528123909,光子赛高！！！！
622.756,底部弹幕,中,黄,1594179752,0,e5291cd5,35146997476884485,0＞5
1114.481,普通弹幕,中,白,1594179079,0,744819d4,35146644389363717,神父开始打碟了
309.78,底部弹幕,中,黄,1594178562,0,e5291cd5,35146373402198019,。。。
280.266,普通弹幕,中,白,1594178504,0,e5291cd5,35146343203209221,学不来
1314.191,普通弹幕,中,白,1594178423,0,451b06a9,35146300693413891,活着不好吗
236.586,普通弹幕,中,白,1594178396,0,e5291cd5,35146286309572611,这op谁敢跳
1261.526,普通弹幕,中,白,1594178370,0,451b06a9,35146273078116421,危 劫匪 危
1055.51,普通弹幕,中,白,1594178141,0,451b06a9,35146152869888005,hhhhh
5.8,普通弹幕,中,白,1594178108,0,fe3f204d,35146135392747527,这不是宝藏是神话
1001.826,普通弹幕,中,白,1594178080,0,451b06a9,35146120918204423,此时一只炮姐失去了梦想
947.825,普通弹幕,中,绿,1594177999,0,451b06a9,35146078436196355,打脸
930.53,普通弹幕,中,绿,1594177982,0,451b06a9,35146069381218307,呱----------------太------
152.359,底部弹幕,中,红,1594177978,0,e5291cd5,35146067349602309,这op谁敢跳！！！！！！！！
479.589,底部弹幕,中,红,1594177916,0,ded2c73f,35146035057655815,jzb
849.136,普通弹幕,中,红,1594177900,0,451b06a9,35146026249617413,嘿嘿嘿
813.518,普通弹幕,中,白,1594177864,0,451b06a9,35146007590207493,hhhhhhh
386.307,底部弹幕,中,红,1594177836,0,ded2c73f,35145993054322693,素养判定
740.466,普通弹幕,中,白,1594177791,0,451b06a9,35145969283629061,VAN
54.559,底部弹幕,中,粉,1594177788,0,e5291cd5,35145967567634439,钞能力
710.612,普通弹幕,中,白,1594177761,0,451b06a9,35145953622097923,鈔能力
464.168,普通弹幕,中,白,1594177515,0,451b06a9,35145824354697219,人间天堂
1192.8,底部弹幕,中,红,1594177372,0,791d4053,35145749744320517,人体描边大师
283.941,普通弹幕,中,白,1594177287,0,451b06a9,35145704877850629,贩卖机------------------
232.959,普通弹幕,中,白,1594177236,0,451b06a9,35145678130774021,小手一抖  OP没有
91.373,普通弹幕,中,白,1594177069,0,451b06a9,35145590662234117,瞬间打脸
46.058,普通弹幕,中,白,1594177023,0,451b06a9,35145566767284229,危 小混混 危
1129.626,普通弹幕,中,白,1594175559,0,61610324,35144798911332423,走好
1003.266,普通弹幕,中,白,1594175428,0,61610324,35144730350190595,一欠哔哩哔哩失去了梦想
183.82,普通弹幕,中,白,1594174830,0,7d1c6095,35144417073430531,09年都的
198.406,普通弹幕,中,白,1594174545,0,61610324,35144267646107653,最初的哔哩哔哩啊
117.206,普通弹幕,中,白,1594174413,0,a74248cd,35144198206783493,贝蒂
363.176,普通弹幕,中,白,1594173854,0,8de9b16f,35143905182744579,6岁的。。
17.325,普通弹幕,中,白,1594173083,0,69602d1b,35143501178470405,考古
1098.122,底部弹幕,中,红,1594171258,0,9af70df0,35142544220225539,裙子有兜
1244.615,底部弹幕,中,白,1594171099,0,bdfa69a7,35142460568502275,劫匪快跑不然就来不及了！
1233.461,底部弹幕,中,白,1594170994,0,bdfa69a7,35142405530845189,劫匪高危
1106.147,底部弹幕,中,白,1594170846,0,bdfa69a7,35142327946182663,劫匪快跑
1088.775,底部弹幕,中,白,1594170822,0,bdfa69a7,35142315310841859,不要在意是袖章从哪里掏的。
1078.418,底部弹幕,中,白,1594170746,0,bdfa69a7,35142275899064325,劫匪危
476.096,底部弹幕,中,黄,1594170654,0,ab8b8202,35142227529302023,啊这
862.222,底部弹幕,中,白,1594170513,0,bdfa69a7,35142153435873287,先去军火库找弹药。
636.426,底部弹幕,中,白,1594170140,0,bdfa69a7,35141957983404037,说hop的那位是魔鬼吧？
470.802,普通弹幕,中,白,1594169902,0,bdfa69a7,35141832978989063,摄影师今晚鸡腿随便吃
22.042,普通弹幕,中,白,1594168778,0,ccbd59df,35141244002762757,小-------混--------混！！
48.777,普通弹幕,中,红,1594167254,0,5150dcef,35140444718891015,鹅鹅鹅
171.55,底部弹幕,中,淡蓝,1594166336,0,73e5fb4e,35139963669446659,哔哩哔哩哔哩哔哩哔哩哔哩哔哩哔哩
27.213,普通弹幕,中,白,1594164093,0,9a773b93,35138787625926661,小混混  危险
1286.218,底部弹幕,中,黄,1594163762,0,afeb3f5a,35138614152658951,哔哩哔哩祖传硬币
186.7,普通弹幕,中,白,1594162621,0,afeb3f5a,35138015913836551,哔哩哔哩的站歌呀
515.042,普通弹幕,中,白,1594150013,0,ae84034a,35131405563330563,车门被焊死了打不开
40.296,普通弹幕,中,白,1594148661,0,db554b81,35130696819802119,众所周知，学园都市是最安全的地方
386.48,普通弹幕,中,白,1594142931,0,e0b8a0c,35127692701990917,光子，永远滴神（彻底粉光子了）
1228.905,普通弹幕,中,白,1594141818,0,f3e24135,35127109224497157,兄弟，路走窄了啊
160.009,普通弹幕,中,白,1594141696,0,d978c8b6,35127045181145091,欧尼砂码
1392.366,普通弹幕,中,白,1594139537,0,41be9209,35125913296306183,上条当麻
1241.79,底部弹幕,中,红,1594138858,0,25267879,35125556957151235,开炮！
913.31,底部弹幕,中,红,1594138496,0,25267879,35125367168565255,呱呱太
777.83,普通弹幕,中,白,1594138333,0,25267879,35125282087632901,斯。。。这个
47.979,普通弹幕,中,白,1594138322,0,8d86add2,35125276412739587,。。。
410.23,普通弹幕,中,白,1594137947,0,25267879,35125079750213635,爱因斯坦都不管了
351.261,普通弹幕,中,白,1594137868,0,25267879,35125038329888771,这是女校吗？
79.141,普通弹幕,中,白,1594137131,0,d2031389,35124651809570823,最危险的地方就是最安全的地方所以最安全的地方就是最危险度
157.754,普通弹幕,中,白,1594137001,0,61f6edc6,35124583338082307,超爱！！！
566.528,底部弹幕,中,粉,1594136913,0,b8139fef,35124537560399877,她们俩不是常盘台的所以有男生
367.989,普通弹幕,中,绿,1594136862,0,3d1235f3,35124510848450565,补99岁的番
1233.153,普通弹幕,中,红,1594136145,0,59dfe0ed,35124134815989765,劫－－－－－－匪－－－－－－
946.278,普通弹幕,中,白,1594136050,0,75893bf5,35124084808351751,某科学的打脸小剧场
332.15,普通弹幕,中,白,1594135404,0,e9ffe2ff,35123746246230023,09年的画质吗，爱了爱了
139.045,普通弹幕,中,白,1594135153,0,a8aa0416,35123614657806341,欧内撒嘛
437.125,普通弹幕,中,白,1594134905,0,3890a98,35123484956295173,补2岁
799.98,普通弹幕,中,白,1594134814,0,8fd3c88e,35123436910018565,龙儿？
841.308,普通弹幕,中,白,1594133660,0,fc2a56e2,35122831735914499,Misaka Mikoto
112.205,普通弹幕,中,白,1594132399,0,f46f5c9d,35122170711506949,头上长花了？
392.793,普通弹幕,中,白,1594131788,0,dd915ae6,35121850721763331,补五十岁的番
161.093,普通弹幕,中,白,1594131234,0,be44f552,35121560104206341,哔哩哔哩 - ( ゜- ゜ )つロ 乾杯~
543.685,普通弹幕,中,白,1594131169,0,d9691ed5,35121525758099463,这么猛的吗？
20.705,普通弹幕,中,白,1594131135,0,8c732f7a,35121508039262279,见证
557.091,普通弹幕,中,白,1594130897,0,2fb1e9e9,35121383156482053,awsl
417.585,普通弹幕,中,白,1594130782,0,2fb1e9e9,35121322811981827,awsl
1086.331,普通弹幕,中,白,1594130469,0,37261e3b,35121158753878023,。。。
1313.999,普通弹幕,中,白,1594130006,0,df8f38b1,35120915998048263,瞬狙
887.556,普通弹幕,中,白,1594128173,0,6aa4982d,35119954928336899,多拉A梦
1248.747,普通弹幕,中,白,1594127542,0,1fd4aafa,35119624563458051,混混哥一路走好
1338.915,普通弹幕,中,白,1594127072,0,49787288,35119377819893767,眼瞎？孩子没在车上
157.85,底部弹幕,中,白,1594126405,0,75d9c1c4,35119028323221507,OP只看亿次
627.738,普通弹幕,中,白,1594126232,0,e9453da9,35118937364496387,hop
1242.292,普通弹幕,中,蓝,1594126176,0,86458c54,35118908123381763,热心市民参战
1233.972,底部弹幕,中,蓝,1594126149,0,86458c54,35118893828669445,危   混混   危
1243.431,普通弹幕,中,白,1594126140,0,6dfe343b,35118889254256645,危！！！！！
1183.549,普通弹幕,中,白,1594126056,0,6dfe343b,35118845530210307,影分身之术
852.137,普通弹幕,中,白,1594125711,0,6dfe343b,35118664415969283,(_人_)
1248.43,普通弹幕,中,白,1594125675,0,57b0e0af,35118645787492359,！！！！
176.216,普通弹幕,中,白,1594125156,0,2bdf1186,35118373294571525,黑子最美
1308.187,底部弹幕,中,黄,1594125110,0,78074928,35118349349289991,上一个无敌的已经赞美太阳了
1272.209,底部弹幕,中,黄,1594125054,0,78074928,35118319882731523,上一个最强的已经赞美太阳了
1093.787,普通弹幕,中,白,1594124301,0,4d60a681,35117925252726787,袖章带的稳吗？
629.397,普通弹幕,中,白,1594123264,0,b22b34e,35117381210079237,幻想御手
73.918,普通弹幕,中,白,1594120771,0,e4eada37,35116074334158853,呃……打脸现场
273.434,普通弹幕,中,红,1594120252,0,1a634d30,35115802360283139,贩卖机危
1279.95,普通弹幕,中,白,1594119897,0,65cf4b15,35115616188235781,B站投币机制就是这里出的还有LV6也是这里的
577.041,普通弹幕,中,白,1594119698,0,ac0a6e69,35115511680335879,快斗青子
1113.332,普通弹幕,中,红,1594119521,0,11e3b5c4,35115419205369861,危——————劫匪——————危
286.18,普通弹幕,中,绿,1594119515,0,46d39a75,35115416027660295,补娘胎里的番
382.101,普通弹幕,中,白,1594119494,0,ac0a6e69,35115404904890373,大爱光子
900.843,普通弹幕,中,白,1594119411,0,cc768cf0,35115361493843973,虽然没有男主但是女主有喜欢的男孩子哟
14.979,普通弹幕,中,白,1594118826,0,60bbed46,35115054428848133,又来咯
1106.897,普通弹幕,中,红,1594118687,0,e8ed8c97,35114981617827845,危         劫匪           危
91.868,普通弹幕,中,白,1594118047,0,84454d3c,35114646279553031,安详
947.842,普通弹幕,中,白,1594117050,0,faa9ac22,35114123302273027,233333
488.776,普通弹幕,中,黄,1594115933,0,75263ec2,35113537931575303,嘿嘿嘿
219.942,普通弹幕,中,白,1594115919,0,faa9ac22,35113530830094343,哔哩哔哩 ( ゜-゜)つロ 干杯~
21.319,底部弹幕,中,红,1594115132,0,b45b64f4,35113118057627655,小混混危
386.357,普通弹幕,中,红,1594114678,0,7de96072,35112879907667971,补上个星球的番
28.516,普通弹幕,中,白,1594114542,0,7697c81e,35112808617082885,混混危险
382.265,普通弹幕,中,白,1594113761,0,96f9f087,35112399388278787,婚前天美，婚后光子
1249.723,普通弹幕,中,白,1594113196,0,21ec16f5,35112102972620803,汽车   危！
470.225,普通弹幕,中,白,1594112994,0,2479b5f6,35111996940091399,投币
276.453,普通弹幕,中,白,1594112766,0,2479b5f6,35111877307006981,贩卖机危
139.807,普通弹幕,中,白,1594111901,0,dc681456,35111423890161667,特意回来听OP
1198.373,普通弹幕,中,白,1594111594,0,3eaac357,35111263240978435,佩恩直呼内行
1338.423,普通弹幕,中,白,1594111406,0,8029fbe1,35111164682698755,上一个无敌的还在太空飘着呢
941.073,普通弹幕,中,白,1594111308,0,3eaac357,35111113308766211,疯狂打脸
776.453,普通弹幕,中,白,1594111133,0,3eaac357,35111021283639299,好快的车
771.653,普通弹幕,中,白,1594111121,0,3eaac357,35111014919307267,哎哎，wtf
529.609,普通弹幕,中,白,1594110828,0,3eaac357,35110861318127619,都是绅士啊
1332.076,普通弹幕,中,白,1594110682,0,bfebbfe7,35110785119158275,不考虑人质的吗
288.451,普通弹幕,中,红,1594110438,0,1327b996,35110657097465861,安全裤报告：有狙击手
1224.684,底部弹幕,中,蓝,1594110012,0,7cb457fe,35110433642774533,泪爷这里真的爱了
1076.644,底部弹幕,中,蓝,1594109841,0,7cb457fe,35110344195047431,前方高能
697.796,普通弹幕,中,白,1594109699,0,a6646a4d,35110269512318979,木叶丸同款红脸
161.079,普通弹幕,中,白,1594109116,0,a6646a4d,35109963829346309,经典
879.816,底部弹幕,中,红,1594108124,0,f50cd1de,35109443899228163,泪爷：剧本还是看一下出来吧
688.854,普通弹幕,中,白,1594107833,0,beaf142e,35109291245961221,看魔法禁书目录时，有人说应该先看超炮
548.494,普通弹幕,中,白,1594107651,0,beaf142e,35109195909955587,鲁迅都知道了
513.054,普通弹幕,中,白,1594107609,0,beaf142e,35109173772419075,车车，好快
1396.533,普通弹幕,中,黄,1594105917,0,1e520a85,35108286419173381,正道の光が大地を照らした。
1034.619,普通弹幕,中,白,1594105890,0,b0934eef,35108272370352131,这就是大小姐吗，爱了爱了
747.467,普通弹幕,中,白,1594105865,0,478afd11,35108259254239235,男主没有嘛
278.684,普通弹幕,中,白,1594105794,0,f51e5fc7,35108221940662279,安全裤
911.791,普通弹幕,中,黄,1594104993,0,1e520a85,35107802250215429,名场面即将来临
780.966,普通弹幕,中,黄,1594104847,0,1e520a85,35107725888192519,好快的车车！
1139.304,普通弹幕,中,白,1594103571,0,130363f4,35107056734699523,为什么不直接跑
390.736,普通弹幕,中,白,1594103370,0,2c49ada2,35106951514292227,什么
159.38,普通弹幕,中,白,1594102883,0,2c49ada2,35106696179220483,哔哩哔哩哔哩哔哩bl
588.637,普通弹幕,中,黄,1594102732,0,1f870eef,35106616577097735,黄金体验
107.745,普通弹幕,中,白,1594102715,0,342d3a0e,35106607987163139,就这！！！！
70.697,普通弹幕,中,白,1594102669,0,342d3a0e,35106583885119495,super
569.67,普通弹幕,中,黄,1594102263,0,d7838256,35106370885779463,好啊
549.31,普通弹幕,中,黄,1594102241,0,d7838256,35106359216177159,官方狙击手
488.11,普通弹幕,中,黄,1594102171,0,d7838256,35106322661244935,这是漏了？
353.82,底部弹幕,中,红,1594102010,0,d7838256,35106238092017671,没男梦
236.073,底部弹幕,中,红,1594101877,0,d7838256,35106168668422147,爷!没!跳!
1169.675,普通弹幕,中,红,1594101746,0,8278883f,35106099936886789,尊哥¿
637.994,普通弹幕,中,黄,1594101117,0,8278883f,35105770279796741,拉二¿
473.156,普通弹幕,中,白,1594100693,0,2fb09cf6,35105547976966149,不是都没有到A吗？
303.276,普通弹幕,中,白,1594100505,0,2fb09cf6,35105449257730051,不查指纹吗？
440.843,普通弹幕,中,白,1594100413,0,4cc4333,35105400889540613,233333
563.786,底部弹幕,中,深蓝,1594100316,0,f1771158,35105349975932931,初春和唯是一个声优诶
463.529,普通弹幕,中,白,1594100306,0,4da3f286,35105345002536965,摄影师今晚吃灯光师
1275.895,普通弹幕,中,白,1594100209,0,d31b8a2a,35105293901234183,劫匪快跑！！！！
1255.149,普通弹幕,中,白,1594100183,0,d31b8a2a,35105280118751235,劫匪快跑！！！
112.547,普通弹幕,中,白,1594099957,0,30379f94,35105162011869189,黑子黑子~
140.972,底部弹幕,中,深蓝,1594099522,0,f1771158,35104933773049861,黑子：啊，姐姐大人那谦虚的胸怀
704.146,底部弹幕,中,白,1594099410,0,413d05d6,35104874823680005,无情
65.584,底部弹幕,中,红,1594099410,0,f1771158,35104874856185863,倒吊怪在哪
1253.283,普通弹幕,中,红,1594098838,0,30031e62,35104575069880323,劫――――――――――――――――――匪――――――――――――――――――
3.748,普通弹幕,中,白,1594098730,0,ffc4e82f,35104518680084485,茵蒂克丝洗澡歌
681.071,底部弹幕,中,红,1594098727,0,a8a1e678,35104516974051335,泪爷没说错，炮姐初期性格是有一点，超炮美化了的
441.385,普通弹幕,中,白,1594098415,0,e7b844a8,35104353468022791,补七岁的番
399.886,普通弹幕,中,白,1594095040,0,be3b08f9,35102583812521987,补21的番
74.473,普通弹幕,中,白,1594094418,0,d47d5b7e,35102257707483141,光速打脸
469.392,底部弹幕,中,黄,1594094401,0,413e9b09,35102248802451461,摄晚加鸡
1177.938,普通弹幕,中,白,1594094195,0,4899bc8c,35102140728344581,Ace
794.089,普通弹幕,中,白,1594092986,0,29ba8b1f,35101506989457411,哪尼
353.06,普通弹幕,中,白,1594092165,0,7631579,35101076597243907,这误差不应该是度数吗
478.714,普通弹幕,中,黄,1594090581,0,9fcf4e47,35100246292299781,狙击手准备
388.243,普通弹幕,中,白,1594090173,0,22764bf4,35100032213450757,气死牛顿三人组！！！！！！！！1
900.43,普通弹幕,中,绿,1594088600,0,58a3db91,35099207355858947,出现了！超炮男主呱呱太！
1443.51,普通弹幕,中,白,1594088401,0,ed3c22d0,35099102975361027,好爱啊
1433.491,普通弹幕,中,白,1594088391,0,ed3c22d0,35099097719898117,好喜欢
1399.547,普通弹幕,中,白,1594087003,0,12003f3,35098370126118919,泡泡茶壶
822.848,普通弹幕,中,白,1594086095,0,12003f3,35097894188482563,泡泡茶壶
906.057,普通弹幕,中,白,1594080683,0,6608f33b,35095056485974023,危      呱太       危
273.497,普通弹幕,中,白,1594080326,0,6608f33b,35094869593030663,补三岁时的番
359.356,普通弹幕,中,白,1594079758,0,d9a9f244,35094571931140101,不是醉的番
359.356,普通弹幕,中,白,1594079749,0,d9a9f244,35094567109263363,不是水的番
359.356,普通弹幕,中,白,1594079714,0,d9a9f244,35094548857225219,不是水的番
780.832,普通弹幕,中,粉,1594073204,0,1a0ac8bf,35091135425675267,动作指导蜡笔小新
0.325,普通弹幕,中,粉,1594072644,0,1a0ac8bf,35090842091782149,哼哼哼，哼哼哼，哼哼哼哼————
344.811,底部弹幕,中,黄,1594059875,0,9a32efe,35084147518603267,脑补一下，辛苦各位了
243.474,普通弹幕,中,白,1594058137,0,46462913,35083235914940419,中文？！？！？！
100.948,普通弹幕,中,白,1594056087,0,87a32ec1,35082161367810053,在眯眼的瞬间。好帅呀！
365.476,普通弹幕,中,白,1594054193,0,ab2f98a8,35081168624812039,补六岁的番
372.113,普通弹幕,中,紫,1594053861,0,9c96a830,35080994410725381,补七岁的番
1317.441,普通弹幕,中,白,1594050629,0,cc014520,35079299833266179,点击公主666哇
1302.016,底部弹幕,中,红,1594048801,0,8c5f534d,35078341138055173,动作指导：宇智波佐助
1301.396,底部弹幕,中,红,1594048791,0,8c5f534d,35078335948652547,千鸟锐枪
1199.856,底部弹幕,中,红,1594048675,0,8c5f534d,35078275362979845,动作指导：漩涡水户
1456.489,普通弹幕,中,白,1594047675,0,4b98d77b,35077750812311557,超级喜欢这里
418.105,普通弹幕,中,白,1594047655,0,cbcbfb8,35077740698271747,补7岁时候的番
1330.602,底部弹幕,中,白,1594047644,0,39cf4975,35077734724534279,上一个无敌的已经迷路了
88.74,底部弹幕,中,红,1594047528,0,8c5f534d,35077673971089413,洛圣都日常
543.002,底部弹幕,中,白,1594046822,0,39cf4975,35077303636066309,摄影师今晚和鲁迅一桌
365.092,底部弹幕,中,蓝,1594046706,0,296851b9,35077242763608067,补出生的番
283.269,底部弹幕,中,白,1594046507,0,39cf4975,35077138513657861,专业
802.554,普通弹幕,中,白,1594045214,0,36314c7b,35076461025034243,哈哈
1430.621,普通弹幕,中,白,1594044832,0,c6c26723,35076260491165703,只看一遍
1385.346,普通弹幕,中,白,1594044787,0,c6c26723,35076236763987975,种豆得瓜
1125.787,普通弹幕,中,白,1594044506,0,c6c26723,35076089560170567,甘文崔
1077.248,普通弹幕,中,白,1594044457,0,c6c26723,35076064123289607,正片开始
461.253,普通弹幕,中,白,1594043789,0,c6c26723,35075713616314373,暗示
828.213,普通弹幕,中,白,1594043463,0,47e5c94b,35075542784409607,真  剧本之神
836.168,普通弹幕,中,白,1594043441,0,47e5c94b,35075531059232775,泪爷
22.402,底部弹幕,中,白,1594043108,0,f7d51e8f,35075356417327111,有危险快跑鸭
1327.434,普通弹幕,中,白,1594042860,0,87a844b,35075226370310147,帅气
135.126,底部弹幕,中,白,1594042332,0,26439f63,35074949835653125,哦，骷髅狗？
367.668,普通弹幕,中,白,1594042253,0,9f27fc36,35074908435251203,补两岁的
546.133,普通弹幕,中,红,1594041208,0,4d722ff1,35074360744607747,这……
1042.648,普通弹幕,中,白,1594040819,0,3c30f84d,35074156475187203,aswl
372.362,普通弹幕,中,白,1594040088,0,983609ed,35073773158268931,补在肚子里的番
1257.606,普通弹幕,中,红,1594039792,0,47ecaa5c,35073618097995783,危危危危危危危危危危危
960.304,普通弹幕,中,白,1594038852,0,65798136,35073125290868739,打脸瞬间
955.219,普通弹幕,中,白,1594038847,0,65798136,35073122645835779,前方高能请注意
810.421,普通弹幕,中,白,1594038714,0,65798136,35073052742516743,好听吗好听就是好头
385.561,普通弹幕,中,白,1594038662,0,f304684b,35073025875378243,补3岁的番
201.499,普通弹幕,中,白,1594038607,0,efc53807,35072996782112773,此时，当麻家的阳台出现了一点事故
474.617,普通弹幕,中,白,1594037923,0,5375c43d,35072638155489283,摄影师今晚和非凡哥一桌
34.721,普通弹幕,中,白,1594037717,0,dea8f40e,35072530199871495,考古
371.849,普通弹幕,中,白,1594037634,0,42507ddc,35072486507806723,补2岁的番？？？
786.74,普通弹幕,中,黄,1594037388,0,7dca410c,35072357945049095,大橘已定
786.74,普通弹幕,中,白,1594037337,0,7dca410c,35072330784309251,大局已定
908.644,普通弹幕,中,白,1594036324,0,ff0aeeba,35071799842045957,呱呱太
4.841,普通弹幕,中,白,1594034434,0,14b76f4f,35070809152159747,OK了
164.789,底部弹幕,中,粉,1594034108,0,c75525a9,35070637987856387,梦开始的地方
235.112,普通弹幕,中,白,1594033109,0,b66276ed,35070114168569923,老子没跳
38.379,底部弹幕,中,红,1594032646,0,b8f7cc4e,35069871565307909,用心做超炮，用脚做魔禁。。。
255.956,普通弹幕,中,白,1594031726,0,7e5a2d02,35069389165297667,おにさま
27.582,普通弹幕,中,白,1594029914,0,4523ac44,35068438974562311,诸位壮士一路走好
25.142,普通弹幕,中,白,1594029881,0,4523ac44,35068421902696455,小混混一路走好
663.689,底部弹幕,中,红,1594029599,0,a090dc6d,35068273809686531,唯一一次读错剧本
607.24,底部弹幕,中,红,1594029440,0,a090dc6d,35068190668095491,众所周知，0＞5
266.824,底部弹幕,中,红,1594028998,0,a090dc6d,35067959124688901,危  贩卖机  危
18.188,底部弹幕,中,红,1594028651,0,a090dc6d,35067777180499973,危  小混混  危
26.54,普通弹幕,中,白,1594026498,0,21464261,35066648393678851,兄弟，路走窄了啊
1233.576,底部弹幕,中,黄,1594026351,0,b019a392,35066570899718147,绅士 危
335.994,普通弹幕,中,白,1594026020,0,1c066943,35066397594746883,全员女性？
132.886,普通弹幕,中,白,1594025300,0,618e2518,35066019984179205,念完才发现
881.487,普通弹幕,中,白,1594024589,0,e3cf8f9,35065647388426243,补充弹药
731.08,普通弹幕,中,白,1594024565,0,c35c9553,35065634553331717,123
634.846,普通弹幕,中,白,1594024272,0,ccc5bc32,35065481223208965,西低？
158.441,普通弹幕,中,红,1594023784,0,e6b84406,35065225176154115,bilibili乾杯
735.365,普通弹幕,中,白,1594022901,0,4b4ff784,35064762345717763,117了
365.728,普通弹幕,中,白,1594022808,0,3d734253,35064713441181703,画质量好
929.288,普通弹幕,中,白,1594022000,0,72a95793,35064289678065669,长得像医生的呱太
59.03,普通弹幕,中,白,1594021859,0,b70578eb,35064216184422403,梦已经开始
1402.725,普通弹幕,中,白,1594020847,0,3c97b626,35063685301403653,7931万播放量了
410.078,普通弹幕,中,白,1594020821,0,8fc1b785,35063671674109957,补五岁的番
85.055,普通弹幕,中,白,1594019812,0,842da9c8,35063142622429189,这也太安全了吧
72.662,普通弹幕,中,白,1594019214,0,8f364c06,35062829014319111,打脸
148.625,普通弹幕,中,白,1594018857,0,689f2272,35062642153357317,爷青回
1311.998,普通弹幕,中,白,1594018033,0,7c59164d,35062210158395395,说孩子还在车上的有认真看剧吗……
1003.308,普通弹幕,中,白,1594017396,0,7c59164d,35061876274495495,失去梦想的炮姐
1345.482,普通弹幕,中,白,1594016611,0,f7c310c8,35061464791777283,上一个无敌的头都被打没了
43.315,普通弹幕,中,白,1594016520,0,b18328ae,35061416999256071,好看
55.019,普通弹幕,中,白,1594015451,0,775f3b54,35060856415322115,这个好
167.188,普通弹幕,中,白,1594015304,0,b9f57606,35060779419435013,排面
1243.993,普通弹幕,中,白,1594014345,0,a7d2a244,35060276360904707,危危危
1400.737,普通弹幕,中,白,1594013133,0,e5058c80,35059641010356231,正道の光が大地を照らした
283.957,普通弹幕,中,白,1594012846,0,13b7ad0b,35059490436939783,平角裤平角裤
0.0,底部弹幕,中,橙,1594012510,0,cf25bf69,35059314657853445,梦开始的地方
220.256,普通弹幕,中,白,1594012043,0,5ae2614,35059069367615493,哔哩哔哩( ゜ -゜)つロ  乾杯~哔哩哔哩( ゜ -゜)つロ  乾杯~
211.883,普通弹幕,中,白,1594012034,0,5ae2614,35059064977227781,哔哩哔哩( ゜ -゜)つロ  乾杯~
84.604,普通弹幕,中,白,1594011180,0,587b6c54,35058617309200389,真     安全
842.598,普通弹幕,中,白,1594010885,0,7c460203,35058462535712775,有男主，活在op的男主
1107.748,底部弹幕,中,红,1594010738,0,5cc03fab,35058385176494083,老GTA5了
315.496,普通弹幕,中,白,1594009857,0,80992164,35057923784179719,摄像头对炮姐无限，哈哈哈哈
452.174,普通弹幕,中,白,1594009302,0,5e87182d,35057632598818819,斯国一
413.13,普通弹幕,中,白,1594009245,0,326f1075,35057602539814919,补29岁的番
177.54,普通弹幕,中,白,1594009178,0,5e87182d,35057567597068291,这就是青春啊
525.11,普通弹幕,中,白,1594007749,0,c6d98f78,35056818153062407,无路赛！
147.038,普通弹幕,中,白,1594007540,0,93ae0402,35056708820664327,老规矩，op只看一次
279.909,普通弹幕,中,粉,1594007371,0,14e84d3a,35056619954372615,这里黑子好可爱
168.51,底部弹幕,中,黄,1594005934,0,a2633b8e,35055867003928583,好小子
426.177,普通弹幕,中,红,1594004908,0,ad47d6f3,35055328980631555,能不能别发补...的番，讨论剧情不行吗
171.203,普通弹幕,中,白,1594004824,0,801f3a7f,35055284607516679,美琴专用BGM
425.282,普通弹幕,中,白,1594004815,0,f212964f,35055280107552771,补7岁的番
991.238,底部弹幕,中,红,1594004686,0,659289d,35055212362203139,前方高能！！！
27.535,普通弹幕,中,白,1594004680,0,801f3a7f,35055209066528775,小混混快跑
201.936,普通弹幕,中,白,1594004184,0,74e3544e,35054949443829767,aby
382.124,底部弹幕,小,红,1594004174,0,659289d,35054944291127303,1.婚后光子是个好人，只是傲娇
284.327,底部弹幕,中,红,1594004024,0,659289d,35054865303470085,那是安全裤，要什么狙击手
253.329,底部弹幕,中,红,1594003914,0,659289d,35054807493902339,贝蒂的声优是和黑子一样的，但超炮是09年上映的，比从零早
324.828,普通弹幕,中,白,1594003639,0,c44970e9,35054663448395779,やりましね
1244.647,普通弹幕,中,白,1594003269,0,e91fffb9,35054469479137285,劫匪大哥危险，一路走好
1248.081,普通弹幕,中,白,1594000649,0,db365da7,35053095885996035,危危危危危危危危危危危危
415.67,普通弹幕,中,白,1594000232,0,809eb2ca,35052877040844803,小场面小场面
328.47,普通弹幕,中,白,1594000130,0,809eb2ca,35052823629529093,真就六亲不认
120.965,普通弹幕,中,白,1593999260,0,12fcaf4d,35052367407742979,张浩扬老师
1309.82,普通弹幕,中,白,1593998420,0,7dec2302,35051927184080899,永远的安全裤
69.299,普通弹幕,中,白,1593998026,0,fe555015,35051720805449731,在科技最高的地方学超能力……
473.507,普通弹幕,中,白,1593997723,0,fb64b3b1,35051561755344903,把夸父，波塞冬，水娃，大禹踢出去
1401.392,普通弹幕,中,红,1593995953,0,108762ea,35050633734127623,CP分明
1302.012,普通弹幕,中,红,1593995845,0,108762ea,35050577294000133,狙——击——手——
865.333,普通弹幕,中,红,1593995384,0,108762ea,35050335356583943,不，是弹药库
750.009,普通弹幕,中,红,1593995263,0,108762ea,35050272181977095,以下内容要求全文背诵
672.136,普通弹幕,中,红,1593995171,0,108762ea,35050223723085829,唯一一次看错剧本
640.822,普通弹幕,中,红,1593995127,0,108762ea,35050200816418823,新宝岛
544.202,普通弹幕,中,红,1593995023,0,108762ea,35050146298331143,Lv.6
66.854,普通弹幕,中,红,1593994532,0,108762ea,35049888978305031,老安心了
18.078,普通弹幕,中,红,1593994476,0,108762ea,35049859596681219,小——混——混——
469.746,底部弹幕,中,红,1593992142,0,457ae436,35048636015968263,摄晚八桌
533.575,底部弹幕,中,红,1593987260,0,c2ecf123,35046075961180167,前方LEVEL6登场！！！
384.367,底部弹幕,中,蓝,1593974702,0,388b3f5,35039492020109319,某科学的反牛顿三人组的头头
359.967,普通弹幕,中,白,1593974648,0,388b3f5,35039463843823619,补三岁的番
556.348,普通弹幕,中,白,1593973882,0,fae30565,35039062238691335,不是女校吗？？？
567.477,普通弹幕,中,白,1593973377,0,a8ff2158,35038797329072131,百合番
287.799,普通弹幕,中,黄,1593973246,0,6e77050,35038728775270403,哔哩哔哩 - ( ゜- ゜)つロ 乾杯~
113.94,普通弹幕,中,白,1593970302,0,7664a2de,35037185383596037,黑子
466.769,普通弹幕,中,白,1593968779,0,7106d9a7,35036386584166403,高能
464.209,普通弹幕,中,白,1593968773,0,7106d9a7,35036383537004547,高能
270.669,普通弹幕,中,白,1593968577,0,7106d9a7,35036280890327045,高能
267.489,普通弹幕,中,白,1593968568,0,7106d9a7,35036276065828869,等级不够什么鬼啊啊啊高能
166.67,普通弹幕,中,白,1593967547,0,6d3f596,35035740888367111,专门来听歌
624.588,普通弹幕,中,青,1593967541,0,8fb64c00,35035737939247109,LV2吃瓜
672.513,普通弹幕,中,白,1593965445,0,1c9afaf0,35034638681899013,拿错剧本了等泪爷换一下先
1408.534,普通弹幕,中,白,1593965346,0,bb9c4f5e,35034587194195971,绿子
26.928,底部弹幕,中,白,1593965163,0,e44ca0b7,35034491191820291,首尾呼应
1245.588,普通弹幕,中,红,1593964455,0,ca321a38,35034120031567877,危危危危危危
368.955,普通弹幕,中,白,1593964356,0,d1f8e572,35034067984973831,补八岁的番
195.578,普通弹幕,中,白,1593963598,0,ab9d4cf9,35033670439927811,脱氧核糖核酸
28.474,普通弹幕,中,白,1593963419,0,34e47c8e,35033576502722565,记数君在哪
1137.734,普通弹幕,中,白,1593963208,0,aeefc4fe,35033466047299589,没有超能力还敢抢劫
1079.556,普通弹幕,中,白,1593963031,0,5e175ac1,35033373377298439,柯南，5级能力者，能力为召唤罪犯
15.82,普通弹幕,中,白,1593962875,0,7b351ccd,35033291444715525,最喜欢炮姐了
620.095,普通弹幕,中,白,1593962476,0,5e175ac1,35033082293125127,零之使魔
624.818,普通弹幕,中,黑,1593962438,0,5e175ac1,35033062494437381,零之使魔
552.211,普通弹幕,中,黄,1593962293,0,5e175ac1,35032986532446211,易容过的快斗
512.818,普通弹幕,中,黄,1593962180,0,5e175ac1,35032927181471751,莫名想到零使
1402.346,普通弹幕,中,白,1593961773,0,5ffb2e5c,35032713458614277,7900多万
336.236,普通弹幕,中,白,1593960115,0,d6fb536d,35031844390961159,。。。。。
158.385,普通弹幕,中,白,1593959700,0,46731d82,35031626752720899,6666原来这歌是这里的
727.76,普通弹幕,中,白,1593959626,0,df0eb24f,35031588133142535,147人好
1277.499,普通弹幕,中,黄,1593959541,0,51cc2851,35031543504699397,心疼泪爷
1252.673,普通弹幕,中,黄,1593959495,0,51cc2851,35031519470813189,趁机解说
1232.633,普通弹幕,中,黄,1593959466,0,51cc2851,35031503976529925,BOSS一个个都离泪爷远远的，从来不试图攻击她
1208.633,普通弹幕,中,黄,1593959370,0,51cc2851,35031453942153219,泪爷在闻味……
941.269,普通弹幕,中,黄,1593959150,0,5f6d78c2,35031338312531971,风间彻行为
1010.94,普通弹幕,中,黄,1593959031,0,51cc2851,35031276259901443,试图移除本体
543.441,普通弹幕,中,黄,1593959004,0,a4569fb5,35031261703045127,狙击手:长官有好康的
977.945,普通弹幕,中,黄,1593958961,0,51cc2851,35031239297073155,吉田一美发带都出镜了
530.241,普通弹幕,中,白,1593958960,0,a4569fb5,35031238895468549,磁悬浮列车
952.414,普通弹幕,中,黄,1593958863,0,51cc2851,35031187819855877,▼夏娜和吉田一美乱入
1160.338,底部弹幕,中,蓝,1593958581,0,d16ca1d0,35031040273678339,男----孩----子！！
791.356,普通弹幕,中,白,1593958549,0,51cc2851,35031023336030213,失去高光
786.036,普通弹幕,中,黄,1593958535,0,51cc2851,35031016115011589,大妈辛苦了
1106.987,底部弹幕,中,红,1593958464,0,d16ca1d0,35030978659876869,兄弟，路走窄了
1044.187,普通弹幕,中,红,1593958380,0,d16ca1d0,35030934713532419,多少带点臭？
590.956,普通弹幕,中,黄,1593958280,0,51cc2851,35030882293121027,花是本体啊喂！
915.767,底部弹幕,中,红,1593958232,0,d16ca1d0,35030857004089349,清仓大甩卖！！！清仓大甩卖~！
535.118,普通弹幕,中,黄,1593958188,0,51cc2851,35030833841569799,泪爷登场
503.598,普通弹幕,中,黄,1593958144,0,51cc2851,35030811003060229,黑子瞬移袭胸
836.147,底部弹幕,中,白,1593958130,0,d16ca1d0,35030803806683143,这是9002年的番，再问打死
538.617,普通弹幕,中,白,1593958028,0,aeba8475,35030750143184903,这声音是真的不像结衣啊
854.762,普通弹幕,中,白,1593957815,0,459a9ad,35030638452539399,好听吗？好听就是好头！
168.937,普通弹幕,中,白,1593957700,0,51a8c1e1,35030578366513155,哔哩哔哩乾杯～
405.37,普通弹幕,中,白,1593957602,0,9f74539,35030527047630855,补上辈子的番
240.626,底部弹幕,中,黄,1593957470,0,d16ca1d0,35030457616695299,从零贝蒂的cv？
503.383,普通弹幕,中,白,1593957122,0,377ff59e,35030275162898437,摄影师和老8一桌
1000.937,普通弹幕,中,白,1593956191,0,9c2d3426,35029787188133891,hhhhhh
1389.516,普通弹幕,中,橙,1593955610,0,829ef74a,35029482471948293,大橘已定
14.326,普通弹幕,中,白,1593955480,0,55cbd43f,35029414136250375,来听op
636.433,普通弹幕,中,白,1593955429,0,9c2d3426,35029387593121797,辣妹儿～
706.944,普通弹幕,中,白,1593955414,0,113653bd,35029379816357891,代job
70.42,普通弹幕,中,红,1593954964,0,4e9bd15a,35029143728422917,真~安心~
139.162,普通弹幕,中,白,1593954739,0,113653bd,35029025678688261,念台词的时候眼睛是瞎的
1267.318,普通弹幕,中,白,1593954277,0,ab37bd6a,35028783623831559,一路走好！
999.095,普通弹幕,中,绿,1593954163,0,44e872c6,35028723618021383,老娘从不说假话，除了上一句
724.134,普通弹幕,中,白,1593953621,0,bcdc16ed,35028439447633925,◣◥◣◥◣◥◣◥◣◥◣◥◣◥◣◥◣◥◣WARNING◥◣◥◣◥◣◥◣◥◣◥◣◥◣◥◣◥◣◥
1137.971,普通弹幕,中,白,1593953499,0,64bba74a,35028375658561539,MISS
1009.471,普通弹幕,中,白,1593953370,0,64bba74a,35028308310097927,LV6
284.496,普通弹幕,中,白,1593953065,0,6ef8bbb2,35028148332527621,贩卖机-危
135.433,普通弹幕,中,白,1593952953,0,6ef8bbb2,35028089337020423,众所周知
347.236,底部弹幕,中,白,1593952943,0,ab37bd6a,35028084239368195,常盘台是女校啦！
216.662,普通弹幕,中,白,1593952784,0,ab37bd6a,35028000848216071,各位投币！
412.748,普通弹幕,中,白,1593952516,0,64bba74a,35027860085800965,补11岁的番
144.481,普通弹幕,中,白,1593952316,0,64bba74a,35027755520753671,K.O
426.437,底部弹幕,中,红,1593951659,0,ae6c05e9,35027410801393671,补两岁的番
147.862,底部弹幕,中,白,1593950985,0,ab37bd6a,35027057478467587,正片开始
532.86,普通弹幕,中,白,1593950697,0,5c222576,35026906850000903,这是火箭的速度（滑稽）
1243.296,底部弹幕,中,黄,1593949741,0,ef8933c6,35026405526863875,御坂美琴已上线，劫匪生前是个体面人
1125.224,底部弹幕,中,黄,1593949580,0,ef8933c6,35026321250189319,劫匪生前是个体面人
545.968,普通弹幕,中,白,1593948942,0,ef8933c6,35025986460844039,不反重力了，爷青结
270.674,底部弹幕,中,红,1593948464,0,7c542ddc,35025736140062723,危 贩卖机 危
238.866,底部弹幕,中,红,1593948412,0,7c542ddc,35025708751781891,OP一抖小手没有
228.413,底部弹幕,中,红,1593948389,0,7c542ddc,35025696521191427,精准降落
278.681,普通弹幕,中,红,1593948169,0,974b4101,35025581146374149,哦内。。。诶？
1205.585,普通弹幕,中,白,1593947777,0,c8569674,35025375678955527,好帅
436.56,普通弹幕,中,白,1593946978,0,386ff332,35024956764454919,男主在魔法禁书目录
699.877,普通弹幕,中,白,1593945930,0,f08ca9e,35024407580639235,呆唯？
382.146,普通弹幕,中,红,1593945662,0,64621a2d,35024266835001351,出现了，一血光子！！！
240.926,普通弹幕,中,红,1593945488,0,64621a2d,35024175680716807,正片结束
305.751,普通弹幕,中,白,1593944946,0,ea604ea,35023891620954117,压力马斯（真）
166.842,普通弹幕,中,白,1593944024,0,e9f9619a,35023407900786691,可可可
384.328,普通弹幕,中,白,1593943984,0,d317930d,35023386909868039,已婚陈睿
407.204,普通弹幕,中,白,1593943927,0,f448174,35023357443309575,飞机场
514.555,普通弹幕,中,白,1593943588,0,4ea53394,35023179588567047,"car,soo fast's car"
503.949,普通弹幕,中,白,1593943505,0,4ea53394,35023136139771909,zao gao de tai ci -_-
503.949,普通弹幕,中,白,1593943461,0,4ea53394,35023112819965957,zao gao de tai ci <->
15.821,普通弹幕,中,白,1593942708,0,8f9398e5,35022718078287875,呱呱呱
145.805,普通弹幕,中,白,1593942624,0,945649e1,35022674094194695,梦开始的地方
53.327,普通弹幕,中,红,1593942439,0,1002be83,35022576896442371,终于还是补超炮了
40.444,普通弹幕,中,白,1593940533,0,6c19c536,35021577771810819,梦开始的地方
349.631,普通弹幕,中,白,1593939437,0,7d6c8489,35021002939301893,这是女校啊……
918.985,普通弹幕,中,白,1593939321,0,f2da6e47,35020942384562179,刻在骨髓里的基因
1407.551,普通弹幕,中,白,1593939205,0,5c376cca,35020881787879429,炮姐无敌
169.225,普通弹幕,中,白,1593938963,0,27f6b6ab,35020754761285639,哔哩哔哩干杯！
161.035,普通弹幕,中,白,1593938824,0,da1bac53,35020681773056003,美琴赛高
947.802,普通弹幕,中,白,1593938685,0,48a73c97,35020609006075909,23333
1321.026,普通弹幕,中,白,1593937455,0,c72b9661,35019964136554501,上一个无敌的头已经裂了
1263.492,普通弹幕,中,白,1593937333,0,d1d23e40,35019899948498951,开炮
1010.054,普通弹幕,中,白,1593937141,0,d1d23e40,35019799435673605,口是心非哈
927.025,普通弹幕,中,白,1593937058,0,d1d23e40,35019755877826567,嘿嘿嘿
338.256,普通弹幕,中,白,1593936717,0,960f656d,35019577113444355,这尼玛基本上全是女生！
570.083,底部弹幕,中,黄,1593936702,0,ab865669,35019569452548103,下次不要穿了
515.741,底部弹幕,中,黄,1593936631,0,ab865669,35019532011569159,车好快啊
489.221,底部弹幕,中,黄,1593936589,0,ab865669,35019509911257091,马里奥深勾
467.278,普通弹幕,中,白,1593935674,0,47553195,35019030244360195,这里是天堂吗
171.76,普通弹幕,中,白,1593935665,0,9e885f28,35019025524719623,有内味了
650.988,普通弹幕,中,白,1593934619,0,f2da6e47,35018477022478343,大爷到底是不是Lv 6了
25.0,普通弹幕,中,白,1593934014,0,901c10b6,35018159996534787,学院都市怎么会有人当小混混
190.026,普通弹幕,中,白,1593933664,0,63e7e3b5,35017976500977671,哔哩哔哩哥哥
413.673,普通弹幕,中,白,1593933529,0,1cf1302f,35017905685397509,补9岁的番
1384.011,普通弹幕,中,白,1593933203,0,3f20c6,35017734513754115,种豆的肛
1248.547,普通弹幕,中,红,1593932988,0,99ed3714,35017622086483971,核能预警
153.429,底部弹幕,中,红,1593932339,0,a77d71cb,35017281999208453,哔哩哔哩淦杯
69.203,底部弹幕,中,红,1593932232,0,a77d71cb,35017225436397573,真·安全
227.48,普通弹幕,中,白,1593931940,0,dc21f8e,35017072675127303,小手一抖OP没有（狗头护体）
716.229,普通弹幕,中,白,1593931601,0,1c378c35,35016895083577347,诶嘿嗯哼嗯哼
0.0,普通弹幕,中,绿,1593931465,0,55904408,35016823650385927,11111
1249.32,普通弹幕,中,白,1593930771,0,7c8e52f1,35016459677073413,劫匪危——————
1474.59,普通弹幕,中,白,1593929867,0,c94a7f4e,35015985760043015,闯入无人区
371.14,普通弹幕,中,白,1593929558,0,7a4e2bfc,35015823458828295,补出生的番
232.589,底部弹幕,中,红,1593929201,0,91430959,35015636792377349,在？爷怎么可能跳op？
509.256,普通弹幕,中,黄,1593928074,0,ed27ed45,35015045833293831,车车，好快啊
105.539,普通弹幕,中,白,1593925452,0,65cdb65c,35013670918422531,贝蒂
627.6,普通弹幕,中,白,1593925352,0,e01420aa,35013618745475079,上一个最弱的已经无敌了
58.345,普通弹幕,中,白,1593925322,0,eb1279ee,35013602951823363,钞能力！！
1353.543,普通弹幕,中,白,1593923791,0,f8e7d130,35012800129007623,上一个无敌已经秃了
567.668,普通弹幕,中,白,1593923769,0,2dd60e7c,35012788861009923,姐姐（御坂美琴）自闭椅
554.38,普通弹幕,中,白,1593923177,0,51ff57d7,35012478209884167,学都最强计算机能力者以及最强剧本掌握能力者出现了
27.972,普通弹幕,中,白,1593922750,0,abfd962f,35012254273896455,专业团队准备
227.352,普通弹幕,中,白,1593922609,0,629501a5,35012180244430855,bilibili
789.982,普通弹幕,中,白,1593921425,0,ba5d307,35011559737524231,脸好软啊
977.681,普通弹幕,中,白,1593921411,0,c06acc4a,35011552204029959,夏娜
951.481,普通弹幕,中,白,1593921331,0,c06acc4a,35011510197026823,左下有夏娜
603.749,普通弹幕,中,白,1593921104,0,1b979e35,35011391413288965,狙击手报告，黑的
58.648,普通弹幕,中,白,1593920067,0,810cd4f3,35010847498567685,史莱克！！！
102.132,底部弹幕,中,红,1593919246,0,b10d9a7d,35010417311350789,这番有没有男生
1470.2,普通弹幕,中,白,1593916682,0,9830ac2,35009072944119815,无人区
1240.85,普通弹幕,中,红,1593915810,0,95b92abb,35008616047575047,危!
172.991,普通弹幕,中,白,1593915770,0,3c4d361d,35008595074482183,嗶哩嗶哩乾杯
162.448,普通弹幕,中,白,1593915760,0,3c4d361d,35008589451493383,干杯
1130.28,普通弹幕,中,红,1593915662,0,95b92abb,35008538423590915,危  劫匪  危
1195.009,底部弹幕,中,红,1593913915,0,689a4e09,35007622318391301,佩恩直呼内行
511.465,普通弹幕,中,白,1593913357,0,5ab59c32,35007329731084291,车站
1132.12,普通弹幕,中,白,1593911405,0,bde25987,35006306480291847,这妹子好帅啊
1344.021,普通弹幕,中,黄,1593910036,0,bb8a17e1,35005588790837253,书山有路勤为径，学海无涯苦作舟
1030.5,普通弹幕,中,蓝,1593909660,0,bb8a17e1,35005391443591173,awsl
505.64,普通弹幕,中,黄,1593909109,0,bb8a17e1,35005102760132611,哦～
372.73,普通弹幕,中,白,1593908935,0,bb8a17e1,35005011342655495,补两岁时候的番
1007.79,普通弹幕,中,白,1593908641,0,47cde257,35004857017434115,原形毕露
278.275,普通弹幕,中,白,1593907123,0,de4c81f,35004061521018887,补2岁的番
1079.137,普通弹幕,中,红,1593904205,0,2d75160f,35002531705782275,银行：危
1058.674,普通弹幕,中,红,1593904111,0,2d75160f,35002481938268163,一直按着空格会有神事发生
1048.715,普通弹幕,中,红,1593904044,0,2d75160f,35002447240888327,太可爱了
1028.185,普通弹幕,中,黄,1593904024,0,2d75160f,35002436491411459,可爱
946.158,普通弹幕,中,白,1593903942,0,2d75160f,35002393488785413,呱太
698.428,普通弹幕,中,白,1593903694,0,2d75160f,35002263574937603,nb
1038.078,底部弹幕,中,黄,1593895193,0,65dde190,34997806441693187,想起了，电脑配件
567.912,普通弹幕,中,红,1593891767,0,aceb17f5,34996010149740551,那可真是太好了（滑稽）
327.213,普通弹幕,中,白,1593890196,0,95b2c4eb,34995186619121671,还有谁记得当麻
30.18,普通弹幕,中,红,1593890021,0,95b2c4eb,34995094943694853,当麻哪去了？
311.479,普通弹幕,中,白,1593889522,0,bed2f593,34994833526882309,瞬移黑子爱了爱了
142.939,普通弹幕,中,白,1593889420,0,bed2f593,34994779927347205,哦内撒嘛
113.279,普通弹幕,中,白,1593889380,0,bed2f593,34994759043383301,黑子爱了爱了
103.359,普通弹幕,中,白,1593889361,0,bed2f593,34994748847030275,哈哈哈艹
1.38,普通弹幕,中,粉,1593888577,0,e59f5af1,34994337804189699,传说级限定o   hhh
231.88,底部弹幕,中,红,1593884225,0,774fb1bd,34992055932944391,在，要尼寡
79.25,普通弹幕,中,白,1593881925,0,213259c2,34990850169110535,？。。。
214.297,普通弹幕,中,白,1593881456,0,99e2fc60,34990604313165831,干杯！
1138.929,普通弹幕,中,白,1593881262,0,a8a191d,34990502829359107,牛顿：别拦着老子，老子要跳出去用腐朽的声音喊出，什么？这是超炮，那没事了
402.52,普通弹幕,中,蓝,1593881180,0,6c8f10cb,34990459860811781,补10岁的番
31.902,普通弹幕,中,白,1593878832,0,3c722ab8,34989228729303047,1111
806.201,普通弹幕,中,黄,1593878523,0,c08e04fb,34989066646192135,大老师！！！
715.216,底部弹幕,中,白,1593877191,0,f225c59b,34988368150396933,二乔的饭馆？
1327.534,底部弹幕,中,白,1593877105,0,3303682,34988323286024195,上一个无敌的已经被新世界重置了（刀子）、
469.125,底部弹幕,中,黄,1593877077,0,f225c59b,34988308599144451,摄晚八桌懂？
553.942,底部弹幕,中,白,1593876204,0,3303682,34987850699112453,夭寿啦！狙击手玩近战啦！
1487.269,普通弹幕,中,白,1593875309,0,77988355,34987381499101189,多好听的歌
558.219,普通弹幕,中,黄,1593875281,0,99d3fa5d,34987366946439173,狙击手今晚和梁非凡一桌！
1377.143,普通弹幕,中,黄,1593875114,0,dc4c0af3,34987279387197445,种豆得瓜，照在这大腚上
1259.896,普通弹幕,中,黄,1593874938,0,dc4c0af3,34987186923765763,真实
177.22,普通弹幕,中,黄,1593874881,0,99d3fa5d,34987157268987909,狙击手输血去了
1091.925,普通弹幕,中,白,1593874749,0,dc4c0af3,34987088173596677,劫————犯————
926.737,普通弹幕,中,白,1593874611,0,dc4c0af3,34987015634681863,呱——————太——————
1454.484,普通弹幕,中,白,1593874162,0,db82d3c3,34986780357296133,好有年代感
332.905,普通弹幕,中,白,1593872413,0,db82d3c3,34985863515471875,私立a
1302.257,普通弹幕,中,红,1593872240,0,651827b4,34985772804734983,这不比博人传热血？
483.91,普通弹幕,中,黄,1593872067,0,47cde257,34985681758453767,很好很好很好
252.42,普通弹幕,中,白,1593871256,0,cdbd2031,34985256825126915,男主是某个呱姓男子
29.905,普通弹幕,中,白,1593870990,0,eabd5cd5,34985117238689799,危险
1321.229,普通弹幕,中,白,1593870172,0,d0877cbb,34984688244228099,安全的城市
234.619,底部弹幕,中,红,1593869681,0,e302b47e,34984430908997639,精准降落
359.63,普通弹幕,中,白,1593868589,0,f3fdfe02,34983858416386115,补11岁的番
153.174,普通弹幕,中,白,1593868129,0,c3a607c4,34983617421639685,姐姐大人！
1097.19,普通弹幕,中,白,1593867528,0,6e64e3,34983301961220101,夹击妹科
1391.54,普通弹幕,中,白,1593867525,0,e503283a,34983300559273991,なるほど。
515.385,普通弹幕,中,黄,1593867440,0,1a4b82a2,34983256194547715,啊这？
1283.902,普通弹幕,中,白,1593867423,0,76d30179,34983246837055555,教主：？？？
242.905,普通弹幕,中,绿,1593866061,0,b341dd40,34982533039390723,呱太抢镜
477.66,普通弹幕,中,白,1593865214,0,b5eccaed,34982088997863429,摄晚八桌
428.012,普通弹幕,中,白,1593865166,0,30cbcc2,34982063742386183,海神拉肚子
514.577,普通弹幕,中,白,1593864458,0,f130c784,34981692588425223,超速了
626.872,底部弹幕,中,白,1593864031,0,f81176ae,34981468706439171,HOP
109.195,普通弹幕,中,白,1593864005,0,b9f6a6a9,34981455262121987,亚子？
148.099,底部弹幕,中,紫,1593863989,0,f130c784,34981446485016583,梦开始的地方
508.463,底部弹幕,中,白,1593863912,0,f81176ae,34981406332420099,FASTER！！！
77.139,底部弹幕,中,紫,1593863826,0,f130c784,34981361281925123,真的安全诶
1213.9,普通弹幕,中,白,1593863457,0,6759e09f,34981167972745223,无敌的吗？？
1398.298,普通弹幕,中,白,1593863175,0,65a499c5,34981019659534341,百合百合
1269.678,普通弹幕,中,白,1593863027,0,65a499c5,34980942302412803,最强游戏币
72.899,普通弹幕,中,白,1593863009,0,bd0755a8,34980932778721287,打脸
1232.738,普通弹幕,中,白,1593862955,0,65a499c5,34980904621310019,恁死他
251.782,普通弹幕,中,白,1593862853,0,d095904f,34980851319570435,阿巴
163.841,普通弹幕,中,白,1593861894,0,e66c1532,34980348498018307,干杯
1126.838,普通弹幕,中,白,1593861618,0,65a499c5,34980203527667719,青铜x3 VS 王者
1056.098,普通弹幕,中,白,1593861493,0,65a499c5,34980138190897155,黑子是变态
7.909,普通弹幕,中,黄,1593861486,0,e8b6a97f,34980134276563013,电脑配件
1023.118,普通弹幕,中,白,1593861404,0,65a499c5,34980091565441031,泪爷好兴致
859.538,普通弹幕,中,白,1593861214,0,65a499c5,34979991760404485,黑子好可爱
946.244,普通弹幕,中,绿,1593861193,0,e5c0991,34979980554272771,呱太
800.818,普通弹幕,中,白,1593861147,0,65a499c5,34979956842823685,旁边的男生好像一脸茫然
781.038,普通弹幕,中,白,1593861106,0,65a499c5,34979935315034119,百合无限好，可惜生不了
671.398,普通弹幕,中,白,1593860912,0,65a499c5,34979833373523971,这番有男主？
1186.456,普通弹幕,中,白,1593860772,0,44d6c97b,34979760243212291,黑子的技能是瞬移一次只能带2个人
541.3,普通弹幕,中,白,1593860708,0,65a499c5,34979726695596039,掀裙子啦！
473.7,普通弹幕,中,白,1593860547,0,65a499c5,34979642127417347,挑米粒，挑米粒！
311.66,普通弹幕,中,白,1593860344,0,65a499c5,34979535732604935,穿着安全裤……emmm
331.577,普通弹幕,中,白,1593860213,0,44d6c97b,34979467191386119,看过魔禁的都知道有安全裤
276.894,普通弹幕,中,白,1593860165,0,44d6c97b,34979441991483395,一脚过去，哈哈哈哈，看过魔禁
166.927,普通弹幕,中,白,1593860137,0,e5c0991,34979426942844931,哔哩哔哩吧
141.399,普通弹幕,中,白,1593860135,0,65a499c5,34979425980776455,7级超能力
56.94,普通弹幕,中,白,1593860023,0,65a499c5,34979367365902343,超能力？
44.53,普通弹幕,中,白,1593860020,0,44d6c97b,34979365862244357,超能者在魔法面前不堪一击
34.899,普通弹幕,中,白,1593859994,0,65a499c5,34979352379654151,184万学生？
500.741,普通弹幕,中,白,1593858426,0,9627b196,34978529939030019,百合之气息
933.423,普通弹幕,中,绿,1593857998,0,ebb79a71,34978305507065861,那可是电话啊
1467.134,普通弹幕,中,白,1593857608,0,dbd2c2f4,34978101078261765,开发无人区
1338.286,普通弹幕,中,白,1593856920,0,ef0ee13d,34977740350291975,上一个无敌正在太空遨游
510.418,普通弹幕,中,白,1593855811,0,b240a6f,34977159080574979,哈哈
278.866,普通弹幕,中,白,1593855513,0,b240a6f,34977002957570055,西撒
568.652,普通弹幕,中,白,1593855404,0,bdd3fe79,34976945561141251,真好，这个梗
550.891,普通弹幕,中,白,1593855364,0,bdd3fe79,34976924521988103,在床上
544.171,普通弹幕,中,白,1593855352,0,bdd3fe79,34976918444965893,666
552.495,底部弹幕,中,红,1593853716,0,24d3659c,34976060720283651,官方突击手
679.97,普通弹幕,中,白,1593853700,0,18bdb900,34976052453834759,这个和某科学的一方通行有联系，对吧？
551.725,普通弹幕,中,白,1593853695,0,24d3659c,34976049566056451,官方突击手
1153.891,普通弹幕,中,红,1593853665,0,24e547d6,34976034125250565,柯南
207.784,普通弹幕,中,白,1593853659,0,65aeab0c,34976030797070343,这番有男主吗
389.963,普通弹幕,中,白,1593853623,0,d16cedb9,34976011766464517,不知火舞
606.13,普通弹幕,中,白,1593853604,0,18bdb900,34976001862139911,黑的
214.359,普通弹幕,中,白,1593853234,0,e21674ab,34975808082673671,哔哩哔哩( ゜ -゜)つロ 乾杯~
582.957,普通弹幕,中,白,1593852643,0,2e0b7503,34975497935388679,qiqi
481.918,普通弹幕,中,白,1593851771,0,bb6907e9,34975040873693191,高能
469.309,普通弹幕,中,白,1593851685,0,bb6907e9,34974996031340549,名场面
44.968,普通弹幕,中,白,1593851619,0,bb6907e9,34974961262133315,回来考古了
1128.657,普通弹幕,中,黄,1593850962,0,3e2283bf,34974616691671047,黄金精神
68.065,普通弹幕,中,白,1593850562,0,9a1da3f5,34974407010549765,翻车现场
272.159,普通弹幕,中,红,1593850190,0,fa9e5c5d,34974211870031877,贩卖机危
773.194,普通弹幕,中,白,1593849534,0,80cf1b32,34973868254298117,百合吗？？？！！！
512.929,底部弹幕,中,黄,1593848741,0,bca0ec6d,34973452332433413,车门已焊死
389.649,底部弹幕,中,红,1593848612,0,bca0ec6d,34973384608055301,竟然是不知好歹
84.115,普通弹幕,中,白,1593848465,0,3e6dd3b7,34973307762638855,乾杯
397.02,普通弹幕,中,白,1593848383,0,c618afc9,34973264403496965,补3岁的番
147.44,普通弹幕,中,白,1593847521,0,80cf1b32,34972812839485443,正片开始
855.709,普通弹幕,中,白,1593846987,0,362551fb,34972532956200963,好听吗好听就是好头
1305.764,普通弹幕,中,紫,1593846479,0,f29641b1,34972266481057799,上一个无敌的已经在带娃了
1238.444,普通弹幕,中,紫,1593846399,0,f29641b1,34972224629768199,劫~~~匪~~~
70.334,普通弹幕,中,白,1593845359,0,6fec9012,34971679463571463,民风淳朴
1249.566,普通弹幕,中,白,1593844999,0,d88025b1,34971490586722311,绝了
158.732,普通弹幕,中,白,1593844210,0,39eaec92,34971076810768389,bilibili！！
463.51,普通弹幕,中,白,1593842978,0,8c0f0ddd,34970431008538631,优点
1279.78,普通弹幕,中,白,1593842056,0,1a29759e,34969947420491781,明示投币
1414.433,普通弹幕,中,白,1593841782,0,27486403,34969803939119109,大爷在第几集
1116.118,普通弹幕,中,红,1593840760,0,f3c76725,34969267751354371,蝎：？？？
1115.141,普通弹幕,中,白,1593840733,0,f3c76725,34969253739757575,蝎：？？？
1326.436,普通弹幕,中,白,1593840350,0,c3cc04da,34969053061185543,斯阔以
943.583,普通弹幕,中,白,1593840223,0,e50b209f,34968986506493955,梦回四月
161.134,普通弹幕,中,白,1593840139,0,f75a25b4,34968942230372357,神曲
31.83,普通弹幕,中,白,1593840066,0,1350109e,34968904345845767,rail gun!!!
235.535,普通弹幕,中,白,1593839611,0,c3cc04da,34968665525321735,09年画质可以啊
1328.277,普通弹幕,中,白,1593837269,0,fde68746,34967437903396869,上个无敌的已经在育儿了
1307.237,普通弹幕,中,白,1593837233,0,fde68746,34967418951958531,大爷带娃
602.34,底部弹幕,中,红,1593836845,0,866de056,34967215622062085,炊事班都看到了
739.233,普通弹幕,中,白,1593836682,0,a24557c0,34967129726910469,人？
804.145,普通弹幕,中,白,1593836506,0,c8b86733,34967037558128645,龙儿在这了  那么大河呢？
1474.104,普通弹幕,中,红,1593836391,0,ba18082d,34966977346797573,这比神父打碟听着舒服多了
1448.524,普通弹幕,中,红,1593836365,0,ba18082d,34966963985317893,用心做超炮，用脚做魔禁
62.347,普通弹幕,中,白,1593836046,0,1e4b8a4f,34966796426543109,基洛夫空艇
65.824,普通弹幕,中,白,1593835951,0,fde68746,34966746842005511,安全。
1386.446,普通弹幕,中,白,1593835892,0,ea0b15c9,34966715959345157,正道の光が大地を照らした.
378.05,普通弹幕,中,白,1593835684,0,b0fa1b56,34966606938898437,无人区?
1257.086,普通弹幕,中,白,1593833208,0,40390874,34965308721594373,强行解说
1008.937,普通弹幕,中,白,1593832955,0,40390874,34965176009097221,原形毕露
110.112,普通弹幕,中,白,1593832626,0,75903e71,34965003463294981,贝蒂？
509.908,普通弹幕,中,白,1593832441,0,40390874,34964906358341637,啊这
1275.771,普通弹幕,中,白,1593830913,0,ac0a21f2,34964105515237381,解说指导：史比特瓦根
298.588,普通弹幕,中,白,1593829501,0,c7f2cf7b,34963364983078917,。。。
57.064,普通弹幕,中,绿,1593828219,0,9c4f00d5,34962692788191239,哈哈哈
1398.197,普通弹幕,中,白,1593827127,0,9020406,34962120519974917,正道的光，洒在了大地上
947.394,普通弹幕,中,白,1593826652,0,9020406,34961871164407815,打脸
916.479,普通弹幕,中,白,1593826624,0,9020406,34961856657883141,呱太
799.752,普通弹幕,中,白,1593826563,0,cd3a8c,34961824667926533,QAQ
766.469,普通弹幕,中,白,1593826450,0,9020406,34961765493637127,百合？
1275.202,底部弹幕,中,红,1593826356,0,ea347718,34961716020772871,这次一定
638.347,普通弹幕,中,白,1593826322,0,9020406,34961698313994245,好运来
1247.446,底部弹幕,中,红,1593826303,0,ea347718,34961688227741699,劫——匪——
1246.184,普通弹幕,中,白,1593826275,0,ea347718,34961673790423043,匪徒
488.174,普通弹幕,中,白,1593826159,0,9020406,34961612888080391,天堂
1387.876,底部弹幕,中,白,1593825180,0,7c3be66d,34961099622711299,正道の光が大地に降り注いだ。
1124.896,普通弹幕,中,白,1593824849,0,7c3be66d,34960926209736707,跑啊
836.154,普通弹幕,中,白,1593824000,0,d4a533cb,34960480990134279,脸红个泡泡茶壶
1242.285,普通弹幕,中,红,1593822243,0,6ba4a15b,34959559515176965,热心市民 御坂美琴
1078.185,普通弹幕,中,红,1593822067,0,6ba4a15b,34959467640520709,劫匪 危
1390.566,普通弹幕,中,白,1593821428,0,2c90808d,34959132308013063,哈哈哈
1316.607,普通弹幕,中,白,1593821387,0,f67ecc0e,34959111150370819,安全裤，淦
386.685,普通弹幕,中,红,1593821055,0,6ba4a15b,34958936897486855,补三岁时的番
885.161,普通弹幕,中,白,1593821051,0,b4b37da6,34958934704914435,哈哈
106.038,底部弹幕,中,红,1593820741,0,6ba4a15b,34958772062912517,安            全
529.04,普通弹幕,中,红,1593820167,0,827fae58,34958471531069447,男，男的！
1059.096,普通弹幕,中,红,1593817124,0,259a4516,34956875826462725,哈哈哈哈哈
1411.774,普通弹幕,中,白,1593810320,0,e93f874e,34953308460810243,红红火火恍恍惚惚
40.382,普通弹幕,中,白,1593806837,0,67953607,34951482454310915,真会挑人
154.54,普通弹幕,中,白,1593797642,0,f1cefcfb,34946661916606471,回来听一听OP
641.457,普通弹幕,中,白,1593795150,0,9ff7c139,34945355461165061,kon
163.287,普通弹幕,中,白,1593794695,0,b36e8323,34945116716138501,神曲开始了
1504.658,普通弹幕,中,白,1593792743,0,ea6b4352,34944093046439939,没有蛋蛋
462.814,普通弹幕,中,白,1593792116,0,ab37bd6a,34943764645543939,明示投币
631.52,普通弹幕,中,白,1593791473,0,2f1da3f9,34943427527835651,老子也是LV4
22.319,普通弹幕,中,白,1593791421,0,f3b8dd6d,34943400083980291,万恶之源
155.812,普通弹幕,中,白,1593790866,0,9793ed5c,34943109110431751,贝蒂声优和黑子是同一个人
172.319,底部弹幕,中,红,1593790167,0,48bc370b,34942742467969031,哔哩哔哩 (゜-゜)つロ 干杯~
492.216,普通弹幕,中,白,1593789838,0,e073d8f1,34942570419191813,嘿嘿嘿
954.849,底部弹幕,中,红,1593789568,0,43357c60,34942428454060039,科普一下，灼眼的夏娜和超炮都是节操社的佳作（那时候的节操社还有节操），具体可以找魔禁OVA
68.18,普通弹幕,中,青,1593787292,0,f739010,34941235468173319,爱一方通行
1303.134,底部弹幕,中,粉,1593786819,0,1bab4272,34940987251359747,常盘庄吾？
26.258,普通弹幕,中,白,1593786756,0,b84eedbb,34940954088046595,哈瓦那辣椒菠萝汁
451.815,底部弹幕,中,白,1593786576,0,66ec20a0,34940859726168067,APCR实锤了
1185.662,普通弹幕,中,白,1593786159,0,11187f83,34940641564688391,高危
158.42,普通弹幕,中,白,1593786080,0,11187f83,34940600103469059,站歌
157.299,普通弹幕,中,白,1593786071,0,11187f83,34940595103858755,乾杯
155.179,普通弹幕,中,白,1593786066,0,11187f83,34940592724115463,乾杯
153.979,普通弹幕,中,白,1593786062,0,11187f83,34940590521581571,哔哩哔哩乾杯
76.979,普通弹幕,中,白,1593785977,0,11187f83,34940545892614147,真安全
1326.04,普通弹幕,中,白,1593785416,0,9970c887,34940251896545283,好帅好帅好帅好帅
618.18,普通弹幕,中,白,1593785235,0,1bab4272,34940156828975111,猛男该看的番
1482.922,普通弹幕,中,白,1593784944,0,4b98d77b,34940004445716487,黑子一见美琴误终身
644.49,普通弹幕,中,白,1593784508,0,76d9538c,34939775943704581,辣妹儿
1322.345,普通弹幕,中,白,1593784474,0,9a0a550d,34939757694812163,破坏公路
552.306,普通弹幕,中,白,1593784397,0,76d9538c,34939717602508803,泪夜
471.062,普通弹幕,中,白,1593784137,0,6b2844eb,34939581501014083,摄影师饿死了，因为碗里面全是鸡腿没有饭
924.009,普通弹幕,中,白,1593783896,0,e073f7fb,34939454893850631,这个妹妹的配音和RE从零里面的精灵的妹妹一样......
366.582,普通弹幕,中,白,1593783701,0,a0f1e111,34939352556503047,补3岁的番
300.122,普通弹幕,中,白,1593783691,0,6885df89,34939347381780487,戴立克！！！！！
371.42,普通弹幕,中,白,1593782373,0,883127d6,34938656181977093,疯狂暴露年龄
749.801,普通弹幕,中,白,1593781875,0,1ba4e6f0,34938395272675333,前方高能！
655.158,普通弹幕,中,白,1593781742,0,d4f39a12,34938325323743239,教主呢
176.582,普通弹幕,中,白,1593781330,0,d4f39a12,34938109436624899,太棒了，终于不是神父打碟了。。。
729.62,普通弹幕,中,白,1593781298,0,3980fbe8,34938092577619973,现在是175个人啦
1357.141,普通弹幕,中,白,1593780372,0,c13d022,34937607426670597,7906.7
1193.298,普通弹幕,中,白,1593779799,0,c13d022,34937306940440579,佩恩表示很淦
586.918,普通弹幕,中,白,1593778869,0,107dff55,34936819185352711,素质评定
1400.366,普通弹幕,中,白,1593777786,0,248ab21d,34936251720138759,正しい光が大地を照らしている.
1320.953,底部弹幕,中,黄,1593777629,0,602271a,34936169247014919,02头上也带过这个
554.788,普通弹幕,中,白,1593777139,0,ea2b0ea7,34935912142471175,宁母
532.238,普通弹幕,中,黄,1593777116,0,ea2b0ea7,34935900294086659,？！？！
586.126,底部弹幕,中,黄,1593776778,0,602271a,34935723234689027,秧歌啥
189.356,普通弹幕,中,白,1593775832,0,8087f699,34935227117731843,这音乐出处在这里呀
187.795,底部弹幕,中,红,1593775807,0,77810cb,34935214113292293,众所周知100年后有哆啦A梦
69.41,普通弹幕,中,白,1593775663,0,77810cb,34935138163359749,众所周知100年后有哆啦A梦
1302.1,普通弹幕,中,白,1593773513,0,ffd66480,34934011385610247,没打个对穿？
651.684,普通弹幕,中,白,1593772784,0,71bb7c52,34933628751314949,这是蓝光版，画质当然好了
1019.214,普通弹幕,中,白,1593772685,0,3ecdf4cd,34933577028730885,失去梦想的炮姐
1346.967,普通弹幕,中,白,1593771739,0,dc46506b,34933081092128771,真好看！
1358.761,普通弹幕,中,白,1593770727,0,2ccb8291,34932550401523717,上一个无敌的人已经在宇宙了
454.187,普通弹幕,中,红,1593770533,0,65c622de,34932448616775685,对，没错，88L71
765.737,普通弹幕,中,白,1593769768,0,ffd66480,34932047713665027,约战联动时在这方面跟折纸好好的交流了一下
1243.014,底部弹幕,中,红,1593769726,0,4999db13,34932025880215555,危 劫匪 危
1222.107,普通弹幕,中,黄,1593769695,0,4999db13,34932009378775047,乔纳森的考哥累了
677.968,普通弹幕,中,白,1593769087,0,a5e0068a,34931690656235525,没男主吗
609.361,普通弹幕,中,白,1593768736,0,a10aad8,34931506594971653,LV6：泪爷----看剧本，上升气流
889.99,普通弹幕,中,白,1593767860,0,a19fb867,34931047179747331,这是百合?
932.743,普通弹幕,中,红,1593767534,0,8f17e05b,34930876742631429,哪都有呱太
375.468,普通弹幕,中,白,1593767526,0,f6bc5d61,34930872268881925,补55岁的番
769.078,普通弹幕,中,红,1593767360,0,8f17e05b,34930785469333507,名场面
767.186,普通弹幕,中,白,1593767351,0,8f17e05b,34930780674719749,名场面
1193.57,普通弹幕,中,白,1593767196,0,695877fd,34930699453595653,那个说掠夺的去看夏洛特吧
1186.01,普通弹幕,中,白,1593767166,0,695877fd,34930683439742981,宇智波止水
1171.47,普通弹幕,中,白,1593767129,0,695877fd,34930663913684995,艾斯
317.075,普通弹幕,中,白,1593766373,0,8867fe68,34930267630600195,万恶的安全裤
339.14,普通弹幕,中,白,1593765854,0,695877fd,34929995611111495,没男的嘛
174.312,普通弹幕,中,白,1593765561,0,1f217c1c,34929841981620227,2岁的番
26.263,普通弹幕,中,白,1593764448,0,74dd7d5,34929258547118083,哟西！
265.14,普通弹幕,中,白,1593764151,0,18d889b3,34929102724005895,夹汁妹脱
211.971,普通弹幕,中,白,1593764098,0,18d889b3,34929074854952963,每天亿遍
1242.296,普通弹幕,中,白,1593763611,0,54ab12fb,34928819653574661,劫————————匪——————————
1435.117,普通弹幕,中,白,1593763542,0,4c4c055a,34928783261171719,爹~妈~飞
1115.387,普通弹幕,中,白,1593763466,0,54ab12fb,34928743579910147,劫匪快跑
629.608,普通弹幕,中,白,1593762806,0,92da9126,34928397838712835,例如零之使魔
465.851,普通弹幕,中,白,1593761035,0,c9c2ef6c,34927469166854147,前方高能
1308.669,底部弹幕,中,粉,1593759204,0,32e53833,34926509150437381,教主在游戏里是科学侧的
857.623,普通弹幕,中,黑,1593758592,0,f82ff7c6,34926188505858051,好听就是好头
156.158,普通弹幕,中,白,1593758145,0,eccca3c4,34925953742798855,哔哩哔哩  乾杯！
517.578,普通弹幕,中,黄,1593758130,0,f82ff7c6,34925946257539075,一jio踹出车门
486.764,普通弹幕,中,黄,1593758056,0,f82ff7c6,34925907160334339,呦吼吼
462.381,普通弹幕,中,白,1593757740,0,159e1726,34925741365788675,嘿嘿嘿嘿嘿
1057.706,底部弹幕,中,红,1593754760,0,51a8ec0f,34924179212468229,拈nian花惹草
177.83,底部弹幕,中,蓝,1593754572,0,9be7d94b,34924080655761415,哔哩哔哩 - ( ゜- ゜)つロ 乾杯~
241.324,普通弹幕,中,白,1593754541,0,3b5f2882,34924064515031047,不一拳超人的是个云吧，在这个世界里比女主强的多的多，比如男主上条当麻，断手后拥有一击爆星的实力
1006.338,普通弹幕,中,白,1593753669,0,6e0e4c08,34923607356342275,原形毕露
255.302,普通弹幕,中,白,1593753384,0,e73e0a83,34923457780121603,魔禁期待第四季
1077.761,普通弹幕,中,红,1593752980,0,2025bd5f,34923245894369283,危      劫匪      危
1002.475,普通弹幕,中,白,1593752875,0,2025bd5f,34923190842032133,此时一喝Lv5失去了梦想
42.94,普通弹幕,中,白,1593750826,0,d137c38e,34922116895735813,七重岛?!
15.652,普通弹幕,中,白,1593750503,0,dd837bae,34921947292762117,hhh
197.892,普通弹幕,中,红,1593750053,0,ef54997,34921711474311171,哔哩哔哩bilibili
440.792,普通弹幕,中,白,1593749941,0,51d953f2,34921652656013317,男主好像就出来几次
987.161,普通弹幕,中,白,1593749916,0,d41d6ce8,34921639704526853,此乃谎言
224.599,普通弹幕,中,白,1593749652,0,32e53833,34921501034545157,没男主
1246.053,普通弹幕,中,白,1593748480,0,eb86c22a,34920886648176647,劫匪，下辈子注意点
701.401,普通弹幕,中,白,1593747452,0,b7a4f16e,34920347686928391,那么
111.76,普通弹幕,中,白,1593747126,0,58217b51,34920176957784069,有点像贝蒂啊声音
1060.964,普通弹幕,中,橙,1593745466,0,9eb2f971,34919306344529923,百合花开
782.038,普通弹幕,中,橙,1593745266,0,9eb2f971,34919201559281669,大橘已定无可挽回
549.796,普通弹幕,中,黄,1593745078,0,9eb2f971,34919103019876355,动作指导：黑羽快斗
279.823,普通弹幕,中,白,1593744882,0,9eb2f971,34919000440832003,万恶的安全裤
680.504,普通弹幕,中,白,1593744032,0,8045d84a,34918554900365315,剧本拿错了o
944.245,普通弹幕,中,白,1593743993,0,fd009751,34918534203572229,呱太
69.74,普通弹幕,中,红,1593743496,0,d8ca0bc2,34918273486684167,好——安全——啊！
56.7,普通弹幕,中,红,1593743460,0,d8ca0bc2,34918254958870535,钞能力！！！！！！！！！！！！！
78.486,底部弹幕,中,红,1593742013,0,d41d6ce8,34917495904665605,真＊＊安全
567.827,普通弹幕,中,白,1593741313,0,d7fa0fc0,34917128935571459,哈哈，快斗行为
156.677,普通弹幕,中,白,1593740967,0,d7fa0fc0,34916947802980355,好听
730.699,普通弹幕,中,白,1593738620,0,230067cf,34915717092999175,满脸写着无敌。
64.82,普通弹幕,中,白,1593737869,0,57c888d1,34915323413004293,有线麦克
83.177,普通弹幕,中,白,1593736916,0,932cd672,34914824002994181,欧尼桑～
281.957,普通弹幕,中,白,1593736594,0,fd36ae4b,34914655231541255,swa...........
1198.332,普通弹幕,中,白,1593733813,0,52a2b6ce,34913196931809285,补刀好评
477.39,普通弹幕,中,白,1593729536,0,5e3d5910,34910954623336455,万恶的窗户！！
1360.03,普通弹幕,中,白,1593714622,0,d067275f,34903135444533251,人生导师
175.058,普通弹幕,中,粉,1593713624,0,593af570,34902612120174599,哔哩哔哩哔哩哔哩哔哩哔哩哔哩哔哩哔哩哔哩哔哩哔哩
37.141,普通弹幕,中,白,1593711955,0,641eea0f,34901737001189381,哈哈哈
32.285,普通弹幕,中,白,1593711950,0,641eea0f,34901734496141319,哈哈
56.18,普通弹幕,中,白,1593711771,0,c2e31e57,34901640718843907,吟唱
547.519,底部弹幕,中,蓝,1593711341,0,4bc37c8e,34901414952042503,斗子直呼内行
494.363,普通弹幕,中,白,1593706233,0,c1ebda04,34898737072439303,还有心理掌控  食蜂操祈
1119.702,普通弹幕,中,白,1593706012,0,611228d4,34898621343203335,晓组织成员
1081.351,普通弹幕,中,白,1593705197,0,31b6a7d1,34898193901682691,报告没穿！
535.914,普通弹幕,中,白,1593705008,0,2cdec2f7,34898095125299207,头上长花
21.575,普通弹幕,中,白,1593704637,0,611228d4,34897900222808071,好家伙，上来就送人头
463.58,普通弹幕,中,白,1593704169,0,c5c4be04,34897654945677317,天堂
483.052,普通弹幕,中,红,1593703645,0,db439d89,34897380357177351,是，这是天堂
43.776,底部弹幕,中,白,1593702239,0,6462f4a6,34896643078225925,现在懂了真的是座实验都市
434.349,普通弹幕,中,粉,1593701918,0,55677fb4,34896474523303941,负1岁的番
692.083,普通弹幕,中,黄,1593700920,0,79e986e9,34895951839625223,阿伟
658.9,普通弹幕,中,黄,1593700898,0,79e986e9,34895939903684615,阿伟出来走流程
1354.28,普通弹幕,中,白,1593700878,0,965660ac,34895929371787271,上一人无敌的已经秃头了
84.98,普通弹幕,中,黄,1593700708,0,307314bd,34895840232341507,挺安全的
1195.337,普通弹幕,中,白,1593700432,0,239bbdf2,34895695451258885,节操社巅峰打斗
1276.168,普通弹幕,中,白,1593699743,0,854ba3c6,34895334256672773,劫匪危!!!
177.109,普通弹幕,中,白,1593699348,0,ecf8b67e,34895127287693315,哔哩哔哩 - ( ゜- ゜ )つロ 乾杯~
1454.143,普通弹幕,中,白,1593699266,0,7ecb9f4,34895084255182851,看条识蛋
1349.822,普通弹幕,中,白,1593699107,0,7ecb9f4,34895001212157959,LV3谢谢您的肯定
616.42,普通弹幕,中,白,1593698973,0,cbb543b0,34894930785599491,众所周知，教主是最弱的LV0
1365.971,普通弹幕,中,白,1593698758,0,71e062aa,34894817967734789,啧啧
200.586,普通弹幕,中,白,1593698509,0,cbb543b0,34894687609290759,活在OP里的教主
155.32,普通弹幕,中,白,1593698468,0,cbb543b0,34894666160144387,开始，正片
70.82,普通弹幕,中,白,1593698364,0,cbb543b0,34894611595395075,光速打脸
31.2,普通弹幕,中,白,1593698321,0,cbb543b0,34894588754788355,众所周知，在都市学园的小混混，大多都是高危职业
1010.222,普通弹幕,小,红,1593697047,0,447d5aae,34893920918306821,傲娇毁一生
876.89,普通弹幕,中,白,1593696874,0,32b10cf8,34893830407323651,这个车这个车这个车！
176.791,普通弹幕,中,白,1593696031,0,32b10cf8,34893388408422407,安全裤
290.657,普通弹幕,中,白,1593695932,0,9eb2f971,34893336287379463,安全裤？？！！
342.577,普通弹幕,中,红,1593695671,0,447d5aae,34893199669985285,一般女生穿内衣是配套的
0.0,底部弹幕,中,红,1593695663,0,3fabba91,34893195479875591,梦开始的地方
1353.617,普通弹幕,中,白,1593694740,0,abd3f206,34892711611334663,这是新井里美配的音，她也配贝蒂，明白了吗？
456.641,普通弹幕,中,白,1593694022,0,abd3f206,34892335251193859,万一硬币用完了该怎么办？
1325.484,底部弹幕,中,蓝,1593692982,0,7c2c49a,34891789790871559,上一个无敌已经停止了思考
481.756,普通弹幕,中,白,1593691420,0,dcd4e119,34890970630193157,瞬间传球。
71.703,普通弹幕,中,白,1593690776,0,e7e68fa2,34890633374597127,╰(◉ᾥ◉)╯✎▤
433.609,普通弹幕,中,白,1593690468,0,44034db9,34890471661633539,补8岁的番
61.673,普通弹幕,中,白,1593690296,0,c2501cd0,34890381718978567,基洛夫飞艇
276.428,普通弹幕,中,白,1593689823,0,1ed97e1d,34890133356937223,补7岁番
492.921,底部弹幕,中,红,1593689329,0,1519b5c6,34889874752405507,马赛克之国——日本
370.521,底部弹幕,中,红,1593689147,0,1519b5c6,34889779296862215,补三国的番
277.492,底部弹幕,中,红,1593688985,0,1519b5c6,34889694385799175,贩——————卖——————机——————
269.111,底部弹幕,中,红,1593688976,0,1519b5c6,34889689422364679,前方贩卖机高能
471.718,普通弹幕,中,白,1593688449,0,97268e09,34889412976836611,投了
937.678,普通弹幕,中,白,1593687894,0,60e8764b,34889121984413703,。。
1114.966,普通弹幕,中,白,1593687794,0,b23e2721,34889069853409283,蝎??!!
1249.611,普通弹幕,中,白,1593687601,0,acff03a3,34888968719826949,一群百合
530.864,普通弹幕,中,白,1593687330,0,621f1be1,34888826719567877,恭迎泪爷
1243.338,普通弹幕,中,白,1593687291,0,4fbfe01,34888805873352709,危！！！！！！！！！！！！！
1177.238,普通弹幕,中,白,1593687189,0,4fbfe01,34888752376578053,就这
662.637,普通弹幕,中,白,1593687049,0,3b6dacf,34888678939033605,男主嘞
641.706,普通弹幕,中,白,1593686645,0,40712a1d,34888467331678215,阿————————一————————
594.524,普通弹幕,中,白,1593686553,0,eb05d03f,34888419027451907,没想到这部番到处都是车车
1483.082,普通弹幕,中,白,1593686063,0,c67e49d5,34888162439856131,能力越强，裙子越短
791.978,普通弹幕,中,白,1593685946,0,1791eb93,34888100675059717,电脑配件
1242.034,普通弹幕,中,白,1593685804,0,c67e49d5,34888026655555591,危危危！！！！！！
879.674,普通弹幕,中,白,1593685417,0,c67e49d5,34887823469314053,去军火库补充弹药可还行
66.491,普通弹幕,中,白,1593685405,0,1791eb93,34887817259646979,java
857.774,普通弹幕,中,白,1593685383,0,c67e49d5,34887805605249031,所以说能力越高，裙子越短吗？
664.929,普通弹幕,中,白,1593684805,0,7119363f,34887502676361221,没有男主
363.463,普通弹幕,中,白,1593683279,0,eb86c22a,34886702329757701,补1岁的番
1310.25,普通弹幕,中,白,1593682894,0,9d4746f3,34886500934483971,失算了
1409.346,底部弹幕,中,黄,1593682804,0,134293f7,34886453647376389,啊~~~~
275.326,普通弹幕,中,绿,1593682258,0,8711e1a6,34886167571726343,哔哩哔哩 - ( ゜- ゜)つロ 乾杯~
855.969,底部弹幕,中,红,1593682141,0,134293f7,34886106195951623,好头
673.721,普通弹幕,中,白,1593681838,0,86e2e5c2,34885947302608903,泪爷唯一一次没看剧本
510.808,底部弹幕,中,黄,1593681774,0,134293f7,34885913579880453,车车车，好快的车
508.116,普通弹幕,中,黄,1593681756,0,134293f7,34885903919349765,车车车，好快的车
749.142,普通弹幕,中,白,1593681238,0,81dc81,34885632394264581,142人
364.674,普通弹幕,中,白,1593681055,0,747d133f,34885536440123397,补八岁的番
393.16,普通弹幕,中,白,1593680374,0,83e3900b,34885179342848007,婚后哈哈哈哈
1411.7,底部弹幕,中,深蓝,1593680187,0,f962e8d5,34885081720422405,正道的光，照在了大顶上
174.98,普通弹幕,中,白,1593678420,0,a34340e5,34884155089616903,这歌原来是这里的吗
1097.805,普通弹幕,中,白,1593678383,0,48e22fc7,34884135495925763,jk是有兜的
174.598,普通弹幕,中,白,1593678379,0,5e622e5e,34884133391958023,哔哩哔哩乾杯
142.693,普通弹幕,中,白,1593678286,0,5e622e5e,34884084693991429,哔哩哔哩哔哩哔哩哔哩哔哩哔哩哔哩哔哩哔哩
149.645,普通弹幕,中,白,1593678226,0,5e622e5e,34884053258207237,哔哩哔哩哔哩哔哩哔哩哔哩哔哩
148.978,普通弹幕,中,白,1593678099,0,5e622e5e,34883986907463687,哔哩哔哩哔哩
748.081,底部弹幕,中,黄,1593678010,0,f70a987a,34883940243734531,前方高能
242.957,普通弹幕,中,白,1593676735,0,152af320,34883271813758983,中文好评
1194.396,底部弹幕,中,红,1593675644,0,e880c16b,34882699609505799,佩恩直呼内行
1485.716,普通弹幕,中,白,1593674177,0,d544b4f6,34881930596974597,有人区
1297.292,普通弹幕,中,白,1593673989,0,d544b4f6,34881831846805509,暗示投币
1252.378,普通弹幕,中,白,1593673944,0,d544b4f6,34881808229203975,跑跑跑
1168.407,普通弹幕,中,白,1593673152,0,83842dfa,34881393194434567,狙击手已经没了
694.333,普通弹幕,中,红,1593672282,0,3d6fe09b,34880937223782403,西葛西什么东西
610.151,普通弹幕,中,白,1593671947,0,3d6fe09b,34880761299468291,就是预知未来吧
250.121,底部弹幕,中,红,1593671896,0,6e97629c,34880734507827207,欧尼桑吗
422.731,底部弹幕,中,蓝,1593671882,0,69b1f81c,34880727449337859,菲律宾炸鱼队？
554.83,普通弹幕,中,白,1593671836,0,83842dfa,34880703117656071,有画面了
465.998,普通弹幕,中,白,1593671747,0,83842dfa,34880656519987205,暗示投币
962.97,普通弹幕,中,白,1593671364,0,2c4bff2,34880455458160643,甚至导游
413.17,普通弹幕,中,白,1593670966,0,83842dfa,34880247086186499,补一岁时候的番
361.866,普通弹幕,中,白,1593670915,0,83842dfa,34880220196503559,蟹蟹提示
336.97,普通弹幕,中,白,1593670890,0,83842dfa,34880207135965189,狙击手睡着了。
898.873,普通弹幕,中,白,1593670345,0,7a71d417,34879921243815941,お嬢様
823.593,普通弹幕,中,白,1593670202,0,7a71d417,34879846550601731,初春飾利
1331.686,普通弹幕,中,白,1593669461,0,ec1d2e2,34879458204188677,上一个无敌的已经停止思考了
1237.766,普通弹幕,中,白,1593669355,0,ec1d2e2,34879402652729349,二乔行为
922.73,普通弹幕,中,绿,1593668504,0,e2d15763,34878956350472199,呱太
156.379,底部弹幕,中,红,1593668395,0,ebae0851,34878899063619587,哔哩哔哩哔哩哔哩哔哩哔哩
183.731,普通弹幕,中,白,1593667808,0,e2d15763,34878591585484803,再听亿遍
102.703,底部弹幕,中,红,1593664918,0,42b44c4,34877075921305607,高危职业(指混混)
51.039,底部弹幕,中,红,1593664843,0,42b44c4,34877036619628549,混混一路走好
31.219,底部弹幕,中,红,1593664497,0,42b44c4,34876855284662279,向勇士致敬！
1419.736,普通弹幕,中,黄,1593663068,0,8a3d1a74,34876106092838917,录音棚里欢乐多
733.265,普通弹幕,中,白,1593661574,0,b9b2afb2,34875322855849987,贝蒂
162.982,普通弹幕,中,青,1593658244,0,867f9864,34873577138290695,传说中的炮姐
69.26,普通弹幕,中,白,1593657383,0,4c4bbd50,34873125669175301,底特律
159.339,普通弹幕,中,白,1593656290,0,8b53f4ed,34872552837349383,哔哩哔哩-(゜-゜)つロ乾杯~ 
276.284,普通弹幕,中,白,1593652807,0,64b0d5d8,34870726478004231,金坷垃
385.342,普通弹幕,中,白,1593652591,0,5e6b696c,34870613334556679,补1岁时的番
278.612,底部弹幕,中,黄,1593649090,0,d9ac088d,34868777530687493,金坷垃！
1416.79,普通弹幕,中,白,1593646415,0,323f3197,34867375004188675,电击疗法
1389.95,普通弹幕,中,白,1593646381,0,323f3197,34867357255467013,这是纯女番吗？
502.76,普通弹幕,中,白,1593646130,0,3745dc64,34867225724190725,无人区?
466.61,普通弹幕,中,白,1593644937,0,323f3197,34866600216625159,绅士在这种情况时一般都会     睁大眼睛！
333.07,普通弹幕,中,白,1593644770,0,323f3197,34866512717676547,常磐市？？精灵宝可梦？
1090.069,底部弹幕,中,黄,1593634589,0,f4d25671,34861174974054407,夹击妹抖赛高！
752.335,普通弹幕,中,红,1593627112,0,a4d5f417,34857254854852613,苹果，买小哥买
755.726,普通弹幕,中,白,1593625126,0,801f7d88,34856213522415621,补一岁的番
1272.481,普通弹幕,中,黄,1593621909,0,738da296,34854527182045191,原来黑子和炮姐二人组的大名有很多普通人都听说过吗
1248.53,普通弹幕,中,黄,1593621749,0,738da296,34854443178000391,黑子体术也很Nb的，不仅仅是使用能力好吧
1318.078,普通弹幕,中,白,1593621555,0,cddb0b7b,34854341201887237,A柱完整，好车
1256.895,普通弹幕,中,白,1593621461,0,cddb0b7b,34854292141637637,雷影
405.88,普通弹幕,中,红,1593621288,0,738da296,34854201604440069,别乱科普
1463.778,普通弹幕,中,白,1593621121,0,bdbdb509,34854114157920263,淦？
941.76,普通弹幕,中,白,1593620548,0,6caaa745,34853813629222915,现在是四月么？
1384.474,普通弹幕,中,白,1593620040,0,a44b8c02,34853547104272387,泪子的行为让人感动就好像低收入者去捐款一样……
23.622,普通弹幕,中,红,1593619657,0,4616e486,34853346412593157,公屏们把兄弟打在危上
0.44,底部弹幕,中,黄,1593619589,0,4616e486,34853310526652419,恭喜挖到宝藏
1281.45,普通弹幕,中,白,1593618481,0,a8aa0416,34852729971015751,R.I.P.
1233.87,普通弹幕,中,白,1593618424,0,a8aa0416,34852699781464071,小混混 危
151.286,普通弹幕,中,白,1593617450,0,b8905326,34852189415407621,哔哩哔哩( ゜- ゜)つロ 乾杯
1328.848,普通弹幕,中,白,1593617324,0,5b98e10,34852123149598727,宫本：就这？？？
1249.328,普通弹幕,中,白,1593617230,0,5b98e10,34852073692987395,逝者安息，一路走好
1129.528,普通弹幕,中,白,1593617088,0,5b98e10,34851999568625669,劫匪危
337.529,普通弹幕,中,白,1593616998,0,b964589a,34851952352821251,身体检查
990.308,普通弹幕,中,白,1593616941,0,5b98e10,34851922248728579,激动的心，颤抖的手
782.345,普通弹幕,中,白,1593616659,0,5b98e10,34851774542643207,同学们把问号打在公屏上
728.928,底部弹幕,中,红,1593616347,0,b77bbbc4,34851610870939655,因为都是一个声优。。。
509.36,普通弹幕,中,黄,1593615856,0,5b98e10,34851353686179847,车车，好快的车车
417.5,普通弹幕,中,红,1593615723,0,5b98e10,34851283965313027,小场面，不要方
276.976,普通弹幕,中,红,1593615484,0,5b98e10,34851158727589895,贩卖机危
156.982,普通弹幕,中,红,1593615363,0,b8905326,34851095308664839,站歌起
26.925,普通弹幕,中,白,1593615211,0,5b98e10,34851015612694535,混混快跑
693.673,普通弹幕,中,白,1593614899,0,6af3252d,34850851780034563,L7看剧本
556.206,底部弹幕,中,红,1593614853,0,b77bbbc4,34850827679039495,泪爷竟然穿上了校服！！！
1307.863,普通弹幕,中,白,1593614222,0,568ce643,34850496975994885,平角裤！平角裤！
1175.004,普通弹幕,中,白,1593614080,0,568ce643,34850422383968263,动作指导：草薙京
451.499,底部弹幕,中,白,1593613203,0,50285053,34849962347986951,日本人类歼击车
150.9,普通弹幕,中,白,1593611740,0,49c38806,34849195603001351,233
1113.24,底部弹幕,中,红,1593611365,0,d6ead99a,34848999173783559,蝎？
434.586,普通弹幕,中,白,1593611104,0,81b112a6,34848861995401221,没男主吗？
75.812,普通弹幕,中,黄,1593609937,0,77d7e65e,34848250097827847,这腿
48.259,普通弹幕,中,红,1593609786,0,24ed8455,34848171005837315,基洛夫空艇
997.389,普通弹幕,中,白,1593609647,0,fa9e5c5d,34848098253012997,此时一位LV5失去了梦想
398.941,普通弹幕,中,白,1593609170,0,a4ee49f3,34847848084275207,补3岁的番
1395.274,普通弹幕,中,白,1593608586,0,c48b56dc,34847542171140103,正しい光が大地を照らした
1296.974,普通弹幕,中,白,1593608413,0,c48b56dc,34847451028914181,下辈子注意点
1070.574,普通弹幕,中,白,1593608178,0,c48b56dc,34847328019415045,热心市民上线
440.468,普通弹幕,中,白,1593607792,0,62eb91e,34847125689335811,补4岁的番
1404.691,普通弹幕,中,白,1593606925,0,59ed5fab,34846671116435463,正道的光---------照在了大地上
1256.828,普通弹幕,中,白,1593606777,0,59ed5fab,34846593594163203,危危危危危
1326.364,普通弹幕,中,白,1593606653,0,6962831b,34846528670007301,上一个无敌的己经失去了思考
242.043,普通弹幕,中,白,1593606636,0,1bc2636,34846519795384327,前方高能
550.47,普通弹幕,中,白,1593606098,0,59ed5fab,34846237774053379,哇哦
358.942,普通弹幕,中,白,1593605907,0,59ed5fab,34846137369755655,啊这
286.589,普通弹幕,中,白,1593605835,0,59ed5fab,34846099429654535,危！
23.219,普通弹幕,中,白,1593605781,0,ccf37f5b,34846071244455939,噔噔咚
154.973,普通弹幕,中,白,1593605714,0,59ed5fab,34846036362002435,这BGM
132.062,普通弹幕,中,白,1593605691,0,59ed5fab,34846024345845763,啊这
