视频内弹幕出现时间,弹幕类型,弹幕字号,弹幕颜色,弹幕发送时间,弹幕池类型,发送者UID的HASH,弹幕dmID,弹幕内容
1284.678,普通弹幕,中,白,1597765895,0,560400fa,37027169346519043,木原一族：万鼠之巅？（无关心）
146.72,普通弹幕,中,白,1597765512,0,ae3ac8a,37026968189796355,看裤识人
629.197,普通弹幕,中,白,1597765002,0,de9b9783,37026701133217795,放屁，那是hop
575.198,普通弹幕,中,黄,1597764972,0,9ecb7561,37026685347954693,俺也想看
21.007,普通弹幕,中,白,1597764515,0,fd943b45,37026445623033859,妙啊
1233.137,底部弹幕,中,红,1597764473,0,2c9406df,37026423594549255,大乔的声优也是辛苦的，一边演着绅士，一边点着混混【狗头】
1215.478,普通弹幕,中,白,1597763943,0,4852e49e,37026145893875715,水门直呼内行
1246.215,普通弹幕,中,白,1597763704,0,d2e13689,37026020595859463,一路走好
219.559,普通弹幕,中,白,1597763517,0,a57e6c73,37025922636316677,哔哩哔哩
624.143,普通弹幕,中,白,1597763400,0,6acffe9,37025860924997637,泪爷谦虚了
121.9,普通弹幕,中,白,1597763392,0,9daa5f92,37025856750092295,结衣？
169.412,普通弹幕,中,白,1597763081,0,2f2b895d,37025693646716933,bilibili- ( ゜- ゜)つロ 乾杯~
164.435,普通弹幕,中,白,1597762905,0,8cdd718,37025601367310341,不许跳
128.086,普通弹幕,中,白,1597762325,0,89d70897,37025297548181509, 好长的反应弧
942.74,普通弹幕,中,白,1597761608,0,e32b2c8a,37024921442844677,御坂境泽
154.98,底部弹幕,中,蓝,1597761554,0,f40729b0,37024893487808519,哔哩哔哩（゜-゜)つロ 乾杯～～
153.619,底部弹幕,中,蓝,1597761550,0,f40729b0,37024891390132229,哔哩哔哩（゜-゜)つロ 乾杯～～
113.234,底部弹幕,中,粉,1597761537,0,85b9a3c5,37024884424966149,贝蒂！！！！！！！！！！！！！！！！！！（确信）
138.1,底部弹幕,中,蓝,1597761531,0,f40729b0,37024881022861317,哔哩哔哩（゜-゜)つロ 少女
1306.757,底部弹幕,中,红,1597761481,0,91a3780c,37024854997204995,不过如此
76.22,底部弹幕,中,蓝,1597761459,0,f40729b0,37024843617533955,神特喵最安全
40.86,底部弹幕,中,蓝,1597761415,0,f40729b0,37024820182384645,灰常安全的城市哈哈哈哈
16.46,底部弹幕,中,蓝,1597761375,0,f40729b0,37024799415861253,哔哩哔哩（゜-゜)つロ 乾杯～～
1358.868,底部弹幕,中,绿,1597761313,0,6cb47c1c,37024766923112455,搭嘎  口头哇路!
1089.477,底部弹幕,中,红,1597761257,0,91a3780c,37024737556168709,安全
661.665,普通弹幕,中,白,1597761135,0,dbd370da,37024673410056195,有男主吗？
231.17,普通弹幕,中,白,1597760315,0,adc94460,37024243425738759,经典！
23.371,普通弹幕,中,白,1597759886,0,d7bec7f6,37024018760466437,怪物
173.203,普通弹幕,中,白,1597759657,0,c65383a7,37023898652377095,神父下岗了???
776.758,普通弹幕,中,橙,1597759027,0,739f9050,37023568239263749,电脑配件
256.84,普通弹幕,中,白,1597758676,0,b1f37e9e,37023384212602885,猜测是啥
174.44,普通弹幕,中,白,1597758399,0,1cefd8ed,37023238979059717,阿部望（首席电焊工）
47.705,普通弹幕,中,蓝,1597758291,0,974e0b4f,37023182660042757,科学的力量好厉害哦！
692.751,普通弹幕,中,白,1597758243,0,39e01f0e,37023157130887173,袭击妈妈~锁孔看她~咳，走错了
1182.954,底部弹幕,中,粉,1597758010,0,11c1dbe2,37023035114389509,黑子好帅！
1085.614,底部弹幕,中,粉,1597757906,0,11c1dbe2,37022980478337031,黑子小天使好帅！
946.851,普通弹幕,中,白,1597757753,0,915add,37022900472512515,某科学的光速打脸
999.743,底部弹幕,中,红,1597757385,0,cc1da006,37022707443826691,这个戴眼镜的男的好帅
203.004,普通弹幕,中,白,1597757002,0,c000a6d1,37022506920443907,哔哩哔哩-(゜-゜)つロ乾杯~
629.7,普通弹幕,中,白,1597756857,0,10eede77,37022430463000581,bgm：hop
318.883,底部弹幕,中,红,1597756683,0,cc1da006,37022339513188359,狙击手自己退役，老子首都的都看见了
1080.041,普通弹幕,中,白,1597756667,0,ca7c5726,37022331245166597,八个蛋串场
1344.11,普通弹幕,中,白,1597756655,0,69492fa1,37022324545814535,上一个无敌已经秃头了
1076.393,底部弹幕,中,红,1597756436,0,bb9baa9e,37022209756102661,危危危危危
1062.911,底部弹幕,中,蓝,1597756395,0,bb9baa9e,37022188474728451,姐控确定
871.849,底部弹幕,中,红,1597756182,0,bb9baa9e,37022076708061191,梅开二度
861.524,普通弹幕,中,红,1597756160,0,bb9baa9e,37022065086693383,梅开二度
661.877,底部弹幕,中,黄,1597755974,0,a3720cea,37021967652487175,这性格好像茵蒂克斯
195.395,普通弹幕,中,白,1597755010,0,7869fa1,37021462073704453,哔哩哔哩 - ( ゜- ゜)つロ 乾杯~
1393.113,底部弹幕,中,绿,1597754778,0,3cbfc1be,37021340664856583,上上上上上个已经被黑虎掏心了
1370.553,底部弹幕,中,绿,1597754740,0,3cbfc1be,37021320837857285,上上个无敌的已经秃了
42.477,底部弹幕,中,红,1597754526,0,7aa5541b,37021208307302407,史莱克学院。
238.996,普通弹幕,中,白,1597754256,0,c6d77dc3,37021067040522247,哔哩哔哩(゜-゜)つロ乾杯~-bilibili
1063.567,普通弹幕,中,白,1597754132,0,10071d0,37021002187145223,姐控确定
1057.926,普通弹幕,中,白,1597754126,0,10071d0,37020998592626695,姐控确定
1394.857,普通弹幕,中,白,1597754089,0,bcac1ca0,37020979275235335,上一个无敌的已经停止思考。
790.52,普通弹幕,中,白,1597754083,0,d4cade90,37020976072359941,百合？
562.127,底部弹幕,中,黄,1597754046,0,3cbfc1be,37020956879749127,狙击手不用了
771.031,底部弹幕,中,黄,1597753905,0,c4dd6633,37020882719211523,大橘已定
6.776,普通弹幕,中,白,1597753736,0,6a6eb5ab,37020794303283205,这是一部绅士番
1323.606,普通弹幕,中,白,1597753718,0,584cd3af,37020784737648643,上一个无敌不仅瘸了，还有孩子了
1404.335,普通弹幕,中,白,1597753565,0,be9cd7a1,37020704899596293,懂了 乙女番。
460.262,底部弹幕,中,黄,1597753449,0,c4dd6633,37020644044439559,暗示投币
1309.762,普通弹幕,中,白,1597753449,0,be9cd7a1,37020643822141447,上一个无敌的已经停止了思考
1055.586,普通弹幕,中,白,1597753416,0,584cd3af,37020626738216965,现在快跑，还来得及
1174.096,普通弹幕,中,白,1597753286,0,be9cd7a1,37020558187036677,卖鸡小子
842.546,普通弹幕,中,白,1597753195,0,584cd3af,37020510636212229,seyana
239.963,底部弹幕,中,粉,1597753176,0,c4dd6633,37020500576698375,在，爷没跳
228.803,底部弹幕,中,红,1597753153,0,c4dd6633,37020488556347395,哔哩哔哩 - ( ゜- ゜)つロ 乾杯~ 
1409.877,底部弹幕,中,白,1597753142,0,457336c4,37020482782363651,上一个无敌的已经。。。天上的卡兹不说话
211.143,底部弹幕,中,红,1597753132,0,c4dd6633,37020477663215623,哔哩哔哩干杯
625.361,底部弹幕,中,绿,1597753050,0,1073626d,37020434669502469,HITOTSUI HAJIME 拿走不谢
1315.261,普通弹幕,中,白,1597753000,0,23f1a10a,37020408567300099,姐姐好帅啊
126.872,普通弹幕,中,白,1597752973,0,9576596b,37020394559897605,黑子！
714.653,普通弹幕,中,白,1597752789,0,be9cd7a1,37020297948823559,Joseph Jostar
1235.713,底部弹幕,中,红,1597752191,0,81fbb7e3,37019984491708421,危 混混 危
1106.892,普通弹幕,中,白,1597751970,0,a75e0a25,37019868581068803,医学奇迹！小哑巴说话了！
3.98,普通弹幕,中,白,1597751575,0,ffb540d3,37019661497270277,播放量8888.8
7.75,普通弹幕,中,白,1597751390,0,28314a23,37019564347228163,破8888.8
160.096,普通弹幕,中,白,1597751212,0,59603e86,37019471053848579,老规矩，op只看一会
348.567,普通弹幕,中,青,1597751043,0,5eaf4b71,37019382414573573,明示三连
150.54,普通弹幕,中,白,1597750915,0,554ffd81,37019315194560515,咋哇路多
204.262,普通弹幕,中,蓝,1597750615,0,2be1219a,37019158156148743,哔哩哔哩-(゜-゜)つロ乾杯~
922.542,普通弹幕,中,白,1597750579,0,c060ffba,37019139144941573,呱太
864.542,普通弹幕,中,白,1597750515,0,c060ffba,37019105826439173,姐姐腿好长
180.029,普通弹幕,中,白,1597750514,0,ffe7b891,37019105294286853,哔哩哔哩干杯
30.494,普通弹幕,中,白,1597749985,0,d29fc970,37018827522834435,收尾呼应
176.598,普通弹幕,中,白,1597749847,0,24d1d274,37018755655532551,干杯
236.302,普通弹幕,中,白,1597749671,0,c060ffba,37018662889062403,爷青开
9.278,普通弹幕,中,白,1597749618,0,b3cb4ba7,37018635271143427,8888万播放量
281.284,普通弹幕,中,白,1597749391,0,f8405ab0,37018516322779139,危危
1075.892,底部弹幕,中,绿,1597748841,0,a090dc6d,37018227788742661,危   劫匪   危
1049.552,底部弹幕,中,绿,1597748805,0,a090dc6d,37018209099448325,此时，一只黑子失去了梦想
344.212,普通弹幕,中,绿,1597748757,0,1c8f6867,37018184062074883,超炮里找教主比在魔禁里找炮姐要难啊！
994.672,底部弹幕,中,绿,1597748740,0,a090dc6d,37018174889656327,此时，一只美琴失去了梦想
40.393,普通弹幕,中,白,1597747579,0,ba0b9e4d,37017566419877891,从魔禁来
216.382,普通弹幕,中,白,1597747527,0,371693a8,37017539312091143,bilbil( ゜- ゜)つロ 乾杯~
360.072,普通弹幕,中,白,1597747495,0,a3d0a4c0,37017522237603843,体检？
85.219,普通弹幕,中,白,1597747279,0,a3d0a4c0,37017409109360647,安全
185.462,普通弹幕,中,白,1597746874,0,f3e6a31a,37017196651085829,哔哩哔哩- (゜-゜)つロ 乾杯
129.794,普通弹幕,中,白,1597746502,0,84eac5ae,37017001870229509,好可爱
1396.206,普通弹幕,中,红,1597746083,0,8b9c0c2a,37016781851721735,上一个无敌的已经瘸了
210.279,普通弹幕,中,白,1597745975,0,f14e3053,37016725465071621,哔哩哔哩 - (゜- ゜)つロ 乾杯~
1094.18,普通弹幕,中,白,1597745810,0,30403c6a,37016638890967043,裙子有口袋？？！！！
1379.588,普通弹幕,中,白,1597745440,0,bac43404,37016444934815749,上一个自称无敌的已经被导演削成狗
1509.652,底部弹幕,中,黄,1597745230,0,85df07d2,37016334641397767,还好没跳
18.313,底部弹幕,中,白,1597745153,0,4abf5969,37016294442663939,总所周知，学园都市是最安全的地方
514.728,普通弹幕,中,白,1597745138,0,e978ea3c,37016286348705799,黑子----危
1330.856,底部弹幕,中,紫,1597744962,0,85df07d2,37016194046230531,天上的卡兹不说话，河里的刀片想回家
611.295,普通弹幕,中,白,1597744595,0,bac43404,37016001866891267,泪爷Leve10查看剧本
1318.993,底部弹幕,中,红,1597744427,0,d62e3bd7,37015913646522375,上一个无敌已经瘸了
1394.713,普通弹幕,中,绿,1597744191,0,32e27454,37015790076035077,上一个无敌的已经秃了
600.615,底部弹幕,中,黄,1597744186,0,85df07d2,37015787481333765,炊事班都看见了
1275.639,普通弹幕,中,白,1597743636,0,8d2180cc,37015499157536773,劫匪快跑
1170.381,普通弹幕,中,白,1597743581,0,8d2180cc,37015470097825795,抽烟教父小弟
1302.61,普通弹幕,中,白,1597743496,0,7d4df231,37015425617231875,劫匪＝高危险职业
1437.302,普通弹幕,中,白,1597743388,0,809344ee,37015368766062595,啊这
670.983,普通弹幕,中,白,1597743321,0,8d2180cc,37015333950193667,泪爷翻车
1403.663,普通弹幕,中,蓝,1597743265,0,c265c5d9,37015304339980291,众所周知，这个番里面只有一群女生
543.806,普通弹幕,中,白,1597743201,0,8d2180cc,37015271051886595,爷青回！
1238.263,普通弹幕,中,蓝,1597743066,0,c265c5d9,37015200053854213,这世界上竟然有这么多不怕死的
379.381,普通弹幕,中,白,1597743046,0,8d2180cc,37015189993291781,反牛顿三人组
1189.963,普通弹幕,中,蓝,1597743011,0,c265c5d9,37015171399942147,出现了速转闪现。
1060.463,普通弹幕,中,蓝,1597742861,0,c265c5d9,37015092550696967,众所周知，这个番里面只有女的。
8.663,普通弹幕,中,白,1597742778,0,8d2180cc,37015049325772807,爷青回！
208.995,底部弹幕,中,红,1597742485,0,5f4cb31b,37014895821586439,哔哩哔哩 (゜-゜)つロ 干杯~
605.003,普通弹幕,中,蓝,1597742352,0,c265c5d9,37014825879994371,狙击手报告:作者没画（确信）
32.222,普通弹幕,中,白,1597742347,0,879fd4aa,37014823326187525,只穿安全裤
505.323,普通弹幕,中,蓝,1597742227,0,c265c5d9,37014760189853699,冲啊，兄弟们！
466.136,普通弹幕,中,橙,1597741705,0,6b2e76fc,37014486658318339,下次一定
549.82,普通弹幕,中,黄,1597741652,0,15db95be,37014458665533447,都是lsp了
247.219,普通弹幕,中,白,1597741531,0,2d5fdd2d,37014395624620037,贝蒂的声优？？。
315.18,普通弹幕,中,白,1597741351,0,15db95be,37014301329850373,炊事员都看见了
108.98,普通弹幕,中,白,1597741219,0,15db95be,37014231778852871,好像贝蒂
925.574,普通弹幕,中,白,1597740723,0,e096a09f,37013971803832323,前方打脸现场
177.382,普通弹幕,中,白,1597739721,0,61bafeda,37013446338805763,哔哩哔哩( ゜- ゜)つロ 乾杯、
536.478,普通弹幕,中,红,1597738963,0,7e1f4698,37013049167052807,LV.6上升气流
57.14,普通弹幕,中,白,1597738851,0,a8474236,37012990542217223,??!  哇?
181.875,普通弹幕,中,粉,1597738479,0,8509d34e,37012795108622339,bilibili- ( ゜- ゜)つロ 乾杯~
194.033,普通弹幕,中,白,1597738309,0,14571c00,37012706246000645,bilibili- ( ゜- ゜)つロ 乾杯~
446.147,普通弹幕,中,白,1597738145,0,6502fedc,37012620316770307,好像个字长高了
787.538,普通弹幕,中,白,1597738086,0,e2493cf1,37012589014679559,嘿嘿捏脸脸
1343.081,普通弹幕,中,白,1597738007,0,640aa90d,37012548044193861,这里有男主吗？
1092.617,普通弹幕,中,白,1597737888,0,776b2688,37012485592055815,初春不是无能力者吗？他是怎么当上风纪委员的？
1410.524,底部弹幕,中,蓝,1597737757,0,c12c9b0d,37012416727351301,蝶妈飞～
1036.457,底部弹幕,中,红,1597737328,0,c12c9b0d,37012191815663623,日本本土大纳豆 多多少少带点臭
1338.515,底部弹幕,中,红,1597736333,0,f4b06e8a,37011670035333125,铁装太可爱了，抱走~
1258.28,底部弹幕,中,红,1597736178,0,f4b06e8a,37011588921163845,腹黑到家……
1202.013,底部弹幕,中,红,1597736068,0,f4b06e8a,37011531302436935,对，没法转移到体内，不过可以替换……
1201.521,底部弹幕,中,红,1597736037,0,f4b06e8a,37011515102461955,眼神爱了
1181.318,底部弹幕,中,红,1597736008,0,f4b06e8a,37011499512758277,瞬移能力……
1140.961,底部弹幕,中,红,1597735915,0,f4b06e8a,37011450791723013,劫匪看不见……
1133.937,底部弹幕,中,红,1597735900,0,f4b06e8a,37011443205799939,路走窄了兄弟……
1074.713,底部弹幕,中,红,1597735812,0,f4b06e8a,37011397189566467,前方高能
1056.798,底部弹幕,中,绿,1597735732,0,f4b06e8a,37011355211923461,绿井绿子
999.178,底部弹幕,中,绿,1597735654,0,f4b06e8a,37011314342625285,此时，一只炮姐失去了梦想
938.82,底部弹幕,中,绿,1597735557,0,f4b06e8a,37011263306334213,呱！
914.882,底部弹幕,中,红,1597735494,0,f4b06e8a,37011230140399621,四nima[doge]
853.164,底部弹幕,中,红,1597735401,0,f4b06e8a,37011181737607173,声线……这真的是一个人？声优太难了……
847.983,底部弹幕,中,绿,1597735364,0,f4b06e8a,37011162344194055,绿井绿子
846.45,底部弹幕,中,红,1597735347,0,f4b06e8a,37011153485824007,绿井绿子
773.026,底部弹幕,中,红,1597735258,0,f4b06e8a,37011106432024579,电脑配件
752.164,底部弹幕,中,红,1597735227,0,f4b06e8a,37011090501009413,前方高能
718.594,底部弹幕,中,红,1597735169,0,f4b06e8a,37011059972767751,这个男生是教主（也就是男主）吧……
468.414,普通弹幕,中,白,1597735039,0,bb8a3d7a,37010991754510341,当痲去哪了
631.77,底部弹幕,中,红,1597735001,0,f4b06e8a,37010971821604871,幻想御手（bushi
607.376,底部弹幕,中,红,1597734958,0,f4b06e8a,37010949191761925,这个Level0，实际上是Level10——有看剧本的能力
601.176,底部弹幕,中,红,1597734907,0,f4b06e8a,37010922543775751,要是达到炮姐的等级，估计能瞬间平掉这个城市（
600.826,底部弹幕,中,红,1597734854,0,f4b06e8a,37010894569865219,这个能力杀伤力很大，Lv2就不得了了，Lv3范围Aoe
540.626,底部弹幕,中,红,1597734734,0,f4b06e8a,37010831812591621,还有两个男生啊喂！
518.231,底部弹幕,中,红,1597734672,0,f4b06e8a,37010799579889671,黑子是把自己传送到炮姐浴室里了
498.414,底部弹幕,中,红,1597734627,0,f4b06e8a,37010775683366919,危  黑子  危
475.774,底部弹幕,中,红,1597734593,0,f4b06e8a,37010757685084167,前方黑子 危
405.483,底部弹幕,中,红,1597734513,0,f4b06e8a,37010716092268547,危  一血光子   危
381.92,底部弹幕,中,红,1597734469,0,f4b06e8a,37010692837474307,一血光子！
271.494,底部弹幕,中,红,1597734374,0,f4b06e8a,37010642889080837,贩卖机快跑！！！
118.247,普通弹幕,中,红,1597734144,0,f4b06e8a,37010522664599559,黑子到底多少声线……
76.869,普通弹幕,中,红,1597734089,0,f4b06e8a,37010493560324101,不用猜了，红绿灯是炮姐弄的……
417.13,普通弹幕,中,红,1597734052,0,3d33d3c3,37010474083549187,啊哈哈
62.886,普通弹幕,中,白,1597734043,0,f4b06e8a,37010469474533379,前方打脸
320.89,普通弹幕,中,红,1597733950,0,3d33d3c3,37010420945911815,炊事班报告，是个正常人都看到有安全裤
1231.057,普通弹幕,中,黄,1597733911,0,fa552dac,37010400570507271,危危危危危危危危危
257.33,普通弹幕,中,红,1597733833,0,3d33d3c3,37010359329488899,阿伟快跑
892.548,普通弹幕,中,黄,1597733786,0,fa552dac,37010334631329797,因为
187.133,普通弹幕,中,白,1597733392,0,8fc1ee24,37010128278913027,哔哩哔哩干杯
161.839,普通弹幕,中,白,1597732887,0,4eb64eaa,37009863459995655,bilibili- ( ゜- ゜)つロ 乾杯~
1310.968,普通弹幕,中,白,1597732836,0,1ef55128,37009836677791751,当麻是不是还没有出来？
460.436,普通弹幕,中,红,1597731685,0,10a1328e,37009233023074309,暗示投币
771.605,普通弹幕,中,黄,1597731639,0,916350d9,37009209240846339,危 黑子 危
1265.613,普通弹幕,中,白,1597731174,0,212cdf25,37008965237211139,危 劫匪 危
229.459,普通弹幕,中,绿,1597730823,0,adfa00f1,37008781186433027,先投币为好
20.46,普通弹幕,中,绿,1597730590,0,adfa00f1,37008659121700871,先投币致敬
500.674,普通弹幕,中,白,1597730418,0,9273b47c,37008569104072711,没多少
1403.46,底部弹幕,中,红,1597730345,0,98f759e4,37008530454085637,这个番是炮姐开后宫啦
330.088,普通弹幕,中,白,1597730231,0,9273b47c,37008471166025735,哈哈
1103.335,底部弹幕,中,红,1597729988,0,98f759e4,37008343335174151,学园都市最危险的人是劫匪
812.551,底部弹幕,中,红,1597729459,0,98f759e4,37008066295627783,好听吗？好听就是好头
1245.899,普通弹幕,中,黄,1597729232,0,c43d0a33,37007947337826311,楼上神父别弹了
1241.78,普通弹幕,中,红,1597729218,0,c43d0a33,37007939816390723,劫匪英容宛在
1240.82,普通弹幕,中,黄,1597729208,0,c43d0a33,37007934479138823,劫匪一路走好
1194.9,普通弹幕,中,黄,1597729148,0,c43d0a33,37007903375753219,道具指导： 天道佩恩
533.59,底部弹幕,中,红,1597729086,0,98f759e4,37007870482448387,上升气流道具组准备！
1126.809,普通弹幕,中,红,1597729036,0,c43d0a33,37007844533862403,前方核能！！！！！！！！
942.489,普通弹幕,中,黄,1597728840,0,c43d0a33,37007741616652291,前方核能预警
180.837,普通弹幕,中,白,1597728816,0,8a5969b7,37007729205706757,bilibili- ( ゜- ゜)つロ 乾杯~
1342.142,普通弹幕,中,红,1597728788,0,9c450502,37007714196914181,上一个说自己无敌的已经生不如死了
1333.936,普通弹幕,中,黄,1597728751,0,9c450502,37007695280078855,上一个无敌的连骨灰都没了
1324.625,普通弹幕,中,黄,1597728727,0,9c450502,37007682605416455,Safety pants
1306.35,普通弹幕,中,黄,1597728691,0,9c450502,37007663629336581,辛红辣椒
393.842,底部弹幕,中,红,1597728598,0,98f759e4,37007614900961285,气死牛顿三人组即将上线
1242.844,普通弹幕,中,白,1597728581,0,9c450502,37007605745319943,尼给路打哟
914.042,普通弹幕,中,白,1597728481,0,1e637bfa,37007553321238531,呱太
1172.046,普通弹幕,中,白,1597728478,0,9c450502,37007551904088069,死气之炎
536.889,普通弹幕,中,黄,1597728392,0,c43d0a33,37007506715705351,前方名场面
472.849,普通弹幕,中,黄,1597728289,0,c43d0a33,37007452741828615,天堂（亲测，确认无误）
466.169,普通弹幕,中,黄,1597728258,0,c43d0a33,37007436639895557,老绅士了
64.316,底部弹幕,中,红,1597728198,0,98f759e4,37007405143293955,万全的治安体系，这句划重点
1093.47,普通弹幕,中,白,1597728164,0,9c450502,37007387267170309,通通咬杀
1136.582,普通弹幕,中,红,1597728040,0,ba934c6f,37007322087161861,害怕
81.845,普通弹幕,中,白,1597727892,0,6fcd25c2,37007244591628291,哈哈哈
737.624,普通弹幕,中,白,1597727521,0,9c450502,37007049919299591,Joseph
1333.668,普通弹幕,中,白,1597727386,0,73cf208c,37006979365863431,上一个无敌的已经当上阳哥斯达了
275.588,普通弹幕,中,白,1597727362,0,ddf0b7e8,37006966594207749,贩卖机  危
587.393,底部弹幕,中,红,1597727156,0,12ef7f93,37006858882908167,行走的保温箱
1000.658,普通弹幕,中,白,1597727128,0,698d7e4a,37006844189736965,哈哈哈
939.798,普通弹幕,中,白,1597727064,0,698d7e4a,37006810526253063,哈哈哈
438.926,普通弹幕,中,白,1597727050,0,9c450502,37006803094994947,一方大爷
1381.756,普通弹幕,中,白,1597726737,0,20f38d86,37006638964015107,上个无敌的已经把所有事都忘了
120.447,普通弹幕,中,白,1597726678,0,9c450502,37006608156852229,Hibari
272.348,底部弹幕,中,红,1597726612,0,12ef7f93,37006573592117251,危 贩卖机 危
128.172,底部弹幕,中,红,1597726409,0,12ef7f93,37006467386572807,外焦里嫩小混混
33.513,普通弹幕,中,白,1597726377,0,8715333a,37006450227150855,故事开始了
94.825,底部弹幕,中,红,1597726374,0,12ef7f93,37006448998219779,头发越粉打人越狠
1249.009,普通弹幕,中,白,1597726048,0,8eb1372,37006278091341831,危危危危危危危危危
901.828,底部弹幕,中,红,1597725528,0,2803b88e,37006005176893443,军火库
866.978,普通弹幕,中,白,1597725493,0,2803b88e,37005986910699523,好头
32.46,普通弹幕,中,白,1597725264,0,254ce6f7,37005866656333831,送经验
187.352,普通弹幕,中,白,1597725149,0,4e9ec1fb,37005806762721285,干杯
554.279,底部弹幕,中,红,1597724967,0,ee42fa08,37005710927593475,表情指导:蜡笔小新
33.577,普通弹幕,中,白,1597724833,0,49affa46,37005641099247623, 这部番里，小混混是个高危职业。
1389.964,普通弹幕,中,白,1597724810,0,e0454295,37005628870230019,佐太也好棒
1204.666,普通弹幕,中,黄,1597724516,0,71fd116a,37005474681847815,水门直呼内行
1196.926,普通弹幕,中,黄,1597724499,0,71fd116a,37005465675628547,带图
1067.892,普通弹幕,中,红,1597724461,0,6bdf82fc,37005445940903941,前方高能！！！
113.044,普通弹幕,中,白,1597724430,0,7d0c806f,37005429678014469,这是从零开始的异世界生活里的配音吧
283.576,普通弹幕,中,黄,1597724187,0,17a6791a,37005302204203013,把狙击手拉出去毙了吧
572.126,普通弹幕,中,黄,1597723829,0,71fd116a,37005114656423941,。。。。。
120.203,底部弹幕,中,黄,1597723554,0,f1a4d0b5,37004970222419973,还有冬木市
720.561,普通弹幕,中,白,1597722923,0,8948229c,37004639711789059,男主黑子，在问狗头
214.413,普通弹幕,中,白,1597722647,0,212cdf25,37004494586249219,哔哩哔哩-(゜-゜)つロ乾杯~
110.36,底部弹幕,中,白,1597722605,0,69042cec,37004472491704325,这不是贝蒂么
1306.743,普通弹幕,中,白,1597722592,0,8d65a2bc,37004465824333827,安全裤差评
69.1,底部弹幕,中,白,1597722559,0,69042cec,37004448749322243,真打脸
38.78,底部弹幕,中,白,1597722524,0,69042cec,37004430378270727,看到这想到了呆唯
1416.365,普通弹幕,中,白,1597722399,0,1cae08fd,37004364615778311,"正しい光が,大地を照らしている"
177.318,底部弹幕,中,青,1597721815,0,92d30423,37004058453606405,BGM：only my railgun
187.379,普通弹幕,中,白,1597720993,0,c205dfa3,37003627711168515,干了这杯乌龙茶
171.241,普通弹幕,中,红,1597720083,0,92d8795a,37003150281932805,吼吼吼
812.292,普通弹幕,中,黄,1597719577,0,86311b3,37002885348196355,大橘已定
1294.62,普通弹幕,中,白,1597719534,0,f7757817,37002862577844227,一路走好
783.652,普通弹幕,中,红,1597719533,0,86311b3,37002862033633285,百年好合
771.972,普通弹幕,中,黄,1597719508,0,86311b3,37002848900218887,大橘已定
715.42,底部弹幕,中,白,1597718853,0,46fcd39b,37002505524084739,魔禁全名魔法禁书目录
73.106,普通弹幕,中,白,1597718365,0,78268052,37002249903276035,安息了。
188.683,普通弹幕,中,白,1597717841,0,69a5646a,37001974972940291,bilibili
132.84,普通弹幕,中,白,1597716793,0,67218a95,37001425613488199,轱辘轱
84.882,普通弹幕,中,白,1597716165,0,fe7d9eb6,37001096204910597,真.安全
1169.485,普通弹幕,中,白,1597715609,0,fe7b3c68,37000804663033863,买鸡小子雷德
723.367,普通弹幕,中,白,1597714797,0,c02f0e66,37000378961625093,黑子    危
550.738,底部弹幕,中,红,1597714677,0,1f22ba6e,37000316007219203,录音棚里欢乐多
222.974,普通弹幕,中,白,1597714573,0,b87e35ca,37000261824675847,bilibili
65.017,普通弹幕,中,红,1597714555,0,a502d7f9,37000252462989317,魔禁番外
78.7,普通弹幕,中,白,1597714219,0,baff25ad,37000076044795907,c++
830.333,普通弹幕,中,白,1597713483,0,f64ed1f9,36999690193993735,大橘已定
1394.86,普通弹幕,中,白,1597713315,0,6c5fcbca,36999601931157509,上个无敌的已经停止思考了
184.98,普通弹幕,中,白,1597712924,0,19f8c642,36999396947132419,哔哩哔哩 - (゜- ゜)つロ 乾杯~
141.179,普通弹幕,中,白,1597712877,0,19f8c642,36999372693569541,啊这
242.884,普通弹幕,中,白,1597712818,0,223825ac,36999341340098567,什么叫国际化大都市啊（雾）
203.802,普通弹幕,中,白,1597711846,0,8c777f94,36998832105979911,bilibili
1318.163,底部弹幕,中,红,1597711813,0,7deefca6,36998814655053831,磁爆步兵杨永信觉得很赞
1137.06,底部弹幕,中,红,1597711616,0,7deefca6,36998711092445191,下辈子别在学园里抢劫了
1099.204,底部弹幕,中,红,1597711558,0,7deefca6,36998680947458051,心多大啊在学园里头当劫匪
1043.835,底部弹幕,中,红,1597711485,0,7deefca6,36998642565382149,里面有电脑配件
246.655,普通弹幕,中,白,1597710448,0,9da66cb8,36998098926960647,哔哩哔哩 - ( ゜- ゜ )つロ 乾杯~
1113.677,底部弹幕,中,白,1597709660,0,2d809fdf,36997686020276227,蝎？
396.137,普通弹幕,中,白,1597709203,0,8e68f887,36997445993365507,素养判定啊
200.484,普通弹幕,中,白,1597705004,0,b36e04ab,36995244982009861,哔哩哔哩 (゜-゜)つロ 干杯~
1379.313,普通弹幕,中,白,1597703071,0,61338a69,36994231362387971,众所周知LV0才是最强的
662.577,普通弹幕,中,红,1597698649,0,716309bb,36991913099788291,画质贸然提升
1090.516,普通弹幕,中,白,1597694043,0,b195f930,36989497843384323,四个小哑巴抢银行
604.222,普通弹幕,中,白,1597693228,0,ea497a6a,36989070759428099,满开
186.959,普通弹幕,中,红,1597692863,0,3a5dd54f,36988879467708419,bilibili- ( ゜- ゜)つロ 乾杯~ 
181.479,普通弹幕,中,红,1597692856,0,3a5dd54f,36988875449040899,bilibili- ( ゜- ゜)つロ 乾杯~ 
636.308,底部弹幕,中,黄,1597691193,0,3a23b0e,36988004023664647,这个一一一在魔禁天使坠落篇有提到
1424.217,普通弹幕,中,黄,1597685805,0,fdd1aa7,36985178929233925,正道の光が大地に当たっている
1129.828,底部弹幕,中,红,1597684991,0,910cb048,36984752391585797,路走窄了兄弟
331.59,普通弹幕,中,白,1597684818,0,e58bb9e9,36984661557116935,啊这……常盘台
940.047,底部弹幕,中,红,1597684796,0,910cb048,36984650098278405,哈哈哈
470.926,普通弹幕,中,黄,1597684786,0,fdd1aa7,36984644470046723,摄影师鸡腿里面找饭
908.627,底部弹幕,中,红,1597684761,0,910cb048,36984631780179971,呱太好评
1078.662,普通弹幕,中,红,1597683040,0,3b72b3c9,36983729499930629,八个蛋
1252.377,普通弹幕,中,红,1597681095,0,63fdb447,36982709584658435,◥◣◥◣◥◣◥◣◥◣◥◣◥◣◥◣◥◣WARNING◥◣◥◣◥◣◥◣◥◣◥◣◥◣◥◣◥◣
1134.977,普通弹幕,中,蓝,1597680921,0,63fdb447,36982618373226501,◥◣◥◣◥◣◥◣◥◣◥◣◥◣◥◣◥◣WARNING◥◣◥◣◥◣◥◣◥◣◥◣◥◣◥◣◥◣
232.227,普通弹幕,中,白,1597680606,0,40e9890d,36982453191049221,哔哩哔哩 - ( ゜- ゜ )つロ 乾杯~
153.519,普通弹幕,中,白,1597680509,0,543aab4d,36982402077163523,人形发电站
402.982,普通弹幕,中,白,1597680367,0,2027d3e1,36982327819108357,补6个月时出的番
117.396,普通弹幕,中,白,1597680191,0,463c8e3b,36982235453718535,呆唯
1312.486,普通弹幕,中,白,1597679986,0,8164f49f,36982128068526085,美国陆军的肯定
1233.598,普通弹幕,中,白,1597679896,0,8164f49f,36982080883654659,路走窄了啊，兄弟
505.077,底部弹幕,中,红,1597679759,0,b09e44af,36982008937185287,道具师今晚和非凡哥一桌
1294.132,底部弹幕,中,红,1597679731,0,830603b7,36981994247159815,燕人张翼德［doge］
438.825,普通弹幕,中,白,1597679091,0,8164f49f,36981658989101061,牛顿:已老子的定律来说，这不科学
626.792,底部弹幕,中,红,1597679045,0,830603b7,36981634518482949,幻想御手［doge］
551.28,底部弹幕,中,红,1597678940,0,830603b7,36981579696308227,泪爷，yyds！
10.644,普通弹幕,中,白,1597678713,0,8164f49f,36981460707049479,炮姐出击，哈哈
204.42,底部弹幕,中,红,1597678581,0,830603b7,36981391462760455,哔哩哔哩( ゜- ゜)つロ 乾杯
1328.148,普通弹幕,中,白,1597678555,0,667f31d,36981377891565575,奥，孩子不在里面，看岔了
1311.888,普通弹幕,中,白,1597678520,0,667f31d,36981359664693251,里面的孩子咋办
62.12,底部弹幕,中,红,1597678435,0,830603b7,36981314722201607,万全的治安体系
69.696,普通弹幕,中,白,1597677942,0,9062bebc,36981056714833925,安            全
1134.408,普通弹幕,中,白,1597677750,0,38052497,36980955998060547,死亡flag
207.4,普通弹幕,中,红,1597677241,0,48edcaf0,36980688908451843,哔哩哔哩干杯
198.72,普通弹幕,中,白,1597677216,0,c81371b,36980676016734213,哔哩哔哩 (゜-゜)つロ 干杯~
332.62,普通弹幕,中,白,1597676877,0,f1d6df01,36980498304073731,有男主，男主是个路人。
492.188,普通弹幕,中,白,1597676236,0,41a4e607,36980162317254663,通通拔罐
462.806,普通弹幕,中,白,1597675925,0,624d5ec8,36979999093293063,明示投币
773.389,底部弹幕,中,黄,1597675858,0,b652cce1,36979963876343811,……？
1014.116,普通弹幕,中,白,1597675707,0,e3cf0a8c,36979884750798855,awsl
1111.7,底部弹幕,中,红,1597675543,0,f4b06e8a,36979798869278727,佳绩梅斗偶也代死耨
1210.266,普通弹幕,中,黄,1597675543,0,66a6d85a,36979798711468037,水门快来看!
520.521,底部弹幕,中,红,1597675323,0,f4b06e8a,36979683128508419,姿势……
412.58,底部弹幕,中,红,1597675208,0,f4b06e8a,36979623265828869,一血
385.867,底部弹幕,中,红,1597675175,0,f4b06e8a,36979605956460551,一血光子……
279.598,底部弹幕,中,红,1597675014,0,f4b06e8a,36979521518829571,什么安全裤，这就是普通短裤……
1373.446,普通弹幕,中,紫,1597675013,0,54cf4b,36979520631209987,正道的光
271.3,底部弹幕,中,红,1597674980,0,f4b06e8a,36979503652143109,贩卖机 危
1322.321,普通弹幕,中,白,1597674934,0,37c58892,36979479625072643,小男孩已经被胸杀了。
1341.374,普通弹幕,中,白,1597674894,0,37c58892,36979458627338247,小男孩已经被胸杀了。
137.47,普通弹幕,中,红,1597674744,0,7283e49,36979379859357701,火包    女且    手戈    白勺
1096.846,普通弹幕,中,紫,1597674715,0,54cf4b,36979364500865029,就在此时，人群当中窜出来一个柯南
102.984,底部弹幕,中,红,1597674702,0,f4b06e8a,36979357927342085,头发越粉，打架越狠～～
1084.766,普通弹幕,中,白,1597674661,0,54cf4b,36979336360230919,就在这时，人群当中钻出来一个毛利小五郎
77.256,底部弹幕,中,红,1597674657,0,f4b06e8a,36979334148259845,糟，电过头了
64.559,底部弹幕,中,红,1597674578,0,f4b06e8a,36979292763586563,前方打脸现场
1008.906,普通弹幕,中,白,1597674533,0,54cf4b,36979269347835909,原形毕露
338.565,普通弹幕,中,白,1597674521,0,af57be21,36979262657396739,不还没出生的番
1372.174,普通弹幕,中,白,1597674327,0,7d60abef,36979160999002119,啊里h噶
1172.474,普通弹幕,中,白,1597674088,0,7d60abef,36979035633876997,草皮筋
64.31,普通弹幕,中,白,1597673635,0,6c8efdaf,36978798267727875,java
686.186,普通弹幕,中,白,1597673487,0,7d60abef,36978720959889411,到底谁是主角
510.38,普通弹幕,中,黄,1597673390,0,916350d9,36978670030028807,胸不平，何以平天下？
189.265,底部弹幕,中,红,1597673359,0,7f34e1a3,36978653433692163,哔哩哔哩 （゜-゜）つロ 干杯~
740.854,普通弹幕,中,紫,1597673259,0,54cf4b,36978601270181891,爷i了
668.791,底部弹幕,中,红,1597673257,0,a65e2e77,36978600254111747,LEVEL∞
661.492,底部弹幕,中,红,1597673232,0,a65e2e77,36978587133804551,lever∞
440.851,普通弹幕,中,紫,1597672857,0,54cf4b,36978390659497987,菲律宾炸水队
429.751,普通弹幕,中,紫,1597672834,0,54cf4b,36978378200842245,啊这
392.031,普通弹幕,中,紫,1597672793,0,54cf4b,36978356796260359,First Blood 
1039.7,底部弹幕,中,红,1597672793,0,acd66ceb,36978356910555143,煎饼果子
94.502,普通弹幕,中,白,1597672777,0,3b7af227,36978348460081157,黑子！
1206.451,普通弹幕,中,白,1597672765,0,af27a43f,36978342044893187,会这招是不是就不用抢银行了？
1312.279,普通弹幕,中,白,1597672684,0,8c80c274,36978299861729283,安全裤
1266.283,普通弹幕,中,白,1597672638,0,8c80c274,36978275700965381,危危危危危危
1170.106,普通弹幕,中,白,1597672542,0,8c80c274,36978225321082883,？？？
529.972,普通弹幕,中,白,1597671932,0,cb6f0d12,36977905410506757,车轱辘压脸上了，哈哈哈
1472.679,普通弹幕,中,白,1597671928,0,8eeca4f5,36977903123038277,黑炮什么鬼啊哈哈哈哈哈，不应该是黑琴嘛
1344.75,普通弹幕,中,白,1597670999,0,fd596880,36977416313765895,古老的投币方式，爱了
63.195,普通弹幕,中,白,1597670886,0,b25ef3fd,36977357259014149,众所周知，学院都市是全世界最安全的地方
469.548,普通弹幕,中,白,1597670308,0,91c00b35,36977054039146567,摄影师加鸡腿
352.42,普通弹幕,中,白,1597670214,0,3074cc6c,36977004787007495,女校
185.913,普通弹幕,中,白,1597670023,0,3456f1b7,36976904685223943,哔哩哔哩
229.283,普通弹幕,中,白,1597670002,0,2dfcd706,36976893878075399,突然觉得黑子好惨，这么喜欢美琴，但是美琴……啊！好心疼
58.728,普通弹幕,中,白,1597669983,0,668f533e,36976883537018885,海——绵——宝——宝——
217.486,普通弹幕,中,白,1597669806,0,4fa62b03,36976790821928965,bilibili- ( ゜- ゜)つロ 乾杯~ 
282.941,普通弹幕,中,白,1597669744,0,490f262e,36976758121037831,贩卖机危
268.441,普通弹幕,中,白,1597669692,0,490f262e,36976731261239299,bibi
1141.329,普通弹幕,中,白,1597669630,0,9fa17a0c,36976698708721667,神父打碟了
232.617,普通弹幕,中,白,1597669332,0,fe7b3c68,36976542471421957,绯红之王！
176.646,普通弹幕,中,红,1597668893,0,f65033e5,36976312126537731,哔哩哔哩 - (゜- ゜)つロ 乾杯~
169.74,普通弹幕,中,红,1597668881,0,f65033e5,36976305847664645,哔哩哔哩 - (゜- ゜)つロ 乾杯~
160.919,普通弹幕,中,白,1597668445,0,ae8ad413,36976077271728133,爱了爱了
536.633,底部弹幕,中,红,1597668323,0,145ce52e,36976013392478215,上升气流准备
131.049,普通弹幕,中,白,1597668113,0,1a3a498c,36975903424118791,贝蒂配音吗哦豁哦豁
1233.641,普通弹幕,中,白,1597667905,0,30864ab5,36975794219646981,竟然敢踢Lv6 剧本掌控
1247.269,普通弹幕,中,红,1597667349,0,97390658,36975502796259333,这个BGM算不算是审判曲呀？
1385.073,普通弹幕,中,白,1597667253,0,f2231918,36975452381773829,上一个无敌的已经被削成超级兵了。
1339.801,普通弹幕,中,白,1597667027,0,a60d6971,36975333828722695,还是一方流皮
1247.033,普通弹幕,中,白,1597666956,0,f2231918,36975296752123907,魔法对战魔法。
576.752,普通弹幕,中,黄,1597666746,0,aa6bd383,36975186706169863,让俺康康
781.926,普通弹幕,中,白,1597666699,0,1dc2b184,36975161990709255,一个敢念一个敢想
1133.692,普通弹幕,中,白,1597665836,0,2abb646d,36974709716811781,绯流琥！
183.001,普通弹幕,中,白,1597665251,0,4134d4b,36974402460450821,哔哩哔哩
861.028,普通弹幕,中,白,1597664352,0,9d011721,36973931269718019,梦结束的地方
834.987,普通弹幕,中,白,1597664326,0,9d011721,36973917626171399,zzz
123.034,底部弹幕,中,红,1597663998,0,758c78b3,36973745737302021,judgment di si no
218.205,普通弹幕,中,白,1597663156,0,987d1bbc,36973304349720581,哔哩哔哩牛壁！
541.721,普通弹幕,中,黄,1597662756,0,56f05158,36973094490341383,好姐妹
508.857,普通弹幕,中,红,1597662699,0,56f05158,36973064930983941,FBI open the door
473.352,普通弹幕,中,红,1597662630,0,56f05158,36973028505026565,摄影师:又是鸡腿里找米的一天
1247.735,普通弹幕,中,白,1597662489,0,3a5bc3d2,36972954472939527,危——————————————————
1225.555,普通弹幕,中,白,1597661932,0,af646cbf,36972662583984133,保安在乎？
599.008,底部弹幕,中,黄,1597661728,0,a090dc6d,36972555711545351,狙击手报告：黑的
505.538,底部弹幕,中,黄,1597661615,0,a090dc6d,36972496343793671,摄晚凡桌
173.358,底部弹幕,中,红,1597661062,0,a090dc6d,36972206441365507,哔哩哔哩乾杯！
1308.657,普通弹幕,中,白,1597660933,0,f3810713,36972138732191751,没啥音效
16.978,底部弹幕,中,红,1597660865,0,a090dc6d,36972103132512263,危   小混混   危
1380.462,普通弹幕,中,白,1597660460,0,1e4f38b2,36971890792202247,上一个正义的伙伴已经手撕英灵了
1108.72,底部弹幕,中,黄,1597660023,0,21d42d5d,36971662034862087,一点都不专业，就没个车手吗？
467.838,普通弹幕,中,白,1597659806,0,c0124ce7,36971547802468357,一方大爷呢
862.099,底部弹幕,中,红,1597659755,0,21d42d5d,36971521017118725,为什么没有包
340.091,普通弹幕,中,白,1597659642,0,c0124ce7,36971461911511047,补未出生（才怪）的番
387.557,普通弹幕,中,白,1597659299,0,de112845,36971282317705221,夹击妹抖
138.962,普通弹幕,中,白,1597659185,0,1e4f38b2,36971222565650439,哥哥大人
114.462,普通弹幕,中,白,1597659145,0,1e4f38b2,36971201390182407,贝蒂
248.124,普通弹幕,中,白,1597659128,0,d1dd29b,36971192762499077,说贝蒂的，这就是同一声优
600.125,普通弹幕,中,白,1597658949,0,c023ea67,36971098665910277,狙击手:有黑洞
275.752,底部弹幕,中,红,1597658716,0,a5a35a2a,36970976389890051,贩卖机————————
640.486,普通弹幕,中,白,1597658544,0,9f0465a9,36970886296764421,偶像星愿吗？
710.379,普通弹幕,中,白,1597657927,0,34b4c920,36970562577235973,超炮里找教主
567.956,普通弹幕,中,白,1597657243,0,69af2eaa,36970204237922307,恒温死神 初春饰丽
112.146,普通弹幕,中,白,1597656625,0,8ab40020,36969880092147717,贝蒂
1379.898,普通弹幕,中,红,1597655700,0,486fd2bc,36969395297189893,大爷还没开始带娃呢
1323.24,普通弹幕,中,红,1597655645,0,486fd2bc,36969366315597831,不用硬币也行，便于携带而已，金属都可以，番外个体还用钉子呢
1166.598,普通弹幕,中,白,1597655625,0,cdb20ab0,36969355923161095,萧炎直呼内行
1285.884,普通弹幕,中,红,1597655588,0,486fd2bc,36969336324751367,大爷：她说啥？  冰箱：不知道啊
210.267,普通弹幕,中,白,1597655559,0,f17dcc34,36969321485303813,哔哩哔哩哔哩哔哩
222.141,普通弹幕,中,红,1597655554,0,d7125256,36969318840795141,哔哩哔哩干杯
39.079,普通弹幕,小,黄,1597655521,0,287df4f7,36969301169668103,哈哈
21.974,普通弹幕,中,粉,1597655503,0,287df4f7,36969292208537605,哈哈哈
753.425,普通弹幕,中,白,1597655379,0,64b57106,36969226708189187,面子果实
595.64,普通弹幕,中,红,1597655153,0,486fd2bc,36969108527382531,温度操作吧，有大爷那计算能力直接能控制熵好像
278.541,普通弹幕,中,白,1597654883,0,b2a7737,36968967048265731,西！撒！
1393.67,普通弹幕,中,白,1597654645,0,30557bd0,36968841908584453,为什么没有男主，难道是百合番吗？
1246.888,普通弹幕,中,红,1597654284,0,bcf63d39,36968652672598019,劫————匪————————————
507.71,普通弹幕,中,黄,1597653834,0,499f9eb9,36968416957431813,？？？
634.834,底部弹幕,中,白,1597653651,0,bcf63d39,36968321142751235,hop
1249.67,普通弹幕,中,红,1597652973,0,aa059e6,36967965795024903,前方高能
1225.481,普通弹幕,中,红,1597652947,0,aa059e6,36967951638200323,报告！狙击手已被击毙
1189.69,普通弹幕,中,白,1597652947,0,4692254b,36967951795486725,动作指导:佩恩
161.523,普通弹幕,中,黄,1597652900,0,5a6ddcd1,36967927096803335,中毒不浅啊……
1074.007,普通弹幕,中,红,1597652786,0,aa059e6,36967867599028227,地球银行
226.878,底部弹幕,中,白,1597652703,0,8a5ad37e,36967823852961795,哔哩哔哩 (゜-゜)つロ 干杯~-bilibili
968.454,普通弹幕,中,白,1597652687,0,b35e04d3,36967815741177927,极乐空间
49.483,普通弹幕,中,白,1597652640,0,75e673f3,36967790888353799,哈哈哈
792.719,普通弹幕,中,红,1597652505,0,aa059e6,36967720110522373,大橘已定
473.75,普通弹幕,中,红,1597652186,0,aa059e6,36967552898301957,狙击手已就位
175.942,普通弹幕,中,白,1597652179,0,b23cdcdf,36967549112418311,完结撒花
408.534,普通弹幕,中,红,1597652121,0,aa059e6,36967518699520003,狙击手未能击穿敌方反应装甲
670.692,普通弹幕,中,白,1597652117,0,3499cf4c,36967516851404807,L0=L∞
988.198,普通弹幕,中,白,1597652028,0,d26cc807,36967470222278661,老傲娇了
119.579,底部弹幕,中,黄,1597651867,0,5a965a94,36967385789890565,世界三大安全城市：浣熊市、洛圣都、学院都市
45.419,底部弹幕,中,黄,1597651752,0,5a965a94,36967325334765639,友情提示：看超炮前建议补完魔禁1
378.505,普通弹幕,中,红,1597651650,0,aa059e6,36967271681753091,请枪毙狙击手
71.329,普通弹幕,中,白,1597651626,0,f6b74d8f,36967259266613253,c++
477.294,普通弹幕,中,黄,1597651539,0,acac41f,36967213800357895,。。。
698.506,普通弹幕,中,白,1597650974,0,a96af558,36966917331222531,佐天泪子，泪爷
1077.532,普通弹幕,中,红,1597650906,0,107ea6d6,36966881549615109,正片开始
1024.528,底部弹幕,中,黄,1597650895,0,1f65213f,36966876145254405,awsl
28.179,普通弹幕,中,白,1597650882,0,fdd89f0f,36966869073133575,小混混快跑
952.001,底部弹幕,中,黄,1597650823,0,1f65213f,36966838131228677,傲娇毁一生
196.747,普通弹幕,中,紫,1597650793,0,ea7f0166,36966822587138051,哔哩哔哩 - (゜- ゜)つロ 乾杯~
1262.484,普通弹幕,中,白,1597650386,0,b50aaffa,36966609137958919,危危危危
37.465,普通弹幕,中,红,1597650263,0,aa059e6,36966544823549959,高危职业：小混混
1234.075,普通弹幕,中,白,1597649430,0,5a2115fb,36966107846803463,泪——子——
1090.89,普通弹幕,中,白,1597649275,0,5a2115fb,36966026767237123,抢——劫——犯——
174.437,普通弹幕,中,白,1597649258,0,fcb7f44e,36966017946615813,哔哩哔哩干杯
1376.98,普通弹幕,中,白,1597649224,0,19a02d1e,36966000122920963,琦玉：？？
64.586,普通弹幕,中,白,1597649076,0,654b268f,36965922114633731,张浩扬
63.285,普通弹幕,中,白,1597649053,0,654b268f,36965910320775171,JVAV
865.145,普通弹幕,中,白,1597648999,0,3684581c,36965881752322051,这是什么番啊有没有男主？
568.784,普通弹幕,中,白,1597648494,0,9ad24c86,36965617042456581,对不起 下次还敢
1144.652,普通弹幕,中,白,1597647593,0,494a46cf,36965144601296901,蝎？
1386.793,底部弹幕,中,红,1597647208,0,edf32745,36964943186624515,下一个无敌的要带娃了
955.707,底部弹幕,中,红,1597646743,0,edf32745,36964699037237253,左下夏娜
926.532,底部弹幕,中,红,1597646696,0,edf32745,36964674561900551,上面说的是惩罚游戏那一集吗
433.804,底部弹幕,中,红,1597646087,0,edf32745,36964355123707909,女王应该可以用能力取消自己的检查吧
1164.605,普通弹幕,中,白,1597646035,0,3fd928e6,36964328029552645,众所周知 0即是全部！！！
1334.86,普通弹幕,中,红,1597645605,0,a83eceb0,36964102416367619,上一个无敌的在带娃了
1212.277,普通弹幕,中,红,1597645465,0,a83eceb0,36964029283958787,讲道理 为什么会觉得小男孩会在草了
1073.557,普通弹幕,中,红,1597645309,0,a83eceb0,36963947167350789,热心市民 御坂美琴
1031.697,普通弹幕,中,黄,1597645260,0,a83eceb0,36963921664409607,里面掺了点电脑配件
58.199,普通弹幕,中,白,1597644964,0,5da44098,36963766483550213,C++
539.464,普通弹幕,中,红,1597644825,0,a83eceb0,36963693730725891,LV6上升气流
946.702,普通弹幕,中,白,1597644445,0,d99d072b,36963494195625989,光速打脸
51.184,普通弹幕,中,粉,1597644343,0,b594551e,36963441154457603,————————————
345.931,普通弹幕,中,白,1597643821,0,17e5f45f,36963167457771527,这是啥BGM
251.578,普通弹幕,中,白,1597643692,0,17e5f45f,36963099500085255,帅啊
205.279,普通弹幕,中,白,1597643577,0,d99d072b,36963039095816195,哔哩哔哩-(゜-゜)つロ乾杯~
981.339,普通弹幕,中,白,1597643410,0,c03b0655,36962951978549253,老傲娇了
1277.605,普通弹幕,中,红,1597643281,0,e3fac32,36962884301881349,危危危危
1383.826,普通弹幕,中,红,1597643256,0,621d107e,36962870975004675,上一个无敌的坟头草已经有两米高了
1291.166,普通弹幕,中,红,1597643141,0,621d107e,36962810453295109,危危危危危危危危危
1247.786,普通弹幕,中,红,1597643043,0,621d107e,36962759559086083,危        危！
1237.586,普通弹幕,中,白,1597642992,0,621d107e,36962732596527111,一路走好
1225.046,普通弹幕,中,白,1597642973,0,621d107e,36962722812788741,保安呢？
568.979,普通弹幕,中,白,1597642951,0,c03b0655,36962711278977027,？！
1195.348,普通弹幕,中,红,1597642774,0,f3062156,36962618513031175,佩恩直呼内行
1119.23,普通弹幕,中,白,1597642506,0,454f5bd7,36962477740130309,抢——劫——犯——
941.516,普通弹幕,中,白,1597642481,0,621d107e,36962464920764423,红红火火恍恍惚惚
168.782,普通弹幕,中,白,1597642384,0,4958596f,36962413686292485,jc np！！！
785.976,普通弹幕,中,白,1597642320,0,621d107e,36962380493619207,？？？
655.842,普通弹幕,中,白,1597642228,0,dd3014bb,36962332060418053,短裙变长裙哈哈哈
13.964,普通弹幕,中,白,1597642209,0,4958596f,36962322316001287,回看第n次
209.452,底部弹幕,中,红,1597641960,0,842ab7b2,36962191759900679,哔哩哔哩-(゜-゜)つロ乾杯~
1370.081,普通弹幕,中,红,1597641794,0,f19ce241,36962104454414339,上一个无敌已经被削成超级兵了。
1339.854,普通弹幕,中,红,1597641724,0,f19ce241,36962067980222467,上一个无敌已经变成灰了。
1332.516,普通弹幕,中,白,1597641711,0,ee24705e,36962061092651015,投币就能拥有超能力。
312.852,普通弹幕,中,红,1597640656,0,f19ce241,36961507737075717,精准降落……这里是哪？
280.534,普通弹幕,小,红,1597640516,0,f19ce241,36961434402816003,饮_______________料_____________机！！！！！！！！！
274.774,普通弹幕,小,红,1597640490,0,f19ce241,36961420884574213,危饮料机危
262.045,普通弹幕,中,红,1597640368,0,e3fac32,36961356801376261,哔哩哔哩
252.277,普通弹幕,中,红,1597640358,0,e3fac32,36961351640809477,bilibili
211.276,普通弹幕,中,白,1597640193,0,4acca0a9,36961265378131975,哔哩哔哩 - ( ゜- ゜)つロ 乾杯~
8.726,普通弹幕,中,红,1597640181,0,e3fac32,36961258934632455,呼风唤雨
548.18,普通弹幕,中,红,1597639772,0,f3062156,36961044171587589,这里全是百合？
1397.87,普通弹幕,中,白,1597639480,0,27b71ca4,36960891386200071,这是百合番吧
1329.093,普通弹幕,中,白,1597639239,0,e3a2cc76,36960765203185667,暗示投币
201.722,普通弹幕,中,白,1597639136,0,b4f20e67,36960711068876803,哔哩哔哩
167.922,普通弹幕,中,白,1597639097,0,b4f20e67,36960690537758727,画质点赞
927.934,普通弹幕,中,白,1597638878,0,27b71ca4,36960575615926277,男主出现
771.422,普通弹幕,中,白,1597638845,0,f23032eb,36960558284537859,家乡的百合开了
716.288,普通弹幕,中,白,1597638782,0,f23032eb,36960525190955011,家乡的百合开了
486.259,普通弹幕,中,白,1597638741,0,22f251d2,36960503589765125,狙击手准备报告
47.196,普通弹幕,中,白,1597638662,0,d5126724,36960462500790275,下次一定下次也不一定
286.97,普通弹幕,中,白,1597638321,0,f23032eb,36960283791982595,隔着一个山的炊事班也看见了
200.211,普通弹幕,中,白,1597638312,0,8f1297d2,36960278872588295,哔哩哔哩 - ( ゜- ゜ )つロ 乾杯~
273.244,普通弹幕,中,白,1597638297,0,f23032eb,36960271211167749,啊这
324.945,普通弹幕,中,白,1597638004,0,b2aedec3,36960117271298053,补在娘胎里的6月的番
3.599,普通弹幕,中,白,1597637970,0,8799a1a4,36960099398844421,再来一次
1308.593,普通弹幕,中,白,1597637337,0,cae84e06,36959767996399623,哇！万恶的安全裤
938.316,普通弹幕,中,白,1597637240,0,eaf20a97,36959716846338055,惊惹！闪光的呱呱泡蛙！！！
773.255,普通弹幕,中,白,1597636919,0,eaf20a97,36959548604940295,黑————————子～～～～～～～
277.696,普通弹幕,中,白,1597636389,0,eaf20a97,36959270901645319,贩——————卖——————机～～～～～
797.639,普通弹幕,中,白,1597636327,0,8c1912e6,36959238259474435,他的脸是橡皮泥了。
1346.236,普通弹幕,中,红,1597636282,0,1cbe48a5,36959214478295045,wc，这不是黑发尊哥吗！！
1433.641,底部弹幕,中,红,1597635981,0,e2ae33d2,36959057005772803,上一个无敌的已经被G打死了
480.052,普通弹幕,中,白,1597635765,0,ba185c97,36958943433457667,名场面
13.867,普通弹幕,中,白,1597634780,0,498748c1,36958427275067395,开始开始
158.241,底部弹幕,中,红,1597634659,0,1e2fdbdf,36958363866103811,哔哩哔哩小破站nb
166.185,普通弹幕,中,白,1597634240,0,954b4562,36958144239239175,哔哩哔哩-(゜-゜)つロ乾杯~
1273.817,普通弹幕,中,青,1597634196,0,65e5bafc,36958121017999365,劫匪危
274.73,普通弹幕,中,白,1597634073,0,a734fc0d,36958056348123143,贩—————卖—————机
135.022,普通弹幕,中,白,1597633242,0,95c2794f,36957620945813507,咕噜咕
137.63,普通弹幕,中,白,1597633216,0,95c2794f,36957607144980485,咕噜顾
532.473,普通弹幕,中,红,1597633140,0,408186f6,36957567550750727,LV6泪爷：上升气流
1119.585,普通弹幕,中,白,1597632466,0,7cb023c6,36957213710876677,蝎？？？
13.003,普通弹幕,中,白,1597632350,0,a1a684f4,36957153274626053,啊啊啊
782.538,普通弹幕,中,黄,1597632098,0,463555b8,36957020938567685,大橘已定
408.318,底部弹幕,中,蓝,1597631744,0,a9b01b94,36956835414016005,菲律宾炸鱼队直呼内行
470.15,普通弹幕,中,白,1597631338,0,cbcaa0b,36956622687305733,摄国宴
339.873,普通弹幕,中,白,1597631113,0,ff0224ca,36956504472420355,就没一个男的。。
1312.826,普通弹幕,中,白,1597630932,0,179f17b7,36956409956401159,上一个无敌的已经被晒成亏了。
737.462,普通弹幕,中,白,1597630845,0,27619c88,36956364208078853,黑子 危
537.542,底部弹幕,中,白,1597630701,0,27619c88,36956288522387461,唔——一——哈——露！
218.307,普通弹幕,中,白,1597630118,0,b2faa1da,36955983122530307,哔哩哔哩
880.682,普通弹幕,中,白,1597629513,0,4a7fb5c8,36955665535074309,日漫女的长得都一样
73.192,普通弹幕,中,白,1597629035,0,6d84deae,36955415202234371,真尼玛安全
1385.126,普通弹幕,中,黄,1597627722,0,d3b79f57,36954726641172487,上四个无敌的，一个停止了思考，一个上了天堂，一个不停去世，一个放碟
1342.446,普通弹幕,中,蓝,1597627581,0,d3b79f57,36954652561375235,上一个无敌的上天堂了
214.886,普通弹幕,中,白,1597627194,0,b7b946fd,36954450023677957,别问男主，问就是呱太
30.246,普通弹幕,中,白,1597626985,0,b7b946fd,36954340148641795,高危职业  小混混
1345.264,底部弹幕,中,红,1597626204,0,3953445e,36953930891001863,上一个无敌的已经秃了
1251.777,普通弹幕,中,白,1597625579,0,3db1633f,36953603223060487,炮姐觉醒
772.937,普通弹幕,中,白,1597625053,0,3db1633f,36953327669346307,去宾馆？
1471.044,普通弹幕,中,白,1597624940,0,a0fd78ed,36953268052557831,嘛嘛
569.617,普通弹幕,中,白,1597624840,0,3db1633f,36953215513657347,纱雾觉得很赞
1381.146,普通弹幕,中,青,1597624174,0,939943ba,36952866616770565,上一个无敌的已经去太空了
173.154,普通弹幕,中,蓝,1597624164,0,5845d1cc,36952861449912327,哔哩哔哩-(゜-゜)つロ乾杯~
788.358,普通弹幕,中,青,1597623662,0,939943ba,36952598294560775,电脑配件，万恶之源
777.921,普通弹幕,中,橙,1597623629,0,939943ba,36952581027135493,大橘已定
719.073,普通弹幕,中,白,1597622076,0,180a5647,36951766853484611,超炮和魔禁都有完整的线啊
200.565,普通弹幕,中,白,1597620939,0,3b56f8be,36951170722299911,哔哩哔哩 (゜-゜)つロ 干杯~
24.084,普通弹幕,中,白,1597620456,0,fde83fa3,36950917404164101,233333
95.888,底部弹幕,中,红,1597613182,0,84c17e98,36947103553421319,妹妹都这么大了，一方通行估计都长鱼眼纹了
16.662,普通弹幕,中,白,1597613074,0,84c17e98,36947046741049351,有一方通行吗
1225.848,普通弹幕,中,白,1597609350,0,ef4e6e9b,36945094665830407,泪爷NB
440.457,普通弹幕,中,白,1597608352,0,d5a7ac7e,36944571045773319,补出生前10年的番
1080.086,普通弹幕,中,白,1597603831,0,c63d8e45,36942201235701763,八个蛋———
448.636,普通弹幕,中,红,1597602922,0,c44fcd02,36941724219604999,秒速五公里
147.332,底部弹幕,中,黄,1597599846,0,b5894651,36940111920234499,砸瓦鲁多
195.18,普通弹幕,中,白,1597599647,0,42071729,36940007458471943,哔哩哔哩
1406.1,普通弹幕,中,白,1597598174,0,ec02885b,36939235212656643,爱的电击
801.233,普通弹幕,中,红,1597597860,0,8ca881c9,36939070216601603,怎么跳过去的
101.706,普通弹幕,中,白,1597597223,0,8ca881c9,36938736585932803,贝阿子，走错了吗，是这个声音吧
1327.991,普通弹幕,中,白,1597596867,0,47dd5395,36938549836644359,上一个无敌了已经过上平静生活了
229.278,普通弹幕,中,白,1597595610,0,31eb609e,36937891011624965,。。。。
31.976,普通弹幕,中,白,1597595146,0,ca1af064,36937647651291139,啊呜啊呜
619.361,普通弹幕,中,白,1597594336,0,2ae085f6,36937222773014531,09n年画质太好了吧
1119.954,底部弹幕,中,红,1597593893,0,44dd1835,36936990788157445,危  劫匪   卫
980.242,底部弹幕,中,蓝,1597593714,0,44dd1835,36936896778076163,纳尼？
1180.978,普通弹幕,中,白,1597593627,0,487683fe,36936851276169219,史提尔
1400.422,普通弹幕,中,白,1597593439,0,53633ff3,36936752645537799,正道の光が大地に当たった
62.013,普通弹幕,中,白,1597592608,0,8505dc53,36936317058678791,雷霆嘎巴
1389.527,普通弹幕,中,白,1597592098,0,83e34e0,36936049331011587,正道的新村洸
1092.4,普通弹幕,中,白,1597591785,0,83e34e0,36935885358366723,超高校级的风纪委员
1305.601,普通弹幕,中,白,1597591630,0,f2ef82bf,36935804219555843,上个无敌的被普奇神父干掉了
686.42,普通弹幕,中,白,1597591119,0,19c21611,36935536309436421,因为看了剧本就没意思了，所以泪爷只在关键时刻看剧本
481.551,普通弹幕,中,白,1597591033,0,83e34e0,36935490930212867,天堂
368.269,普通弹幕,中,白,1597590865,0,83e34e0,36935402892296199,哈哈哈
1258.329,普通弹幕,中,白,1597590414,0,e066334d,36935166579441667,危危危危危危危危危危危危危危
727.934,普通弹幕,中,白,1597590295,0,6c52b234,36935104243695623,双马尾怎么像是，从零开始的异世界里头那个双马尾的配音
536.108,普通弹幕,中,粉,1597590157,0,fba329db,36935031879368707,～～～
534.628,普通弹幕,中,粉,1597590146,0,fba329db,36935025903534149,哦～一～哈～路～～～
932.519,普通弹幕,中,白,1597589852,0,f4ec3e13,36934871937974279,某科学的超傲娇炮
139.514,普通弹幕,中,白,1597589764,0,fba329db,36934825600352263,哦～   一～  哈～  卢～
940.439,底部弹幕,中,红,1597589382,0,dba6712,36934625771651077,铁骨铮铮炮姐
1171.806,普通弹幕,中,白,1597589113,0,6d020734,36934484269465603,螺旋丸
1121.146,普通弹幕,中,白,1597589056,0,6d020734,36934454840655879,劫匪完了
856.999,底部弹幕,中,红,1597588898,0,4623abb9,36934371683336199,好听？好听就是好头
855.911,底部弹幕,中,红,1597588894,0,4623abb9,36934369456160771,好听？好听就是好头
635.572,底部弹幕,中,红,1597588839,0,167dcb53,36934341130452999,hop
1233.563,普通弹幕,中,白,1597588439,0,b78c200d,36934131083902981,不可以转移别人的头吗
797.118,普通弹幕,中,白,1597587715,0,a07228a3,36933751310647301,冒昧问一句，电脑配件是什么？
476.553,普通弹幕,中,白,1597587284,0,a07228a3,36933525554855943,赶紧把圣骑踢了
304.39,普通弹幕,中,白,1597587050,0,a07228a3,36933402956398595,狙击手可以gun回家种地了
208.135,普通弹幕,中,白,1597586424,0,30a1ad38,36933074389827589,哔哩哔哩( ゜- ゜)つロ 乾杯、
196.441,普通弹幕,中,红,1597586417,0,bf1dbc72,36933071167553539,哔哩哔哩 - ( ゜- ゜)つロ 乾杯~ 
194.321,普通弹幕,中,红,1597586412,0,bf1dbc72,36933068473761799,哔哩哔哩 - ( ゜- ゜)つロ 乾杯~ 
186.441,普通弹幕,中,白,1597586379,0,bf1dbc72,36933051033845765,哔哩哔哩 - ( ゜- ゜)つロ 乾杯~ 
745.265,普通弹幕,中,白,1597586204,0,6aa10973,36932959393546311,486！
168.665,普通弹幕,中,蓝,1597586005,0,7b6df3f9,36932854829547523,哔哩哔哩干杯~~~
230.523,普通弹幕,中,白,1597585844,0,fd10c72e,36932770778316805,哈哈哈哈
198.098,普通弹幕,中,白,1597585813,0,980b515d,36932754629197831,bilibili
186.28,普通弹幕,中,白,1597585795,0,980b515d,36932745016901639,哔哩哔哩干杯
79.076,普通弹幕,中,白,1597585543,0,153d8ea7,36932612610588675,打 脸
628.569,普通弹幕,中,白,1597585166,0,655aebae,36932415040520197,网抑云时间到
1246.54,普通弹幕,中,白,1597585098,0,e654d010,36932379489075205,危危危危危危危危危危
266.706,普通弹幕,中,白,1597585095,0,694f5486,36932377677660165,两个都不错
121.68,普通弹幕,中,白,1597584514,0,655aebae,36932073076293639,贝蒂
91.679,普通弹幕,中,白,1597584457,0,655aebae,36932043576705029,小混混：高危职业
678.16,普通弹幕,中,白,1597584021,0,51c4e561,36931814730235911,冰箱哥好像是这么想的吧
20.24,底部弹幕,中,红,1597584010,0,1425b4d1,36931808816267271,危   小混混   危
548.788,普通弹幕,中,白,1597583862,0,90665e69,36931731666763781,明明是突击手
1248.532,底部弹幕,中,红,1597583746,0,afdfcca1,36931670667427847,危危危危危危危危危
1306.425,普通弹幕,中,红,1597583661,0,48f49ed7,36931626292740101,天下无敌=秒跪大爷
1261.568,普通弹幕,中,红,1597583594,0,48f49ed7,36931590951534595,不要回头啊兄弟
1247.076,普通弹幕,中,白,1597583549,0,13333fa,36931567430402055,危危危危危危危
169.516,普通弹幕,中,白,1597583457,0,a3457ae2,36931518875041795,因为一首BGM而追了整部番
780.216,普通弹幕,中,红,1597583114,0,48f49ed7,36931339310071813,橡胶果实
763.222,普通弹幕,中,红,1597583089,0,48f49ed7,36931326284136451,买电脑配件
613.078,普通弹幕,中,红,1597582930,0,48f49ed7,36931242686414853,众所周知，LV0>LV5>LV4>LV3>LV2>LV1>LV0
269.84,底部弹幕,中,红,1597582750,0,afdfcca1,36931148225445891,危   贩卖机    危
337.116,普通弹幕,中,白,1597582693,0,33c0fac0,36931118414430215,洛克王国？
177.287,普通弹幕,中,白,1597582476,0,273242c9,36931005014605831,哔哩哔哩gb
8.252,底部弹幕,中,红,1597582464,0,afdfcca1,36930998519201795,回来看电脑配件
237.133,普通弹幕,中,白,1597582060,0,29c953e3,36930786835300359,这是啥时候的番啊
837.701,底部弹幕,中,粉,1597581885,0,fddf2c7,36930694748307459,泪爷是日奈森亚梦的配音…
699.217,普通弹幕,中,蓝,1597581660,0,fddf2c7,36930577051942915,泪爷是没花的！！！
347.721,普通弹幕,中,白,1597581552,0,bd8430ad,36930520143101955,卓别林
187.02,普通弹幕,中,白,1597581543,0,d94d9583,36930515412451333,哔哩哔哩 - (゜- ゜)つロ 乾杯~
228.276,普通弹幕,中,白,1597581419,0,c0dcf659,36930450715312133,哔哩哔哩 - ( ゜- ゜)つロ 乾杯~哔哩哔哩 - ( ゜- ゜)つロ 乾杯~
470.913,普通弹幕,中,白,1597581325,0,dd7f745f,36930401208369159,前方高能，非战及撤
199.79,普通弹幕,中,白,1597580713,0,2589707d,36930080255508487,哔哩哔哩-(゜-゜)つロ乾杯~
180.854,普通弹幕,中,白,1597580685,0,2589707d,36930065905745927,哔哩哔哩-(゜-゜)つロ乾杯~
367.684,普通弹幕,中,白,1597580674,0,fddf2c7,36930060223512583,这不是投的，这是瞬移过去的……
46.199,普通弹幕,中,红,1597580065,0,7ccac6f7,36929740745474053,好看的
168.759,底部弹幕,中,蓝,1597580064,0,da7c2a34,36929740167184387,哔哩哔哩( ゜- ゜)つロ 乾杯、
630.704,底部弹幕,中,黄,1597579644,0,784a296a,36929520256679941,网抑云
62.022,普通弹幕,中,白,1597579607,0,7323b78b,36929500561276931,非人学院
439.718,底部弹幕,中,红,1597579423,0,784a296a,36929404081799175,菲律宾炸鱼队
1358.179,普通弹幕,中,白,1597578716,0,c3217f46,36929033254993923,上一个无敌的已经变冰箱了
1324.551,普通弹幕,中,白,1597578488,0,e9acdd98,36928914133090311,破坏大王
1280.873,普通弹幕,中,白,1597577749,0,905e9855,36928526438367235,在这个城市劫匪是最高危的职业
1386.806,普通弹幕,中,青,1597577164,0,1c069b12,36928219691089923,上一个无敌的在岩浆里停止了思考
1166.611,底部弹幕,中,黄,1597577117,0,91459322,36928194942599171,三妹真火
1001.527,普通弹幕,中,白,1597576680,0,4e1c3b3c,36927966240833539,前面是预言家
1408.583,普通弹幕,中,黄,1597576652,0,61616549,36927951598518275,动作指导：皮卡丘
1120.105,普通弹幕,中,白,1597576305,0,fcc4191e,36927769490751491,旮瘩口头哇路
560.777,普通弹幕,中,白,1597575789,0,f9c9110c,36927498786177027,！！！！！！！！！！！！！
452.825,普通弹幕,中,白,1597575671,0,f9c9110c,36927436921241607,啊这？？
593.663,普通弹幕,中,白,1597575662,0,916918c1,36927432522465285,有男主吗？？
100.394,普通弹幕,中,红,1597575073,0,72b56325,36927123372376069,黑子！！！！
79.141,普通弹幕,中,红,1597575039,0,72b56325,36927105854341123,真·安全
32.798,普通弹幕,中,白,1597574976,0,72b56325,36927072691552263,小混混 危
1251.177,普通弹幕,中,红,1597574897,0,ed13d004,36927031419076613,危危危危危危危危危危危危危危危危危危危危
472.701,普通弹幕,中,白,1597574747,0,3751e33c,36926952672067587,前方高能
805.32,普通弹幕,中,黄,1597574586,0,af646cbf,36926868166279171,哇哦
56.849,普通弹幕,中,黄,1597574509,0,ccfc700d,36926828004245507,人体美学
644.465,普通弹幕,中,白,1597574380,0,af646cbf,36926759895564293,这像是10年的手机
279.411,普通弹幕,中,白,1597573938,0,af646cbf,36926528303398915,贩卖机！
326.895,普通弹幕,中,白,1597573504,0,bc07243b,36926300885614595,绅士检查
234.072,普通弹幕,中,白,1597572687,0,6fa44cd1,36925872410722309,哔哩哔哩
18.97,普通弹幕,中,白,1597572387,0,f343c15,36925715291045895,宝箱
294.013,普通弹幕,中,白,1597571587,0,c1635bf6,36925296072458247,就挺秃然是……hhhc
1409.366,底部弹幕,中,红,1597571156,0,2a7d07e2,36925070065532935,啊~
1369.588,底部弹幕,中,红,1597571111,0,2a7d07e2,36925046148038659,一方大爷
1257.271,底部弹幕,中,红,1597570987,0,2a7d07e2,36924981189279749,官方吐槽
1248.231,底部弹幕,中,红,1597570971,0,2a7d07e2,36924972998328325,微微诶
1074.366,底部弹幕,中,红,1597570774,0,2a7d07e2,36924869742952451,抢劫犯比混混还要高危
1028.213,底部弹幕,中,黄,1597570683,0,2a7d07e2,36924822020161543,盲猜里面有好恰的【doge】
1003.627,底部弹幕,中,黄,1597570618,0,2a7d07e2,36924787806699525,突然猫眼
994.36,底部弹幕,中,黄,1597570593,0,2a7d07e2,36924774795444227,一只美琴失去了梦想
980.777,底部弹幕,中,黄,1597570555,0,2a7d07e2,36924755030310915,一脸雅俗
971.499,底部弹幕,中,黄,1597570540,0,2a7d07e2,36924747078434821,前有可能
938.386,底部弹幕,中,黄,1597570508,0,2a7d07e2,36924729954140165,呱呱呱？
884.017,底部弹幕,中,黄,1597570426,0,2a7d07e2,36924687043788805,电脑配件？
79.58,普通弹幕,中,白,1597569891,0,7ef89a3a,36924406827057223,安全
102.144,普通弹幕,中,白,1597569229,0,20347aee,36924059561754629,都是怪物
845.795,普通弹幕,中,白,1597569157,0,bfd34e2f,36924022034268165,泡泡茶壶
224.775,普通弹幕,中,白,1597568367,0,9a9ab378,36923607758143493,耳朵怀孕
139.989,普通弹幕,中,白,1597568164,0,31e9110c,36923501437255687,说了那么久才发现
1135.03,普通弹幕,中,白,1597568135,0,d9afe6e5,36923486041538563,加急们都
79.138,普通弹幕,中,白,1597567534,0,229d6e16,36923171090726915,安全极了
570.873,普通弹幕,中,黄,1597567221,0,4066f6eb,36923006936678405,求男生视角
541.802,底部弹幕,中,红,1597567202,0,cb37a47a,36922996635467783,Level   6  上升气流
519.502,底部弹幕,中,青,1597567127,0,cb37a47a,36922957484785669,醋不及防
478.042,底部弹幕,中,黄,1597567071,0,cb37a47a,36922928303964167,摄影师加鸡腿
391.953,普通弹幕,中,白,1597566921,0,a8aa0416,36922849375027205,婚前天美
273.242,底部弹幕,中,红,1597566828,0,cb37a47a,36922800527638535,危！危！危！
152.591,底部弹幕,中,红,1597566755,0,cb37a47a,36922762241507331,正片开始
1035.4,普通弹幕,中,白,1597566747,0,6526a446,36922758033047557,还是煎饼好吃
22.151,底部弹幕,中,红,1597566608,0,cb37a47a,36922685454811141,危！危！危！
438.425,普通弹幕,中,白,1597566564,0,adeb1882,36922662216794119,补出生下来这几年的翻
184.979,普通弹幕,中,白,1597566114,0,38628679,36922426413023239,哔哩哔哩 (゜-゜)つロ 干杯~
1043.73,普通弹幕,中,白,1597565910,0,752e7933,36922319365996551,教主呢
506.279,普通弹幕,中,白,1597565815,0,6bedb6df,36922269515120647,绅士呀
520.876,普通弹幕,中,白,1597565753,0,295dd9e8,36922237149773831,黑子的篮球
435.616,普通弹幕,中,白,1597565658,0,295dd9e8,36922187339792387,魔王魔王
409.496,普通弹幕,中,白,1597565628,0,295dd9e8,36922171681406979,常磐庄吾
197.246,普通弹幕,中,白,1597565443,0,9d23857a,36922074498859013,哔哩哔哩 - ( ゜- ゜)つロ 乾杯~
1211.624,普通弹幕,中,黄,1597565038,0,844ff1b1,36921862465781765,讲道理电脑配件也可以吧
6.02,普通弹幕,中,白,1597563735,0,692b3b93,36921179118239749,哔哩哔哩
858.927,普通弹幕,中,白,1597563336,0,8c375147,36920969744351235,动作指导：小鸟游六花
58.538,普通弹幕,中,白,1597563037,0,c9390ff6,36920813349240839,四蛋都
520.339,普通弹幕,中,白,1597562901,0,337b19e4,36920742120521731,方言hhhh
213.211,普通弹幕,中,白,1597562734,0,75f0bed1,36920654547648519,跟魔禁里的手势不一样
134.969,普通弹幕,中,红,1597562371,0,e5ebaad3,36920463888744451,热心市民炮姐
477.132,普通弹幕,中,白,1597561132,0,7dbe0daf,36919814526074883,摄影师日常鸡腿里找饭
231.335,底部弹幕,中,紫,1597561112,0,fd2e4e45,36919804172435463,哔哩哔哩 - ( ゜- ゜)つロ 乾杯~
177.437,普通弹幕,中,白,1597560603,0,a2cd7809,36919537014669319,哔哩哔哩乾杯
56.31,普通弹幕,中,白,1597560198,0,1776f4b,36919324534374403,matlab
63.954,普通弹幕,中,白,1597559446,0,51050031,36918930702860291,四蛋都
55.4,普通弹幕,中,白,1597559426,0,51050031,36918919861108741,替身 
1310.221,普通弹幕,中,黄,1597559321,0,8b0ddd56,36918864679796741,啊啊啊炮姐帅
1212.076,普通弹幕,中,白,1597559135,0,3ba3d35e,36918767228813315,保安在哪里？
19.08,普通弹幕,中,白,1597559120,0,c89c341d,36918759662813191,快点快点快点
6.94,普通弹幕,中,粉,1597559095,0,c89c341d,36918746470154245,梦开始了
1394.858,底部弹幕,中,粉,1597558751,0,63151af9,36918566035390467,欧~尼~桑~麻~
1395.84,普通弹幕,中,白,1597557783,0,bf817592,36918058365747203,百合剧
956.0,普通弹幕,中,白,1597557338,0,bf817592,36917824988905479,光速打脸
911.94,普通弹幕,中,白,1597557277,0,bf817592,36917793293598727,男主出场了
1291.197,普通弹幕,中,白,1597557271,0,13b77bf2,36917790360731653,危危危危危危危危危危危危危危危危危危危危危危危危危危危危危危危危危危危危危危危危
172.854,底部弹幕,中,黄,1597557177,0,2eaa4548,36917740926664711,哔哩哔哩-(゜-゜)つロ乾杯~
171.5,普通弹幕,中,白,1597556864,0,e5ae5343,36917576645214211,???
152.118,普通弹幕,中,白,1597556573,0,23ca891b,36917424026026055,用心做超炮，用脚做魔禁
609.718,普通弹幕,中,白,1597556560,0,12832d88,36917417274769411,黑的
65.182,普通弹幕,中,白,1597556466,0,1190210f,36917368160518149,历史啊
638.546,底部弹幕,中,红,1597556286,0,ff09a53d,36917273621954565,上一个成神的已经停止思考了
63.256,普通弹幕,中,白,1597555983,0,2c3b6de5,36917114768457731,C++
1003.348,普通弹幕,中,白,1597555897,0,6c2f402,36917069827538949,此时一只炮姐失去梦想
569.062,底部弹幕,中,红,1597555770,0,8f868e79,36917003348869125,。。。
186.365,普通弹幕,中,白,1597555531,0,598577ed,36916877658161155,( ゜- ゜)つロ哔哩哔哩干杯~
165.66,普通弹幕,中,白,1597555079,0,46fc16fb,36916640665305091,bilibili- ( ゜- ゜)つロ 乾杯~
550.129,普通弹幕,中,白,1597554691,0,f66e9f62,36916437264629767,wc
151.617,普通弹幕,中,黄,1597554393,0,4ea4afee,36916281070321669,咂！瓦鲁多
64.837,普通弹幕,中,红,1597554258,0,4ea4afee,36916210605490181,钞能力
1063.045,普通弹幕,中,白,1597553639,0,ef222027,36915885653360645,哈哈哈哈
121.308,普通弹幕,中,白,1597553327,0,f66e9f62,36915722391126019,好可爱
1188.799,底部弹幕,中,红,1597553273,0,9f776f7,36915694245773315,求劫匪视角
1245.684,普通弹幕,中,红,1597553048,0,7bb38377,36915575979507715,一路走好
1377.03,普通弹幕,中,白,1597552927,0,d6b2d6c5,36915512788647939,上一个无敌的坐在轮椅上了
220.177,普通弹幕,中,棕,1597552896,0,786bb5bd,36915496511602757,bilibili- ( ゜- ゜)つロ 乾杯~
1160.857,普通弹幕,中,红,1597552737,0,7bb38377,36915413196472323,awslalal
1051.377,普通弹幕,中,红,1597552614,0,7bb38377,36915348630405125,awsl
658.449,普通弹幕,中,白,1597552536,0,5785f579,36915307582849029,进度君保持住
476.149,普通弹幕,中,白,1597552342,0,5785f579,36915205686951939,奇怪的知识增加了
466.249,普通弹幕,中,白,1597552322,0,5785f579,36915195519959043,有内味了
1026.714,普通弹幕,中,白,1597551908,0,3cf7b499,36914978442707011,来一箱纳豆
1010.814,普通弹幕,中,白,1597551885,0,3cf7b499,36914966092578821,猿形毕露
410.822,普通弹幕,中,黄,1597551853,0,fe0a2f34,36914949560729605,老贝蒂了
116.2,普通弹幕,中,白,1597551377,0,fc7e9158,36914699805655043,电脑配件到了
62.3,普通弹幕,中,白,1597551211,0,fc7e9158,36914613167063043,——————‖==
1171.044,普通弹幕,中,白,1597551188,0,14cf7eff,36914601035563015,火离曜月
468.254,普通弹幕,中,白,1597550980,0,4cc4ed9d,36914491602501639,好大好大～
708.815,普通弹幕,中,橙,1597550722,0,f65a2c06,36914356593623045,大橘已定
212.379,普通弹幕,中,白,1597550700,0,4cc4ed9d,36914344995323909,哔哩哔哩哔哩哔哩哔哩哔哩哔哩哔哩哔哩
1374.825,普通弹幕,中,白,1597550048,0,25a5ae0a,36914003127042051,阿里嘎多。
1274.285,普通弹幕,中,白,1597549927,0,25a5ae0a,36913939820838915,慕了 摸一次就能摸到口袋 啊哈哈。
1246.385,普通弹幕,中,白,1597549863,0,25a5ae0a,36913906360778757,危危危危危危危危危危危危危
1126.785,普通弹幕,中,白,1597549722,0,25a5ae0a,36913832002060293,逝者安息 一路走好。
1106.485,普通弹幕,中,白,1597549695,0,25a5ae0a,36913818153517061,劫匪＝抢劫 抢劫＝接受黑子的爱。
1182.492,普通弹幕,中,白,1597549583,0,6e99e6d3,36913759537070083,动作指导——草稚京
776.585,普通弹幕,中,白,1597549272,0,25a5ae0a,36913596439986183,h an i tai。
859.694,普通弹幕,中,白,1597549230,0,6e99e6d3,36913574336004103,可爱
941.814,普通弹幕,中,白,1597548560,0,316688b4,36913222967623687,言不由衷
168.628,普通弹幕,中,白,1597548429,0,eaf2e46f,36913154162688007,神父果然还是。。
39.738,普通弹幕,中,白,1597548295,0,eaf2e46f,36913084059090951,从魔禁来
333.657,普通弹幕,中,白,1597548114,0,fc7b4503,36912988967927813,卓别林
81.98,普通弹幕,中,白,1597547995,0,25a5ae0a,36912926597578759,实锤。安全
198.679,普通弹幕,中,白,1597547022,0,5efa1f28,36912416749518851,为什么这么熟悉
31.927,普通弹幕,中,白,1597545873,0,92505bfe,36911814248759299,一方大爷最强
1428.856,普通弹幕,中,绿,1597545258,0,82e5c4bf,36911491693150211,"正しい道の光が,大地を照らしている."
1316.277,普通弹幕,中,红,1597545171,0,fefe374f,36911446166077447,炊事班都看到了
166.971,普通弹幕,中,黄,1597545078,0,6d6ac5a9,36911397603377155,olp
186.984,普通弹幕,中,红,1597545055,0,c9d91ce9,36911385475022851,哔哩哔哩 - ( ゜- ゜)つロ 干杯~
1221.622,普通弹幕,中,红,1597545050,0,fefe374f,36911382758162437,炊事班呢
1165.362,普通弹幕,中,红,1597544974,0,fefe374f,36911342925381635,顶部的人才
270.032,普通弹幕,中,蓝,1597544948,0,c0f26e8e,36911329550270469,超炮找当妈，魔禁找bilibili
80.09,普通弹幕,中,红,1597544676,0,c0f26e8e,36911186955993095,好安全
47.077,普通弹幕,中,红,1597544633,0,c0f26e8e,36911164129542149,实验都市
186.388,普通弹幕,中,白,1597544202,0,e4a019bd,36910938167181381,哔哩哔哩 （゜-゜）つロ 干杯~-
1068.242,普通弹幕,中,白,1597543860,0,9248ddd2,36910758913638405,太平洋标准差事
246.4,普通弹幕,中,白,1597542750,0,ef234eaf,36910177122779143,干杯
1237.611,普通弹幕,中,白,1597542604,0,2d0419e8,36910100609236997,混混兄弟一路走好……
1388.562,普通弹幕,中,红,1597542511,0,9172e855,36910051800645639,上一个无敌的已经死了无数次了
1410.949,普通弹幕,中,白,1597542089,0,5aba36b5,36909830328287235,众所周知，这是一部百合番
395.046,普通弹幕,中,白,1597541965,0,76794b5f,36909765349081093,智子狂喜
1396.952,普通弹幕,中,白,1597541858,0,5aba36b5,36909709434814467,另类的人生赢家：御坂美琴
1317.085,普通弹幕,中,白,1597541597,0,36ae5f2f,36909572528013315,要是开大众 人没了
1214.037,普通弹幕,中,白,1597541474,0,5aba36b5,36909507762716677,狙击手，TND狙击手呢！
116.648,普通弹幕,中,红,1597541270,0,9172e855,36909401038127109,贝蒂（确信）
579.726,普通弹幕,中,黄,1597540381,0,478feb20,36908934955008005,橘事大好
292.74,普通弹幕,中,黄,1597540025,0,478feb20,36908748462096387,安全裤？！
779.422,普通弹幕,中,白,1597539906,0,bf7a8a2c,36908686005239813,百合无限好可惜生不了因为生不了所以无限
773.202,普通弹幕,中,白,1597539891,0,bf7a8a2c,36908678192300037,百合？
1098.99,普通弹幕,中,红,1597539890,0,78af52dc,36908677604573189,差事太平洋银行
1368.022,普通弹幕,中,白,1597539308,0,51eb14a9,36908372196327431,美男卡兹
550.266,普通弹幕,中,白,1597539304,0,34709499,36908370393825285,狙击手
1199.914,普通弹幕,中,白,1597539149,0,51eb14a9,36908289127088135,布加拉提
175.485,普通弹幕,中,白,1597537807,0,f4ec3e13,36907585407811589,男主呱太
1169.814,普通弹幕,中,白,1597537604,0,e08a80cc,36907478815866885,大蛇椎！！！
208.062,底部弹幕,中,淡蓝,1597536249,0,5a65dc46,36906768411394053,哔哩哔哩 （゜-゜）つロ 干杯~-`
384.827,普通弹幕,中,白,1597536245,0,8c86894c,36906766581628931,对比
189.159,普通弹幕,中,淡蓝,1597536230,0,5a65dc46,36906758495010821,哔哩哔哩 （゜-゜）つロ 干杯~-
458.94,普通弹幕,中,白,1597533429,0,4bfe6525,36905290282041351,暗示投币
466.205,普通弹幕,中,白,1597531414,0,b2eea45e,36904233518759941,嗷嗷嗷
1423.564,普通弹幕,中,白,1597530905,0,4d25a744,36903966779899907,正道の光が大地を照らした
257.671,普通弹幕,中,白,1597527887,0,ff3d5188,36902384462462983,しるいくろこ
1139.652,普通弹幕,中,白,1597525151,0,e32e9339,36900949866840071,p——————d———————d————————
575.366,普通弹幕,中,白,1597518300,0,1acc1fd2,36897357827670019,没男主
472.326,普通弹幕,中,白,1597518190,0,1acc1fd2,36897300375666693,男人~天堂
1196.246,普通弹幕,中,红,1597515569,0,cb0250fe,36895926407135239,佩恩直呼内行
939.704,底部弹幕,中,粉,1597515023,0,ccfa73ff,36895639765778437,黑子憋笑也太可爱了吧犯规了
479.041,普通弹幕,中,白,1597514921,0,8e7637e7,36895586282110983,假的，没有透
1002.686,普通弹幕,中,白,1597514657,0,190c6d91,36895447879516163,哈哈哈
145.802,普通弹幕,中,白,1597514443,0,ccfa73ff,36895336155840515,谁敢跳
164.0,底部弹幕,中,红,1597514282,0,fa4002d4,36895251593953287,bilibili- ( ゜- ゜)つロ 乾杯~ 
189.871,普通弹幕,中,白,1597513951,0,18261d81,36895077862211589,bilbil-(  °-  °)>口乾杯～
161.597,普通弹幕,中,白,1597513815,0,6cd9fb8f,36895006610423811,哔哩哔哩 - ( ゜- ゜)つロ 乾杯~
470.683,普通弹幕,中,粉,1597513723,0,3b81cc5f,36894958192427011,百看不厌
499.489,普通弹幕,中,蓝,1597512609,0,78e16426,36894374357368835,摄影师鸡腿里挑米饭
1005.579,普通弹幕,中,白,1597511333,0,c96aa220,36893705651093509,一只御坂失去啦梦想
386.489,普通弹幕,中,白,1597511289,0,309a466e,36893682105319431,这衣服好大
92.266,普通弹幕,中,红,1597511231,0,f80bb410,36893651917340679,老打脸了
81.173,普通弹幕,中,白,1597511206,0,f80bb410,36893638942261255,老打脸了
928.885,普通弹幕,中,白,1597510003,0,e095232,36893007997304839,贝蒂
61.827,普通弹幕,中,白,1597507864,0,60ccc45c,36891886441988099,C#
550.262,底部弹幕,中,红,1597507151,0,93ddf676,36891512715870215,基……基洛夫!快起防空!（红警乱入）
739.129,普通弹幕,中,白,1597507044,0,5f7a0b04,36891456696221703,这个双马尾的配音是不0开始那里的贝蒂啊？
789.332,底部弹幕,中,黄,1597506968,0,1c6bba6a,36891416839323653,故乡的百合花开了
575.87,底部弹幕,中,黄,1597506883,0,1c6bba6a,36891372224512007,狙击手
94.303,普通弹幕,中,白,1597506834,0,2d0419e8,36891346818564101,风纪委员黑子！！！！
1172.07,普通弹幕,中,黄,1597506785,0,dc9d87d3,36891320798674947,玩火！
1403.131,普通弹幕,中,白,1597506702,0,4938c084,36891277463126021,没有男主的一集
1357.414,普通弹幕,中,白,1597506657,0,4938c084,36891253602779143,回头是岸
1039.03,普通弹幕,中,黄,1597506646,0,dc9d87d3,36891247997091843,高级版煎饼果子
157.88,普通弹幕,中,白,1597506643,0,c387774c,36891246634991619,好燃
1349.156,普通弹幕,中,白,1597506604,0,cfcd7ba7,36891226176225287,上一个无敌的人坟头都长草了
788.71,普通弹幕,中,黄,1597506380,0,dc9d87d3,36891108396498951,百合
1132.437,普通弹幕,中,白,1597506231,0,cfcd7ba7,36891030533963781,大人，时代变了
489.79,普通弹幕,中,黄,1597506078,0,dc9d87d3,36890950015385603,好棒
427.669,普通弹幕,中,白,1597505808,0,7cd35837,36890808477024259,好平平的……
500.866,普通弹幕,中,白,1597505687,0,6fb1cf6c,36890745441353731,有男主吗兄弟们
23.46,普通弹幕,中,白,1597505669,0,dc9d87d3,36890735853174791,日常套路
535.39,普通弹幕,中,白,1597504932,0,c1c245ff,36890349399965701,好像混进了什么奇怪的东西
1360.3,普通弹幕,中,白,1597504694,0,39d8e310,36890224606314499,火确实不行，小广告哥单挑还没赢过
936.146,普通弹幕,中,白,1597504591,0,697a097e,36890170460995587,暗示不是女生，妹妹可以
1025.81,普通弹幕,中,绿,1597504546,0,c579c2b,36890147166355459,呱太好可爱啊！！！！！！！！！！
462.258,普通弹幕,中,白,1597503300,0,998054ab,36889493928148995,有点意思
1397.596,底部弹幕,中,黄,1597502904,0,958b58c,36889286272876547,Handsome的卡兹想回家
48.239,普通弹幕,中,白,1597502819,0,f2ca1513,36889241806438403,风力发电安装在城市里
1003.638,普通弹幕,中,白,1597502781,0,e4864d0a,36889221787549701,"哈哈哈,秒变"
31.538,普通弹幕,中,白,1597502614,0,c8aa23ba,36889134285455365,大爷，教主，炮姐都说过
944.743,普通弹幕,中,白,1597502293,0,4dcf676b,36888965970657283,某科学的奇怪xp
1193.692,普通弹幕,中,白,1597502180,0,4f36f2a2,36888906364354567,かっこいい.
1063.692,普通弹幕,中,白,1597502028,0,4f36f2a2,36888826792640517,哈哈
800.632,底部弹幕,中,黄,1597501949,0,9c04b2d8,36888785698947075,女主黑子，男主炮姐
768.212,普通弹幕,中,白,1597501847,0,9c04b2d8,36888731902803975,去宾馆。。。
432.724,普通弹幕,中,白,1597501758,0,4dcf676b,36888685446168583,牛顿之泪
190.005,普通弹幕,中,白,1597501707,0,6883c3dc,36888658399723523,哔哩哔哩 (゜-゜)つロ 干杯~
1398.923,底部弹幕,中,红,1597500899,0,626c9767,36888235143593987,上一个无敌的在坐轮椅呢
1432.174,普通弹幕,中,白,1597500857,0,331a44fb,36888212669988871,正しい道の光が大地を照らした.
1188.183,底部弹幕,中,红,1597500679,0,626c9767,36888119565352965,帅的一批啊
205.169,普通弹幕,中,白,1597500468,0,900ef5a4,36888008886583303,(-。-)
111.74,普通弹幕,中,红,1597499943,0,da9d5660,36887733726085123,这……这花圈是02同款？
276.743,底部弹幕,中,红,1597499762,0,626c9767,36887638795354119,名场面
182.492,普通弹幕,中,白,1597499603,0,ca9be87e,36887555490185223,哔哩哔哩 (゜-゜)つロ 干杯~
1281.604,普通弹幕,中,白,1597499432,0,6b5f9abc,36887465873637379,自信回头
216.957,普通弹幕,中,白,1597499370,0,f7267f5d,36887433134997507,开始追番
227.605,普通弹幕,中,绿,1597499313,0,f8bf13e6,36887403472879619,哔哩哔哩 - ( ゜- ゜)つロ 乾杯~ 
273.685,普通弹幕,中,红,1597499006,0,e62e95a8,36887242309894149,45°xx预备
1076.849,底部弹幕,中,红,1597498998,0,d4dbafa,36887238045859845,危    劫匪    危
961.279,底部弹幕,中,绿,1597498951,0,60c6992a,36887213569474565,呱呱呱呱呱呱呱呱呱呱呱呱呱呱
1249.25,普通弹幕,中,白,1597498418,0,2278bad1,36886934374580227,危危危危
253.721,普通弹幕,中,红,1597498186,0,fae8fb3a,36886812803727367,贝蒂啊！！！
159.377,底部弹幕,中,白,1597498072,0,d4dbafa,36886752809451527,bilibili- ( ゜- ゜)つロ 乾杯~
192.077,普通弹幕,中,白,1597498068,0,7b824b89,36886750658297863,哔哩哔哩生(◦˙▽˙◦)干杯
170.413,普通弹幕,中,白,1597498045,0,b277c599,36886738868633603,哔哩哔哩干杯
163.477,普通弹幕,中,白,1597498033,0,7b824b89,36886732154077189,跳过op打断腿
1081.998,普通弹幕,中,白,1597498004,0,e78139c6,36886716969648133,迷迭迷迭帕里桑
178.44,普通弹幕,中,白,1597497914,0,6b04f180,36886669756465159,哔哩哔哩干杯
789.416,普通弹幕,中,黄,1597497801,0,51eb14a9,36886610623594501,il vento d’oro
789.416,普通弹幕,中,黄,1597497765,0,51eb14a9,36886591714099205,i’ll
97.205,普通弹幕,中,白,1597497729,0,694ff465,36886572794118149,贝蒂？
1047.993,底部弹幕,中,绿,1597497704,0,b0c50736,36886559790202887,日常生活番(确信)
1306.794,普通弹幕,中,深蓝,1597497117,0,b30c61f9,36886251938775045,夏尔米直呼内行
1402.28,普通弹幕,中,白,1597497059,0,7b242803,36886221718814727,所以，不要停下来啊
918.274,普通弹幕,中,绿,1597496749,0,4d25a744,36886059174854659,呱呱呱呱呱呱呱呱呱呱呱
18.816,普通弹幕,中,白,1597496722,0,495f9eed,36886045066788867,only my railgun
221.699,普通弹幕,中,白,1597496701,0,6616d465,36886033860132931,哔哩哔哩 (゜-゜)つロ 干杯~
86.991,普通弹幕,中,蓝,1597496581,0,cc05312f,36885971142705155,真安全
344.359,普通弹幕,中,红,1597496575,0,5d152707,36885967680831493,有眼就行
733.369,普通弹幕,中,深蓝,1597496511,0,b30c61f9,36885934418427911,黑子和贝蒂的声优就是一个人
753.185,普通弹幕,中,白,1597496388,0,7b242803,36885870019608583,这一次见面，影响了一生
777.107,普通弹幕,中,黄,1597496376,0,cbf5f71e,36885863500611589,大橘已定
206.952,普通弹幕,中,白,1597496173,0,d4e1a66f,36885757399924743,bilibili- ( ゜- ゜)つロ 乾杯~
759.209,普通弹幕,中,黄,1597496084,0,bae0d927,36885710603026439,◣◥◣◥◣◥◣◥◣◥◣◥◣◥◣◥◣◥◣WARNING◥◣◥◣◥◣◥◣◥◣◥◣◥◣◥◣◥◣◥
385.849,普通弹幕,中,白,1597496012,0,7b242803,36885672749432835,光子！
57.282,普通弹幕,中,白,1597495996,0,334b8962,36885664123322373,线性代数
202.559,普通弹幕,中,红,1597495937,0,4d25a744,36885633517486083,哔哩哔哩-(゜-゜)つロ乾杯~
30.987,普通弹幕,中,白,1597495817,0,570032f9,36885570425192455,小——————混——————混——————
850.018,普通弹幕,中,白,1597495769,0,8c80c274,36885545522561029,这个09年的！？
139.398,普通弹幕,中,白,1597495748,0,7b242803,36885534432821251,欧内撒嘛
806.167,普通弹幕,中,白,1597495725,0,8c80c274,36885522552979459,路人……
97.333,普通弹幕,中,白,1597495704,0,7b242803,36885511256670213,黑子~~
208.459,普通弹幕,中,白,1597495549,0,480d0748,36885430115762179,哔哩哔哩
471.359,底部弹幕,小,黄,1597495330,0,78d1485b,36885315177676807,前方高能
782.454,普通弹幕,中,黄,1597495001,0,768be3db,36885142779723779,？？？
289.545,普通弹幕,中,红,1597494137,0,e951303e,36884689656479751,所言极是
280.668,普通弹幕,中,红,1597494121,0,e951303e,36884681536831491,可搜
169.065,普通弹幕,中,白,1597494061,0,fc85e7a0,36884650058055685,哔哩哔哩( ゜- ゜)つロ 乾杯、
187.585,普通弹幕,中,白,1597493804,0,5cffcf72,36884514904473605,哔哩哔哩-(゜-゜)つロ乾杯~
1118.559,普通弹幕,中,白,1597493535,0,e85cd2f3,36884374111125511,男的哎，珍稀动物
171.117,普通弹幕,中,淡蓝,1597493421,0,1c96e7d3,36884314424606727,哔哩哔哩 - ( ゜- ゜)つロ 乾杯~
1249.148,普通弹幕,中,白,1597493225,0,ddcae66b,36884211304497155,危危危危
1356.896,普通弹幕,中,白,1597492894,0,46afb104,36884037887852547,主角人均人生导师
1294.608,普通弹幕,中,白,1597492889,0,a65d6bdc,36884035628695555,下次一定
100.151,普通弹幕,中,黄,1597492770,0,51eb14a9,36883973232656387,砸！挖路多！
1081.201,普通弹幕,中,白,1597492671,0,a65d6bdc,36883920951705671,最安全的城市
531.818,普通弹幕,中,白,1597492503,0,100dea5c,36883833016549383,hhhhhhc
852.928,普通弹幕,中,白,1597492364,0,46afb104,36883760228597765,要是跟预定一样才出大问题了哎
462.569,普通弹幕,中,白,1597492197,0,6c990815,36883672718114823,下次一定
0.0,普通弹幕,中,白,1597492133,0,100dea5c,36883639264346117,这里面是啥梗啊
137.675,底部弹幕,中,黄,1597491915,0,4fd4ca41,36883525011505159,欧内撒吗
126.537,底部弹幕,中,黄,1597491904,0,4fd4ca41,36883519167266819,夹击妹抖
465.783,普通弹幕,中,红,1597491641,0,b81c80d0,36883381358166023,i了i了
240.038,普通弹幕,中,白,1597491093,0,20f0322a,36883093547122691,不在
115.782,普通弹幕,中,白,1597491004,0,dfb135f8,36883047020232709,贝蒂nice
1195.895,底部弹幕,中,红,1597490765,0,e73f0e87,36882921607921669,佩恩天道的查克拉黑棒
1001.146,底部弹幕,中,红,1597490591,0,e73f0e87,36882830558494723,LV5  失去失去高光
1077.781,底部弹幕,中,红,1597490464,0,acd923ce,36882763777835011,众所周知，劫匪和小混混都是高危职业
632.619,底部弹幕,中,红,1597490243,0,e73f0e87,36882648339578883,LV0 极其稀有
469.325,底部弹幕,中,红,1597490078,0,e73f0e87,36882561721434115,摄影师吃灯光师
76.721,底部弹幕,中,红,1597489674,0,e73f0e87,36882349750747139,minecraft
58.566,底部弹幕,中,红,1597489655,0,e73f0e87,36882339634085893,java
1320.198,普通弹幕,中,白,1597488993,0,e78b7e5b,36881992944975877,好帅
225.413,普通弹幕,中,白,1597488859,0,8048f763,36881922634809347,嘿嘿嘿
57.404,普通弹幕,中,白,1597488353,0,9e783656,36881657516523527,J——A——V——A——
522.847,普通弹幕,中,白,1597488121,0,74e7a72d,36881535720751111,无路赛
3.38,普通弹幕,中,白,1597487234,0,d48788a0,36881070579777541,开始
1199.252,底部弹幕,中,黄,1597487113,0,7d786201,36881007281963015,表情&语言指导：结标淡希
793.252,普通弹幕,中,黄,1597487072,0,ec515efb,36880985699647491,好快！！！！！
1133.226,底部弹幕,中,黄,1597486936,0,7d786201,36880914174705667,语言指导：一方通行
553.732,普通弹幕,中,黄,1597486822,0,ec515efb,36880854455681031,！！！！！！！！！
1279.788,普通弹幕,中,蓝,1597486341,0,6c4d9341,36880602515898375,众所周知230万之巅的女人最害怕的就是230万底的男人
660.052,底部弹幕,中,红,1597486147,0,a78db6bd,36880500477919237,声音好像呆唯…性格也是呆萌呆萌的
660.948,普通弹幕,中,蓝,1597485644,0,6c4d9341,36880237097123843,众所周知，在五级之上的就是零级
589.108,普通弹幕,中,蓝,1597485506,0,6c4d9341,36880164750622727,男主是呱太，嘿嘿
543.668,普通弹幕,中,蓝,1597485450,0,6c4d9341,36880135291928579,求旁边男生的视角
524.747,普通弹幕,中,蓝,1597485424,0,6c4d9341,36880121844989955,让距离变成负的
1355.73,普通弹幕,中,白,1597485271,0,e7c5a537,36880041226797063,上一个无敌的在太空中停止了思考
1354.472,普通弹幕,中,白,1597485257,0,e7c5a537,36880034054537223,上一个无敌的在石之海长眠了
379.43,普通弹幕,中,白,1597485244,0,e41f93cc,36880027187412997,夹击妹抖
1454.38,普通弹幕,中,白,1597484677,0,e0ac3c69,36879729880465415,基洛夫
568.331,普通弹幕,中,黄,1597484667,0,3704cd6,36879724671139847,AWSL
555.251,普通弹幕,中,黄,1597484641,0,3704cd6,36879710918017027,。。。。。。。。。。。。。。。。。。。。。。。
93.411,普通弹幕,中,白,1597484630,0,67ab4e13,36879705367904263,铠甲合体！
56.966,普通弹幕,中,白,1597484587,0,67ab4e13,36879682997059587,转角遇见爱！
47.872,普通弹幕,中,白,1597484577,0,67ab4e13,36879677669244933,扎UN比较遇见爱
32.313,普通弹幕,中,白,1597484558,0,67ab4e13,36879667617595399,哔哩哔哩！！！！
4.737,普通弹幕,中,白,1597484526,0,67ab4e13,36879650865020933,哈哈哈
428.791,普通弹幕,中,白,1597484470,0,3704cd6,36879621304614919,力量A 速度A+ 持续力C 精密度B  射程A+
302.625,普通弹幕,中,白,1597484185,0,3704cd6,36879472208117765,白的
161.745,普通弹幕,中,白,1597484034,0,3704cd6,36879392994492423,真·爷青回
486.814,普通弹幕,中,白,1597483415,0,7618045f,36879068258369541,好大
499.671,普通弹幕,中,白,1597483310,0,6f41368a,36879013030395911,全都是绅士
950.749,普通弹幕,中,白,1597482701,0,c7e84595,36878694126452743,吼吼吼——                    哈哈哈！
7.48,底部弹幕,中,红,1597482514,0,d8101112,36878595951951879,超炮
379.018,底部弹幕,中,黄,1597482069,0,f1166076,36878362770669573,mugi
1365.49,普通弹幕,中,红,1597481814,0,b9733d3c,36878229049442309,正道的光照在了大地上
1218.85,普通弹幕,中,白,1597481648,0,b9733d3c,36878141889708037,求地板视角
621.833,普通弹幕,中,白,1597481178,0,b81c0ba8,36877895504756739,老绅士都是
483.19,底部弹幕,中,蓝,1597481038,0,857faf4e,36877822209818629,山治直呼内行
477.99,底部弹幕,中,蓝,1597480995,0,857faf4e,36877799312064519,山治直呼内行
473.51,底部弹幕,中,蓝,1597480986,0,857faf4e,36877794874490883,阿巴
326.013,普通弹幕,中,白,1597480637,0,b81c0ba8,36877612021186565,看这红绿灯六亲不认的步伐
211.854,普通弹幕,中,白,1597479581,0,4da960e1,36877058407137283,哔哩哔哩哔哩哔哩哔哩哔哩哔哩哔哩哔哩哔哩哔哩哔哩哔哩哔哩
235.624,普通弹幕,中,白,1597478803,0,7755bb16,36876650181820423,嗶哩嗶哩
112.605,普通弹幕,中,白,1597478749,0,7755bb16,36876622182219781,黑子！
411.945,普通弹幕,中,白,1597478207,0,96675298,36876337717182471,平的
243.646,普通弹幕,中,白,1597478068,0,896f1c20,36876264811266055,有中文！
1437.256,普通弹幕,中,白,1597477636,0,43dd6c23,36876038635520005,上两个无敌的已经变成了红蓝超级兵了
1330.313,普通弹幕,中,白,1597476643,0,72d9a273,36875518062624775,二向箔
159.291,普通弹幕,中,白,1597476439,0,aa93e231,36875410693685253,biliblil
1154.51,普通弹幕,中,白,1597476274,0,ad59e6c6,36875324402171909,蝎？
1293.716,普通弹幕,中,灰,1597476193,0,bedbbade,36875282052808707,正面迎接3马赫
157.736,普通弹幕,中,白,1597476044,0,fe7a6916,36875203945955331,bilibili
1340.953,普通弹幕,中,黄,1597475746,0,5b181446,36875047659372547,上一个无敌已经在太空思考人生
202.74,底部弹幕,中,红,1597475661,0,3a091e4c,36875002736803843,bilibili- ( ゜- ゜)つロ 乾杯~
629.89,底部弹幕,中,蓝,1597474890,0,ae15c756,36874598647595015,滑滑蛋笑死
363.692,普通弹幕,中,黄,1597474656,0,5b181446,36874476133548037,补在父亲大人体内的番
101.563,普通弹幕,中,红,1597474634,0,2ff08fe8,36874464417808387,小混混v
85.443,普通弹幕,中,红,1597474599,0,2ff08fe8,36874446063534083,小混混―危
262.821,底部弹幕,中,蓝,1597474508,0,ae15c756,36874398379016197,全家？
680.572,底部弹幕,中,黄,1597473964,0,a85655f0,36874113421148167,泪爷忘看剧本了
738.196,普通弹幕,中,白,1597473913,0,65f36c6f,36874086739607555,前方高能
726.756,普通弹幕,中,白,1597473898,0,65f36c6f,36874078522966023,前方高能
723.196,普通弹幕,中,白,1597473890,0,65f36c6f,36874074563018757,前方高能
716.236,普通弹幕,中,白,1597473879,0,65f36c6f,36874068845658119,就只是
704.676,普通弹幕,中,白,1597473865,0,65f36c6f,36874061587939331,大丈夫
952.026,普通弹幕,中,白,1597472740,0,739d20b0,36873471307808775,男主 呢
559.338,普通弹幕,中,白,1597472624,0,ee4e56da,36873410763554821,泪爷 永远的神
2.796,普通弹幕,中,白,1597472545,0,b4ab4420,36873369442320389,宝藏
469.936,底部弹幕,中,黄,1597472067,0,5f43f28a,36873118593056775,下次一定
215.88,普通弹幕,中,蓝,1597471999,0,9b67eaa6,36873083135983621,哔哩哔哩 - ( ゜- ゜)つロ 乾杯~ 
934.108,普通弹幕,中,白,1597471997,0,5e4289a8,36873081933791239,老傲娇了
215.88,普通弹幕,中,绿,1597471995,0,9b67eaa6,36873080836456455,哔哩哔哩 - ( ゜- ゜)つロ 乾杯~ 
215.88,普通弹幕,中,粉,1597471991,0,9b67eaa6,36873078618718213,哔哩哔哩 - ( ゜- ゜)つロ 乾杯~ 
215.88,普通弹幕,中,蓝,1597471986,0,9b67eaa6,36873076361658371,哔哩哔哩 - ( ゜- ゜)つロ 乾杯~ 
215.88,普通弹幕,中,绿,1597471982,0,9b67eaa6,36873073978245127,哔哩哔哩 - ( ゜- ゜)つロ 乾杯~ 
215.88,普通弹幕,中,黄,1597471977,0,9b67eaa6,36873071374630919,哔哩哔哩 - ( ゜- ゜)つロ 乾杯~ 
215.88,普通弹幕,中,红,1597471972,0,9b67eaa6,36873069008519171,哔哩哔哩 - ( ゜- ゜)つロ 乾杯~ 
214.519,普通弹幕,中,白,1597471965,0,9b67eaa6,36873065255665671,哔哩哔哩 - ( ゜- ゜)つロ 乾杯~ 
213.479,普通弹幕,中,白,1597471961,0,9b67eaa6,36873062968721415,哔哩哔哩 - ( ゜- ゜)つロ 乾杯~ 
194.98,普通弹幕,中,白,1597471921,0,9b67eaa6,36873041894965253,哔哩哔哩 - ( ゜- ゜)つロ 乾杯~ 
274.369,底部弹幕,中,红,1597471853,0,5f43f28a,36873006347190277,危 贩卖机 危
1109.59,普通弹幕,中,白,1597471774,0,c937830e,36872964944166915,劫匪！！！！
153.819,普通弹幕,中,白,1597471701,0,5f43f28a,36872926619762691,近代电磁学巨头
23.4,普通弹幕,中,白,1597471555,0,5f43f28a,36872850020761605,危 小混混 危
196.605,普通弹幕,中,白,1597471343,0,68bf5290,36872739117072387,哔哩哔哩- ( ゜- ゜)つロ 乾杯~
142.962,普通弹幕,中,白,1597471126,0,f285e27f,36872625457201157,说到头发粉。。。。02必须上榜
190.612,普通弹幕,中,白,1597470944,0,e336737b,36872529861148675,bilbil( ゜- ゜)つロ 乾杯~
1246.524,普通弹幕,中,白,1597470686,0,50e90674,36872394579640325,干架
1183.304,普通弹幕,中,白,1597470573,0,e97725e9,36872335264841733,好中二啊。。。
52.211,普通弹幕,中,白,1597470470,0,c937830e,36872281218613251, ª
6.039,普通弹幕,中,白,1597470351,0,86bda2d2,36872218947354629,bilibili
1346.255,普通弹幕,中,黄,1597470149,0,1297746e,36872113075781637,上一个无敌大爷已经开了白翼了
774.514,普通弹幕,中,黄,1597470004,0,d2f9d577,36872037307252739,大橘已定
1319.153,普通弹幕,中,白,1597469856,0,f8e2bdac,36871959602528263,上一个无敌的已经成骨架了。
392.393,普通弹幕,中,白,1597469649,0,e97725e9,36871851014619139,一血光子
226.582,普通弹幕,中,白,1597469409,0,2e56e8b5,36871725349601285,哔哩哔哩 - ( ゜- ゜)つロ 乾杯~ 
619.922,普通弹幕,中,白,1597469285,0,db60d09d,36871660337364999,LV6 剧本掌握
249.019,普通弹幕,中,白,1597469203,0,3c91a5c6,36871617013350407,特别像贝迪的声音
1376.773,普通弹幕,中,白,1597469084,0,a4f5c08a,36871554935029767,脸红个泡泡茶壶
1099.738,普通弹幕,小,红,1597468681,0,1cb2ee4e,36871343233302533,劫匪，危
1385.022,普通弹幕,中,白,1597468658,0,4e4b5ae5,36871331639197699,上一个无敌的已经跟空气斗智斗勇了
632.229,普通弹幕,小,红,1597468478,0,c5e394fd,36871236796547075,盲猜本体宗
1307.545,底部弹幕,中,蓝,1597468295,0,b46d7623,36871140969283589,苏联某步兵直呼内行
1194.358,底部弹幕,中,蓝,1597468094,0,b46d7623,36871035580579843,盟军直呼内行
221.008,普通弹幕,中,白,1597468024,0,56923792,36870999096426503,哔哩哔哩干杯
1138.052,底部弹幕,中,蓝,1597467942,0,b46d7623,36870955807539205,劫匪人生赢家
1193.66,底部弹幕,中,蓝,1597467899,0,a1a8291d,36870933552037895,冰遁
1068.342,底部弹幕,中,蓝,1597467854,0,b46d7623,36870909875191815,草   太平洋标准银行   草
179.667,普通弹幕,中,白,1597467797,0,56923792,36870879875956739,bilibili- ( ゜- ゜)つロ 乾杯~ 
998.879,底部弹幕,中,绿,1597467755,0,b46d7623,36870857914580995,此时，一位满级号失去了梦想
929.406,底部弹幕,中,红,1597467561,0,a1a8291d,36870756340596739,兵长视角
21.486,底部弹幕,中,红,1597467557,0,72115376,36870754130722823,小混混 危
841.538,底部弹幕,中,绿,1597467538,0,b46d7623,36870744098471939,绿坂美琴
1429.526,普通弹幕,中,白,1597467515,0,6b7ef540,36870731985321989,P=UI
211.847,普通弹幕,中,白,1597467271,0,633334c5,36870604302843909,哔哩哔哩-(゜-゜)つロ乾杯~ 
77.842,普通弹幕,中,白,1597467165,0,4792ff86,36870548837892101,真是安全
550.237,普通弹幕,中,白,1597467012,0,66afa376,36870468307779591,哈哈哈哈哈
1246.962,普通弹幕,中,白,1597465830,0,feeb1e91,36869848594120709,危危危危
66.176,普通弹幕,中,白,1597465559,0,2e782b11,36869706381000711,监护？
466.081,普通弹幕,中,白,1597465526,0,4afc7d09,36869689108332551,光能使者？
1274.291,底部弹幕,中,黄,1597464661,0,b475d754,36869235658457095,◣◥◣◥◣◥◣◥◣◥◣WARNING◥◣◥◣◥◣◥◣◥◣◥◣
230.673,普通弹幕,中,红,1597464640,0,2e753b94,36869224790491143,bilibili- ( ゜- ゜)つロ 乾杯~
1247.962,底部弹幕,中,黄,1597464631,0,b475d754,36869220125900805,◣◥◣◥◣◥◣◥◣◥◣WARNING◥◣◥◣◥◣◥◣◥◣◥◣
1244.755,底部弹幕,中,黄,1597464625,0,b475d754,36869216758923269,◣◥◣◥◣◥◣◥◣◥◣WARNING◥◣◥◣◥◣◥◣◥◣◥◣
200.692,普通弹幕,中,红,1597464610,0,2e753b94,36869209179291653,bilibili- ( ゜- ゜)つロ 乾杯~
1232.951,底部弹幕,中,黄,1597464609,0,b475d754,36869208609914883,危 混混 危
1170.518,底部弹幕,中,黄,1597464539,0,b475d754,36869171627687939,史提尔～
1130.356,底部弹幕,中,黄,1597464476,0,b475d754,36869139052101637,◣◥◣◥◣◥◣◥◣◥◣WARNING◥◣◥◣◥◣◥◣◥◣◥◣
1088.16,底部弹幕,中,黄,1597464431,0,b475d754,36869115279835143,好心市民 御坂美琴
1054.723,底部弹幕,中,绿,1597464382,0,b475d754,36869089409892357,发型指导：美杜莎
1036.074,底部弹幕,中,绿,1597464349,0,b475d754,36869072438165511,众所周知 超炮男主是呱太
999.622,底部弹幕,中,黄,1597464297,0,b475d754,36869044923007043,此时一只御坂失去了梦想
987.867,底部弹幕,中,绿,1597464265,0,b475d754,36869027931357187,某科学的绿皮呱太
931.065,底部弹幕,中,黄,1597464181,0,b475d754,36868984391335941,老傲娇了
1379.336,普通弹幕,中,黄,1597464168,0,8f8061f0,36868977308729349,母爱泛滥
814.3,底部弹幕,中,黄,1597464050,0,b475d754,36868915704889349,好听吗？ 好听就是好头
764.877,底部弹幕,中,黄,1597463988,0,b475d754,36868882959433731,电脑配件
748.507,底部弹幕,中,黄,1597463970,0,b475d754,36868873304145923,危 黑子 危
622.281,底部弹幕,中,黄,1597463821,0,b475d754,36868795329937413,本篇
535.375,底部弹幕,中,黄,1597463677,0,b475d754,36868720060006407,出现了！上升气流！
508.277,底部弹幕,中,黄,1597463642,0,b475d754,36868701799055367,危 黑子 危
170.097,普通弹幕,中,白,1597463609,0,4b724bf8,36868684369625091,正片开始
474.736,底部弹幕,中,黄,1597463601,0,b475d754,36868680108212227, 危 黑子 危
465.335,底部弹幕,中,绿,1597463579,0,b475d754,36868668477931527,别问男主 问就是呱太
1243.132,普通弹幕,中,红,1597463556,0,381a29cb,36868656303439875,劫——犯——
377.595,底部弹幕,中,黄,1597463471,0,b475d754,36868611872129029,婚前天美 婚后光子
1080.087,普通弹幕,中,黄,1597463381,0,381a29cb,36868564662616069,劫——犯——
275.23,底部弹幕,中,黄,1597463345,0,b475d754,36868546044624903,金坷垃
1304.144,普通弹幕,中,白,1597463333,0,ab904561,36868539618951173,是时候该投币了
87.376,普通弹幕,中,红,1597463277,0,18453b07,36868510172315651,很安全的
1236.644,普通弹幕,中,白,1597463260,0,ab904561,36868501507407877,前方高能！
31.978,底部弹幕,中,黄,1597463090,0,b475d754,36868411942764549,学园都市是最安全的地方
24.855,底部弹幕,中,黄,1597463073,0,b475d754,36868403463979015,众所周知，小混混是高危职业
1035.244,普通弹幕,中,白,1597463055,0,ab904561,36868393997434887,有内味了
602.874,普通弹幕,中,黄,1597462892,0,381a29cb,36868308152614919,黑的
469.578,普通弹幕,中,黄,1597462743,0,381a29cb,36868229966069763,绅士们出来吧
1004.669,底部弹幕,中,黄,1597462642,0,1726e4f9,36868177450237957,Lv.5失去了梦想
954.64,普通弹幕,中,白,1597462402,0,12c319a8,36868051657818117,王静泽行为....
768.978,底部弹幕,中,黄,1597462375,0,1726e4f9,36868037456953351,电脑配件
53.563,普通弹幕,中,红,1597462143,0,4c3c1aa5,36867915719901187,C++
532.393,普通弹幕,中,白,1597462114,0,7d5439cc,36867900650291207,百合番吗
508.221,底部弹幕,中,黄,1597462077,0,1726e4f9,36867881125281795,大橘已定
1106.51,普通弹幕,中,白,1597461997,0,e54ce824,36867839001886787,赤沙之蝎竟然沦落到抢银行
134.581,普通弹幕,中,白,1597461771,0,d632aac8,36867720471904261,小混混表示很淦
1248.122,普通弹幕,中,白,1597461244,0,ebec63ae,36867444194672647,危危危危危
1243.012,普通弹幕,中,白,1597460920,0,23486ac2,36867274342137863,一路走好
659.294,普通弹幕,中,白,1597460297,0,42636f16,36866947713859591,史莱姆？
942.275,普通弹幕,中,白,1597459921,0,8334499b,36866750660739079,老傲娇了
127.088,普通弹幕,中,白,1597459202,0,dff71857,36866373733842947,不愧是贝蒂，这么会玩传送（doge）
1296.574,普通弹幕,中,红,1597458563,0,aed8a60d,36866038703849477,开炮!
1202.815,普通弹幕,中,白,1597458109,0,92291c65,36865800457420807,佩恩直呼内行
765.43,普通弹幕,中,白,1597458085,0,5a9f8460,36865788056961031,贝蒂？
1248.941,普通弹幕,中,白,1597458068,0,86997ca0,36865779251544069,危       
818.843,普通弹幕,中,白,1597457243,0,5496d733,36865346866511877,不是亲姐妹
32.988,底部弹幕,中,红,1597457050,0,35073f81,36865245510631427,祖传开头
403.443,普通弹幕,中,白,1597456931,0,78318a67,36865183223119879,贝蒂
379.272,普通弹幕,中,白,1597456582,0,f2557282,36864999921549319,红绿灯卓别林
1183.802,普通弹幕,中,白,1597456319,0,28904376,36864862452711427,咋瓦鲁多那个泥垢了
148.583,普通弹幕,中,绿,1597455627,0,aed8a60d,36864499454050307,近代电磁学两大巨头之一
1315.528,普通弹幕,中,白,1597454982,0,12423942,36864161069662211,御天敌的力量
1309.031,普通弹幕,中,白,1597454922,0,12423942,36864129528496131,发现目标：挖地虎组合，位于胡夫金字塔顶端，fire！手臂断裂！！
1384.253,普通弹幕,中,白,1597454433,0,5f888389,36863873263337479, 照在了大地上
736.552,普通弹幕,中,白,1597454086,0,5f888389,36863691404607491,这个人男生男生吧
645.374,普通弹幕,中,白,1597453963,0,f70af075,36863626835394567,哈吉咩
337.012,普通弹幕,中,黄,1597453842,0,f35d224c,36863563569037315,狙击手不是有高倍瞄准镜吗，可以更好的看见美丽的风景
1039.66,普通弹幕,中,白,1597453713,0,d89ae8a1,36863495976779779,感觉很好吃的样子
62.348,普通弹幕,中,白,1597453621,0,4d8d9b97,36863447405690887,秒能力
873.7,普通弹幕,中,白,1597453541,0,d89ae8a1,36863405759397891,游戏中心？？？
345.042,普通弹幕,中,白,1597451151,0,57bc7492,36862152781856771,一个男生都没有就离谱。
206.755,普通弹幕,中,白,1597449748,0,90860aa9,36861417227288579,哔哩哔哩 (゜-゜)つロ 干杯~
194.362,底部弹幕,中,红,1597449052,0,241df0d4,36861052162932739,哔哩哔哩 - (゜- ゜)つロ 乾杯~
156.57,底部弹幕,中,红,1597449008,0,241df0d4,36861029274615815,bilbil干杯！
38.4,底部弹幕,中,红,1597448911,0,241df0d4,36860978375688197,本番高危职业：小混混
1341.871,普通弹幕,中,白,1597447865,0,e2b67953,36860429902282755,木铁鸡？
99.555,普通弹幕,中,白,1597447727,0,6843269a,36860357338202115,这……
71.455,普通弹幕,中,白,1597447696,0,6843269a,36860341011873795,。。。够安全
189.317,底部弹幕,中,红,1597447379,0,5e6f64fe,36860175150743557,哔哩哔哩 - ( ゜- ゜)つロ 乾杯~ 
1250.238,普通弹幕,中,白,1597447122,0,6f9b93d,36860040392474631,装B犯出现了
555.795,底部弹幕,中,黄,1597445089,0,5ca43064,36858974492426247,建议礼尚往来（doge
167.339,普通弹幕,中,白,1597441542,0,60bddbe9,36857114634747909,09年的？
1406.134,普通弹幕,中,白,1597436326,0,ad2eb6b,36854380230606853,见义勇为奖
1242.526,普通弹幕,中,红,1597433192,0,c95abe8b,36852737190658051,危危危危危危危危危危危危危危危
1241.568,底部弹幕,中,红,1597432469,0,1ac4dbda,36852358076956677,啊～哈哈哈哦吼吼吼吼哦！
22.488,普通弹幕,中,红,1597431629,0,c95abe8b,36851917551828997,危危危危危危危危危危危危危危危险
130.119,普通弹幕,中,白,1597431164,0,6e96a74f,36851673555009541,贝蒂的声优？？？
230.666,普通弹幕,中,红,1597430320,0,8f8061f0,36851231039160327,该溜子可真猛
1252.724,普通弹幕,中,白,1597429928,0,537ecdfa,36851025603198981,危险
1184.035,普通弹幕,中,白,1597429877,0,537ecdfa,36850999008165893,烧烧果实
790.715,普通弹幕,中,白,1597429604,0,537ecdfa,36850855887503367,原来是百合
562.276,普通弹幕,中,白,1597429442,0,537ecdfa,36850770870009863,lsp了
158.259,普通弹幕,中,白,1597429089,0,b81c0ba8,36850585611796483,哦豁，原来是这个
209.081,普通弹幕,中,白,1597429078,0,537ecdfa,36850580198522883,哇(⊙o⊙)哇
961.257,普通弹幕,中,白,1597428394,0,453acb0c,36850221300842499,夏娜
444.628,普通弹幕,中,白,1597427638,0,453acb0c,36849825049214983,ace！
168.975,普通弹幕,中,白,1597427622,0,2e3c3fd5,36849816879235077,BGM好熟悉
174.804,普通弹幕,中,白,1597426657,0,8c6cc0b2,36849310959140869,哔哩哔哩干杯
596.261,普通弹幕,中,白,1597426052,0,dcff217f,36848993482309637,恒温死神好像到了LV2就可以摸人秒死……
169.973,普通弹幕,中,白,1597425381,0,5d2fa797,36848641927282693,哔哩哔哩-(゜-゜)つロ乾杯~
1320.425,普通弹幕,中,黄,1597425105,0,20252361,36848496966893571,时代  未来
1254.908,普通弹幕,中,白,1597424864,0,8d91fec8,36848370659622919,快跑
428.14,普通弹幕,中,白,1597424014,0,7d364fd0,36847925125971975,不翻
193.564,普通弹幕,中,粉,1597423838,0,20252361,36847832652578823,头一次看
231.033,普通弹幕,中,白,1597423271,0,8d91fec8,36847535647621127,哔哩哔哩
13.28,普通弹幕,中,淡蓝,1597423074,0,c8491490,36847432304164869,梦的起点
786.102,普通弹幕,中,白,1597422404,0,d2fe0ed4,36847080870248451,真的是打娘胎里来就坏掉了。<(￣3￣)>哼！
85.129,普通弹幕,中,白,1597421911,0,2ad8b573,36846822257328131,安全
65.088,普通弹幕,中,白,1597421891,0,2ad8b573,36846811749548037,Python
230.801,底部弹幕,中,红,1597421691,0,53a0e6e1,36846707179257863,不在
22.82,普通弹幕,中,白,1597421682,0,5251fe71,36846702403518467,路走窄了啊
1375.257,普通弹幕,中,白,1597421602,0,db9addac,36846660685398021,上一个无敌已经飘在太空了
936.475,普通弹幕,中,白,1597421509,0,9a68d35f,36846611521339399,"真不愧是学院都市的LV5,轻易就做到了光速被打脸，真是令人羡慕，令人神往啊。"
1071.14,普通弹幕,中,白,1597421116,0,6ec4119f,36846405804883975,不是纳豆么，这要上多久厕所
574.005,底部弹幕,中,蓝,1597420574,0,32bd5e9e,36846121278504963,礼尚往来
550.005,底部弹幕,中,蓝,1597420546,0,32bd5e9e,36846107084980231,动作指导：野原新之助
470.672,底部弹幕,中,红,1597420368,0,32bd5e9e,36846013338091525,wcwc
458.992,底部弹幕,中,红,1597420351,0,32bd5e9e,36846004498071555,暗示这什么
438.692,底部弹幕,中,红,1597420326,0,32bd5e9e,36845991404503045,菲律宾炸鱼队
386.305,普通弹幕,中,白,1597420022,0,b90faa4e,36845832160411653,小玉
1438.334,普通弹幕,中,白,1597419084,0,ec9db1a2,36845340512485379,好听
196.844,普通弹幕,中,白,1597418805,0,24ff6c05,36845193851830279,泪爷
494.952,普通弹幕,中,黄,1597418519,0,d09c177,36845044151353347,挺胸？
187.09,普通弹幕,中,白,1597417795,0,62642218,36844664511266821,肝起来吧
27.2,普通弹幕,中,红,1597417320,0,59bb5fad,36844415259508741,小混混快跑
576.884,普通弹幕,中,白,1597417310,0,46774fcb,36844410525188163,雪乃
1413.989,普通弹幕,中,白,1597416949,0,fa71007f,36844221061660677,正道的光
1199.969,普通弹幕,中,白,1597416729,0,fa71007f,36844105800089605,奈绪直呼内行
1184.209,普通弹幕,中,白,1597416688,0,fa71007f,36844084347797509,超能力像奈绪
1247.814,普通弹幕,中,白,1597416599,0,10c3ea1e,36844037259395077,危危危危危危危危危危危危危危危危危危危危危
301.571,普通弹幕,中,白,1597416309,0,8c80c274,36843885488504835,官方吐槽……
347.348,底部弹幕,中,红,1597415868,0,a6422eec,36843654172114947,这个番是什么时候的
65.322,普通弹幕,中,白,1597415860,0,beea00fa,36843650022899717,喜欢这个设定欸
332.148,普通弹幕,中,白,1597415842,0,a6422eec,36843640739332103,这个番是什么时候的
1413.386,底部弹幕,中,黄,1597415692,0,b7d289cb,36843561776840707,不孝子！！！！
1316.636,普通弹幕,中,白,1597415447,0,dc63aa79,36843433362456581,汽————————车————————
1369.658,底部弹幕,中,黄,1597415244,0,5f19b2a4,36843327187845125,正义的伙伴
1508.001,普通弹幕,中,蓝,1597415198,0,9a809494,36843302795870211,缓缓打出一个？
874.782,底部弹幕,中,黄,1597415173,0,b7d289cb,36843289814499331,游戏厅=军火库
868.022,底部弹幕,中,黄,1597415153,0,b7d289cb,36843279311437831,弹药库啊
1326.926,普通弹幕,中,红,1597415012,0,a7550c30,36843205426675717,上一个无敌的已经带上娃了
1387.364,普通弹幕,中,蓝,1597414986,0,9a809494,36843191843422211,上一个无敌的整天和空气斗智斗勇
1004.754,底部弹幕,中,绿,1597414773,0,5f19b2a4,36843080349384707,失去了梦想
1004.754,底部弹幕,中,橙,1597414758,0,5f19b2a4,36843072490307591,生无可呱
1168.747,底部弹幕,中,红,1597414740,0,812b73fd,36843062928867333,草薙京串台了
958.18,普通弹幕,中,红,1597414553,0,a7550c30,36842964528398339,光速打脸最为致命
931.556,底部弹幕,中,红,1597414513,0,5f19b2a4,36842943598297093,呱呱呱
907.188,底部弹幕,中,黄,1597414486,0,5f19b2a4,36842929613963271,本番男主：呱呱太、
682.447,普通弹幕,中,白,1597414462,0,83fc51df,36842917121228805,大爷变弱了，应该不是最强了
677.993,普通弹幕,中,白,1597414414,0,b5737ae7,36842892074942469,泪爷不小心拿了魔禁剧本
1123.369,普通弹幕,中,白,1597414404,0,47fe0205,36842886581452869,◣◥◣◥◣◥◣◥◣◥◣WARNING◥◣◥◣◥◣◥◣◥◣◥◣
1087.444,普通弹幕,中,蓝,1597414398,0,9a809494,36842883353935879,民风淳朴哥谭市，人才辈出阿卡姆，安全之最都市学院
790.279,普通弹幕,中,红,1597414379,0,a7550c30,36842873397706755,黑(hen)子(tai)
845.01,底部弹幕,中,红,1597414315,0,5f19b2a4,36842840018386949,无能力者=神
956.536,普通弹幕,中,红,1597414268,0,49e3e2c3,36842815621693445,夏娜
512.392,普通弹幕,中,白,1597414224,0,9a7ad139,36842792243691527,摄影师今晚鸡腿里找饭
154.892,普通弹幕,中,白,1597414141,0,1a5a3816,36842748551102471,专门来听op
1007.71,普通弹幕,中,蓝,1597414090,0,9a809494,36842721822900229,此时一位电击使重拾了梦想
758.541,底部弹幕,中,红,1597414084,0,5f19b2a4,36842718773116935,黑子，危！
995.558,普通弹幕,中,蓝,1597414037,0,9a809494,36842694014140423,此时，一位电击使失去了梦想
670.774,底部弹幕,中,红,1597413860,0,5f19b2a4,36842601397616645,剧本拿错了啊！
1422.174,普通弹幕,中,黄,1597413830,0,32b61ccb,36842585560973317,电疗万能
604.979,普通弹幕,中,红,1597413802,0,a7550c30,36842570955882501,这有教主的，基本魔禁里只要不是炮姐碰到小黄书的场面这里都有
635.291,普通弹幕,中,红,1597413796,0,5f19b2a4,36842567966392325,记笔记
768.257,普通弹幕,中,黄,1597413754,0,9a809494,36842545883381767,缓缓打出一个？
562.02,普通弹幕,中,红,1597413715,0,a7550c30,36842525366419459,男的是老师？
746.308,普通弹幕,中,黄,1597413685,0,9a809494,36842509598982149,和贝蒂是同一个声优
81.211,普通弹幕,中,白,1597413632,0,79c8c649,36842482110562307,四单
512.919,普通弹幕,中,红,1597413604,0,a7550c30,36842467065593863,本来是全景镜头，想看原镜头的去找些up主
565.995,底部弹幕,中,黄,1597413593,0,5f19b2a4,36842461565288455,专业阻击手
1319.838,普通弹幕,中,白,1597413575,0,7260fff7,36842451811434503,投币了
477.42,普通弹幕,中,红,1597413523,0,a7550c30,36842424997773317,前方核能
1398.385,普通弹幕,中,白,1597413418,0,8fbd13f5,36842369901395975,上一个无敌的已经吐了（狗头保命）
227.22,普通弹幕,中,白,1597413254,0,a7550c30,36842283735187461,op就是open    ed就是end
77.954,普通弹幕,中,白,1597413159,0,a3e7a113,36842234078822403,以光速的音速次方的速度打脸
19.5,普通弹幕,中,白,1597412956,0,6ad999fb,36842127601696773,爷的青春
443.233,普通弹幕,中,蓝,1597412723,0,9a809494,36842005393309701,都接近3马赫了
386.84,普通弹幕,中,白,1597412650,0,9e716a0b,36841967203647495,好平。。。。。。。。
286.07,普通弹幕,中,黄,1597412461,0,9a809494,36841867974279173,黑子所言极是
766.322,普通弹幕,中,黄,1597412186,0,95b5ea18,36841723693891591,大橘已定
543.19,普通弹幕,中,白,1597411874,0,18858da7,36841559981817861,官方狙击手
228.814,普通弹幕,中,蓝,1597411645,0,9a809494,36841440291061767,op不错
292.337,普通弹幕,中,白,1597410953,0,84602d85,36841077256749063,没错，裙子里没品位的东西！
280.889,普通弹幕,中,白,1597410869,0,8425bfa0,36841033386950661,翻回来看的，谢谢
840.268,普通弹幕,中,白,1597410362,0,8099fdd,36840767544098819,这番没男主哦，要看男主去魔法禁书，魔法和这个是用设定的，但两部基本没交集哦，不影响体验
59.376,普通弹幕,中,白,1597410133,0,8d30e828,36840647204798467,就是一个试验场
1291.673,底部弹幕,中,黄,1597410114,0,b40aae8d,36840637362339845,路走窄了，下辈子注意一点吧
1244.078,普通弹幕,中,白,1597409887,0,d7befb44,36840518626312199,凉凉
606.162,普通弹幕,中,粉,1597409864,0,3aabd73,36840506334904323,狙击手报告:去问炊事班
1165.958,普通弹幕,中,白,1597409805,0,d7befb44,36840475561820163,艾斯？
170.179,普通弹幕,中,白,1597409507,0,b94ea789,36840319255314435,op和ed只有一次和零次
537.124,底部弹幕,中,黄,1597409460,0,b40aae8d,36840294551912453,呆唯
111.506,普通弹幕,中,粉,1597409384,0,3aabd73,36840254670897157,贝蒂!
281.834,底部弹幕,中,黄,1597409144,0,b7d289cb,36840128707035141,狙击手别报告了，老子炊事班都看见了
153.222,普通弹幕,中,白,1597408915,0,b40aae8d,36840008779825157,条这op的都不是人
274.732,普通弹幕,中,白,1597408898,0,d7befb44,36840000034177027,贩卖机      危
934.012,普通弹幕,中,白,1597408696,0,8fbd13f5,36839893951840261,说兵长视角的那位后颈完好无损吗
458.069,普通弹幕,中,白,1597408490,0,b116e1bb,36839785927016455,算下来只有800瓦的功率呀
1377.339,底部弹幕,中,蓝,1597408460,0,eca4c1da,36839770420150279,上一个无敌的已经没了（日常发刀）
164.166,普通弹幕,中,白,1597408416,0,887c74c0,36839747382411271,哔哩哔哩 - (゜- ゜)つロ 乾杯~
405.53,普通弹幕,中,白,1597408290,0,6c933477,36839681067843589,黑子一马平川
1185.299,底部弹幕,中,红,1597408242,0,eca4c1da,36839655984332803,阿布嘟嘟
167.416,普通弹幕,中,白,1597408024,0,6c933477,36839541799649285,阿巴阿巴
65.329,普通弹幕,中,白,1597407889,0,fd944934,36839470952087555,生物
609.76,底部弹幕,中,黄,1597407472,0,769b5635,36839252500152327,要啥狙击手？炊事班的都看见了。
1181.651,普通弹幕,中,白,1597407370,0,87af5ff,36839198628511751,草薙京
235.11,底部弹幕,中,黄,1597407220,0,eca4c1da,36839119973253123,『killer queen』
159.206,底部弹幕,中,黄,1597407187,0,eca4c1da,36839102667554819,搭噶，口头哇路
153.019,底部弹幕,中,黄,1597407152,0,eca4c1da,36839084553404421,『Made in heaven』
938.24,普通弹幕,中,白,1597406876,0,ca48c024,36838939969978375,老傲娇了
512.876,普通弹幕,中,白,1597406851,0,8e965564,36838926852292615,以前不是这样的
908.694,普通弹幕,中,黄,1597406287,0,32b61ccb,36838630898008069,前方高能！！！！！！！！！！！！！！！！！！
534.334,底部弹幕,中,白,1597405974,0,39cf4975,36838467055910919,上升气流组准备就绪
421.314,普通弹幕,中,白,1597405851,0,39cf4975,36838402652897287,兵长视角
270.618,普通弹幕,中,白,1597405765,0,fa71007f,36838357313519621,甘蕉茶
1172.952,普通弹幕,中,红,1597405716,0,19ec65c8,36838331751333893,咿呀咿呀呀勒！！！！！！！！！！！
531.677,普通弹幕,中,红,1597405374,0,32b61ccb,36838152596881411,上升气流
468.277,普通弹幕,中,红,1597405303,0,32b61ccb,36838115216195587,前方高能
614.712,普通弹幕,中,白,1597404224,0,6034e65e,36837549576552519,这画质真的是09年的？？？
136.724,普通弹幕,中,白,1597403884,0,5f47da8a,36837371135131653,哔哩哔哩
542.865,普通弹幕,中,红,1597403878,0,3153f0c9,36837367811670023,力度不够
408.649,普通弹幕,中,白,1597403383,0,459ecf79,36837108570128391,光子，永远滴神
1333.286,普通弹幕,中,红,1597402924,0,b32962d0,36836867739484165,黄泉川！
141.694,普通弹幕,中,蓝,1597402603,0,4a6023e1,36836699400044547,跳，头，buff，懂？
1493.566,普通弹幕,中,白,1597402502,0,f2a4b8ee,36836646835978247,男主就是美琴，其他女生都是美琴后宫（doge）
1441.726,普通弹幕,中,白,1597402421,0,f2a4b8ee,36836603951317059,高举黑琴大旗
918.966,普通弹幕,中,白,1597401885,0,f2a4b8ee,36836323078176775,男主呱太出场
798.585,普通弹幕,中,白,1597401624,0,8564cc86,36836186026672135,龙儿？！
287.946,普通弹幕,中,白,1597401602,0,751ae9f5,36836174507016199,确实
1421.01,底部弹幕,中,红,1597401360,0,1bbaa5c1,36836048002088967,这一幕像小松菜奈的恋如雨止
1154.761,普通弹幕,中,白,1597400781,0,7746d383,36835744094355461,男主出现了
315.03,普通弹幕,中,白,1597400212,0,dc720f30,36835446043967495,狙击手已阵亡
21.066,普通弹幕,中,白,1597400012,0,7a87e703,36835341175357445,初来乍到
174.937,底部弹幕,小,红,1597399982,0,d1dde371,36835325254828037,哔哩哔哩
1002.525,普通弹幕,中,白,1597398932,0,3c464f33,36834774847324165,pu
210.807,普通弹幕,中,白,1597398900,0,246d301c,36834758063292419,nb！
1125.139,普通弹幕,中,白,1597397568,0,59fc6ace,36834059968053251, ◣◥◣◥◣◥◣◥◣◥◣◥◣◥◣◥◣◥◣WARNING◥◣◥◣◥◣◥◣◥◣◥◣◥◣◥◣◥◣◥
1191.132,普通弹幕,中,白,1597397429,0,8339fd5,36833986889646147,异火
715.822,普通弹幕,中,白,1597396358,0,78c5749f,36833425475764293,标题：哔哩哔哩使
157.98,普通弹幕,中,白,1597395765,0,d5fd3151,36833114278854661,原来是这个啊
186.799,底部弹幕,中,红,1597395481,0,424d56c4,36832965630099463,爷青回
270.376,普通弹幕,中,白,1597395274,0,210f295f,36832856887001091,前方高能
90.773,普通弹幕,中,白,1597393730,0,ea3ec2c9,36832047559344133,新井里美！黑子
28.737,普通弹幕,中,白,1597393653,0,ea3ec2c9,36832006937509891,佐藤丽奈！
1248.415,普通弹幕,中,白,1597392745,0,8a9a8e40,36831531149819975,神父换碟！
1299.539,普通弹幕,中,白,1597392201,0,b4a48e2d,36831246115930115,裂空魔币，急急如律令
1427.783,普通弹幕,中,白,1597392001,0,c81f363e,36831141007196165,发癫狗
1399.74,普通弹幕,中,白,1597391973,0,c81f363e,36831126346530823,上一个无敌的已经被对半劈了
1382.109,普通弹幕,中,白,1597391756,0,a72ed8ee,36831012438671363,上一个无敌已经变成星星了
1347.648,普通弹幕,中,白,1597390071,0,1f8fae94,36830129128734725,◣◥◣◥◣◥◣◥◣◥◣◥◣◥◣◥◣◥◣WARNING◥◣◥◣◥◣◥◣◥◣◥◣◥◣◥◣◥◣◥
169.796,普通弹幕,中,白,1597389695,0,94da05e7,36829931804557319,男主呢
127.876,普通弹幕,中,白,1597389631,0,94da05e7,36829898232823815,这声音贝蒂呜呜呜呜
1243.886,普通弹幕,中,白,1597389266,0,68febbaf,36829706902831111,危危危危危危危危危危危危危危危危危危危危危
1200.826,普通弹幕,中,白,1597389214,0,68febbaf,36829680037265413,佩恩直呼内行(●°u°●)​ 」
1126.766,普通弹幕,中,白,1597389122,0,68febbaf,36829631414272007,危危危危危危\
852.385,普通弹幕,中,黄,1597389101,0,2fa8e0ad,36829620622327811,百合百合百合
669.553,普通弹幕,中,白,1597389023,0,4d3a4c6f,36829579905073159,泪爷，看错人了
1000.746,普通弹幕,中,白,1597388958,0,68febbaf,36829545757671427,此时一只LV5失去了梦想
193.281,普通弹幕,中,白,1597388808,0,6f0c1cc0,36829467240300547,哔哩哔哩 - ( ゜- ゜)つロ 乾杯~
1042.902,普通弹幕,中,白,1597388197,0,c1823dd4,36829146814873605,黑长直长的也不错呀
482.312,普通弹幕,中,白,1597386720,0,a744322a,36828372419477507,摄晚八桌
863.394,普通弹幕,中,红,1597386020,0,eca25380,36828005525356551,弹药库啊！
675.774,普通弹幕,中,白,1597385825,0,eca25380,36827902855086087,这拿的剧本过时了
625.694,普通弹幕,中,白,1597385766,0,eca25380,36827872187908099,幻想御手
608.394,普通弹幕,中,白,1597385744,0,eca25380,36827860330610691,众所周知零是出头的
600.114,普通弹幕,中,黄,1597385720,0,eca25380,36827848059125763,老保温杯了
1297.042,底部弹幕,中,红,1597385340,0,3ad44bc1,36827648612106247,下次也不一定
178.61,普通弹幕,中,黄,1597384984,0,7e2f1e62,36827462298501127,哔哩哔哩 （゜-゜）つロ 干杯~-
147.248,普通弹幕,中,黄,1597384868,0,7e2f1e62,36827401120907269,咂！瓦鲁多！
53.53,普通弹幕,中,黄,1597384698,0,7e2f1e62,36827311981985797,四蛋都怕哇！
538.92,普通弹幕,中,白,1597383921,0,b467679c,36826904960434183,梦梦赛高
1265.493,普通弹幕,中,白,1597383623,0,78b4c7ce,36826748474621959,危危危www
1059.784,普通弹幕,中,绿,1597383385,0,f35e0362,36826623657377799,八岐大蛇
811.433,普通弹幕,中,黄,1597383094,0,f35e0362,36826471143047175,！！！！！！！！！！！
323.433,普通弹幕,中,黄,1597382593,0,f35e0362,36826208720125959,身体检查？？
169.339,普通弹幕,中,白,1597382584,0,d89c14d7,36826203691155459,哔哩哔哩-(゜-゜)つロ乾杯~
323.433,普通弹幕,中,白,1597382573,0,f35e0362,36826197913501701,身体检查
136.6,普通弹幕,中,白,1597382271,0,a734fc0d,36826039768317957,哦内撒嘛
1257.525,普通弹幕,中,粉,1597382098,0,a1907776,36825948797534211,官方吐槽
1422.442,底部弹幕,中,红,1597381951,0,fd1c43d0,36825872065888259,懂了，炮姐是男主，黑子是女主
1001.186,普通弹幕,中,粉,1597381824,0,a1907776,36825805319307267,此时一直Lv5失去了梦想
341.257,普通弹幕,中,红,1597381783,0,62727aee,36825783705534469,这是女子学院吗
1375.653,普通弹幕,中,白,1597381771,0,435a2db4,36825777573986309,印第安老斑鸠
148.739,普通弹幕,中,白,1597381590,0,2f553fe6,36825682479677443,正片开始
764.934,普通弹幕,中,粉,1597381538,0,a1907776,36825655234527237,电脑配件
527.03,普通弹幕,中,白,1597381063,0,ece4e516,36825406374412291,车，好快的车
271.825,普通弹幕,中,粉,1597380903,0,a1907776,36825322504060933,危 贩卖机 危
195.721,普通弹幕,中,白,1597380771,0,ece4e516,36825253332647941,bilibili
550.703,普通弹幕,中,白,1597380737,0,9cedd702,36825235278266373,为什么。。。这部番都这么。。。。
80.063,普通弹幕,中,粉,1597380638,0,a1907776,36825183282528261,安全
77.425,普通弹幕,中,黄,1597380620,0,a1907776,36825174367010819,安全极了
468.991,普通弹幕,中,白,1597380579,0,6883694d,36825152405110791,摄影师妄图在鸡腿中找到一粒米
1194.962,普通弹幕,中,白,1597380238,0,98b143e3,36824974031323141,有重力控制能力者吗
152.887,普通弹幕,中,白,1597379637,0,587e1604,36824658742870023,爷青始
1400.745,普通弹幕,中,白,1597379329,0,3aafdcac,36824497245388803,正しい光が大地を照らしている.
1413.766,普通弹幕,中,白,1597379249,0,4473a829,36824455153451013,正道の光が大地を照らした。
287.924,普通弹幕,中,白,1597378751,0,5e949c9e,36824194292383751,补补身体
259.886,普通弹幕,中,白,1597378567,0,925e0ffd,36824097644609541,有男主嘛
534.02,普通弹幕,中,白,1597378021,0,7293e3cd,36823811730440195,上升气流
942.574,普通弹幕,中,黄,1597377331,0,c4ae0af,36823449452150789,恍恍惚惚
764.901,普通弹幕,中,黄,1597377190,0,c4ae0af,36823375912370179,危危危危危
764.13,普通弹幕,中,红,1597377160,0,c4ae0af,36823360331579397,危危危危危
669.706,普通弹幕,中,白,1597377138,0,2fe77002,36823348507312133,前方高能预警
352.43,底部弹幕,中,黄,1597376925,0,7cb49bd0,36823236925718533,狙击手就位
101.035,普通弹幕,中,粉,1597376669,0,c4ae0af,36823102544936965,黑子帅
95.59,普通弹幕,中,黄,1597376650,0,c4ae0af,36823092636942341,黑子啊啊啊！
19.508,普通弹幕,中,红,1597376584,0,c4ae0af,36823057887133703,小混混！危险啊
912.462,普通弹幕,中,白,1597375466,0,b5a82400,36822472098054151,男主呱太上场
216.446,普通弹幕,中,白,1597374665,0,95b045f3,36822051837706247,哔哩哔哩
1359.573,普通弹幕,中,白,1597374576,0,2b2d2436,36822005403090949,幻想御手暗示主线
1349.62,普通弹幕,中,白,1597374551,0,2b2d2436,36821992234024965,这人之所以厉害是因为用了幻想御手吧
201.714,普通弹幕,中,紫,1597374518,0,81ca5d13,36821974794633223,哔哩哔哩干杯
104.038,普通弹幕,中,白,1597374173,0,2b2d2436,36821793846067203,黑（hen）子（tai）
74.738,普通弹幕,中,白,1597374132,0,2b2d2436,36821772633899011,光速打脸
1306.698,底部弹幕,中,红,1597373729,0,8e56ccc9,36821561430245381,上一个无敌的已经带娃了
855.086,底部弹幕,中,红,1597373160,0,8e56ccc9,36821262722400261,好听吗？好听就是好头
802.509,底部弹幕,中,红,1597373080,0,8e56ccc9,36821220883693571,震惊初春一整年
765.704,底部弹幕,中,红,1597373012,0,8e56ccc9,36821185177059333,初春工具人
464.26,底部弹幕,中,白,1597372391,0,391b231d,36820859906162691,投币观看
410.105,普通弹幕,中,白,1597372384,0,671cd102,36820855934156805,没男的挺好
230.03,底部弹幕,中,红,1597368500,0,57702594,36818819807182855,King Crimson
292.124,普通弹幕,中,黄,1597367182,0,59b4df0a,36818128500424709,黑子说得真对
1225.841,底部弹幕,中,黄,1597366867,0,b2d55bad,36817963676860419,泪爷NB！
1172.881,底部弹幕,中,黄,1597366810,0,b2d55bad,36817933690208263,珍惜这个能力者吧，很稀有的
1104.681,底部弹幕,中,黄,1597366735,0,b2d55bad,36817894119571459,太平洋标准银行差事
608.177,普通弹幕,中,白,1597366540,0,537be70c,36817791975686147,后勤部报告，没穿
904.001,底部弹幕,中,黄,1597366527,0,b2d55bad,36817785047220229,本剧男主呱太
586.814,底部弹幕,中,黄,1597366232,0,b2d55bad,36817630506516487,恒温死神谦虚了
414.07,底部弹幕,中,黄,1597366013,0,b2d55bad,36817516016173061,光子永远滴神！
392.75,底部弹幕,中,黄,1597365986,0,b2d55bad,36817501585670147,素质判定
635.461,普通弹幕,中,白,1597365977,0,28dcd387,36817496820416515,抱抱吉吉国王发现毛毛
627.966,普通弹幕,中,白,1597365966,0,28dcd387,36817491243565063,报告吉吉国王发现毛毛
378.35,底部弹幕,中,黄,1597365962,0,b2d55bad,36817489367662595,光子NB！永远的神！
128.11,底部弹幕,中,黄,1597365782,0,b2d55bad,36817394601558019,哦尼撒嘛
59.401,底部弹幕,中,黄,1597365695,0,b2d55bad,36817349303599107,众所周知，学园都市是世界上最安全的地方
57.98,底部弹幕,中,黄,1597365654,0,b2d55bad,36817327663087619,阿巴巴
39.5,普通弹幕,中,白,1597365622,0,b2d55bad,36817310574968837,最安全的地方
33.02,普通弹幕,中,白,1597365605,0,b2d55bad,36817302077308935,标准开头
16.82,普通弹幕,中,白,1597365583,0,b2d55bad,36817290483204101,小混混，快跑啊
8.408,普通弹幕,中,白,1597365263,0,346cc7df,36817122668052483,diyic
63.909,普通弹幕,中,白,1597364492,0,9d442f42,36816718600863749,矩阵力学
57.402,底部弹幕,中,橙,1597364164,0,524dc646,36816546586165253,jvav（doge）
60.62,普通弹幕,中,白,1597363987,0,7bcac2d3,36816453743149061,钞能力
564.308,普通弹幕,中,青,1597362620,0,4ba6c255,36815736721637379,快笑死了
1195.631,底部弹幕,中,红,1597361250,0,689a4e09,36815018680909831,技术指导：水无月白
364.225,底部弹幕,中,红,1597361211,0,5456192a,36814998215327747,补上上上上上上上上上上上上上上上上上上上上上上上辈子的番
197.465,底部弹幕,中,红,1597360966,0,5456192a,36814869855993861,哔哩哔哩 (゜-゜)つロ 干杯
72.549,底部弹幕,中,红,1597360784,0,5456192a,36814774149840903,很安全
1289.222,底部弹幕,中,红,1597358786,0,6effa5a1,36813727085363207,危危危危危危危危危危危危危危危危危危危危危危危危危危危危
1245.623,底部弹幕,中,红,1597358687,0,6effa5a1,36813674639261701,危危危危危危危危危危危危危危危危危危危危危危
1075.981,底部弹幕,中,红,1597358464,0,6effa5a1,36813558002483203,抢饼啦！快吃！
528.74,普通弹幕,中,白,1597357950,0,2fe77002,36813288687796227,大橘已定
474.42,普通弹幕,中,白,1597357891,0,2fe77002,36813257781018627,补3
177.731,普通弹幕,中,白,1597356396,0,edb8af3c,36812473741869059,bilibili乾杯
328.64,普通弹幕,中,白,1597348297,0,c1970a6d,36808227518152711,狙击手好像不是梗吧。
29.581,普通弹幕,中,白,1597345519,0,b646e766,36806771157237765,混混，危
212.713,普通弹幕,中,白,1597341819,0,f9363db6,36804831172624391,哔哩哔哩干杯
768.049,普通弹幕,中,红,1597341629,0,2faf15e5,36804731409530885,全文背诵
519.395,普通弹幕,中,红,1597341340,0,2faf15e5,36804580134617095,牛b
469.981,普通弹幕,中,红,1597341279,0,2faf15e5,36804548046618631,摄影师试图从鸡腿里找淀粉化合物
123.615,普通弹幕,中,红,1597340886,0,2faf15e5,36804342000386055,听着确实像贝蒂
108.805,普通弹幕,中,白,1597340184,0,ccb0544a,36803973897256967,wc
775.774,普通弹幕,中,白,1597339081,0,5d99cd14,36803395828318213,啊……这车开的猝不及防
533.084,普通弹幕,中,白,1597337747,0,9fd7886b,36802696405057539,感觉坐的是火箭
499.784,普通弹幕,中,白,1597337706,0,9fd7886b,36802675069157383,摄影师今天晚上吃烤卤猪
125.3,普通弹幕,中,白,1597337120,0,d86c9d07,36802367635587075,别贝蒂了超跑比异世界早
1424.839,底部弹幕,中,黄,1597337100,0,7e828f06,36802356846264323,黄金精神
539.858,普通弹幕,中,白,1597336946,0,44bca516,36802276438310919,上升气流
1192.668,底部弹幕,中,黄,1597336780,0,7e828f06,36802189469417477,技术指导：白
1168.674,底部弹幕,中,黄,1597336742,0,7e828f06,36802169301630981,波纹
944.657,普通弹幕,中,白,1597336709,0,e4170158,36802152092925959,可爱
891.595,普通弹幕,中,白,1597336678,0,cd6199ea,36802135820599299,茶道赛高
1389.94,普通弹幕,中,白,1597336492,0,91c129e8,36802038377480197,局势大好
615.161,普通弹幕,中,白,1597336399,0,cd6199ea,36801989828935687,有男主么
387.244,普通弹幕,中,白,1597336270,0,e4170158,36801922061041671,光子超爱，大好人
1063.187,普通弹幕,中,白,1597336138,0,e72d03e8,36801852887007237,百合番无疑了
1304.734,底部弹幕,中,红,1597335912,0,3ff25964,36801734102220803,俄式救援
929.96,普通弹幕,中,白,1597333088,0,f515f4a9,36800253655515141,贝蒂的声优吗
285.018,普通弹幕,中,白,1597332879,0,a18e716a,36800143911026695,投币口的作用是什么。。。
181.499,普通弹幕,中,白,1597331512,0,45aa72a9,36799427323625477,爷青好
231.38,普通弹幕,中,白,1597331423,0,34c589a3,36799380653604869,所以说如果没有看魔法禁书录直接来看这个不会有什么影响吧
1463.924,普通弹幕,中,白,1597330481,0,140cf40d,36798886596051013,这就是09的画质？啧啧啧，np
1378.69,普通弹幕,中,白,1597330395,0,140cf40d,36798841996967941,人生赢家：小男孩
1362.431,普通弹幕,中,白,1597330379,0,140cf40d,36798833463656455,人生导师
1341.339,普通弹幕,中,白,1597330358,0,140cf40d,36798822448365639,想当那个小男孩
1287.751,普通弹幕,中,白,1597330305,0,140cf40d,36798794379558915,愿天堂没有硬币
1140.084,普通弹幕,中,白,1597330204,0,ac1f04e4,36798741399732231,合气道！！
1178.661,普通弹幕,中,白,1597330196,0,140cf40d,36798737178165251,草稚京？
1117.159,普通弹幕,中,白,1597330134,0,140cf40d,36798704811245573,热心市民：御坂美琴
1084.879,普通弹幕,中,白,1597330102,0,140cf40d,36798687964823555,原因：抢劫
1020.577,普通弹幕,中,白,1597330084,0,ac1f04e4,36798678564864005,好可爱啊炮姐
1029.875,普通弹幕,中,白,1597330046,0,140cf40d,36798659033038853,呱形毕露
954.97,普通弹幕,中,白,1597329972,0,140cf40d,36798619784314883,某科学的光速打脸
189.23,普通弹幕,中,白,1597329458,0,aaa5e779,36798350464385027,哔哩哔哩乾杯
1234.392,普通弹幕,中,白,1597329416,0,ae4843d9,36798328391860229,队友祭天，法力无边
1072.158,普通弹幕,中,白,1597329381,0,8a0f2199,36798310120423427,前方高能
713.158,底部弹幕,中,橙,1597329228,0,5452aad5,36798229743403015,乔瑟夫咖啡厅？
1080.68,普通弹幕,中,白,1597329197,0,ae4843d9,36798213813960711,剧场版四大定律
1050.706,普通弹幕,中,白,1597329160,0,ae4843d9,36798194039914503,煎饼雪糕
451.408,普通弹幕,中,白,1597328865,0,140cf40d,36798039464607749,炮姐nb
766.173,普通弹幕,中,白,1597328746,0,ae4843d9,36797977233719301,什么那叫买电脑配件
666.622,普通弹幕,中,白,1597328746,0,d72b1f9d,36797977132531717,拿错剧本了啊泪爷
324.259,普通弹幕,中,白,1597328738,0,140cf40d,36797972763639813,这就是委员？（狗）
240.69,普通弹幕,中,白,1597328654,0,140cf40d,36797929023340549,哔哩哔哩干杯
1225.257,普通弹幕,中,白,1597328287,0,edfbe2ca,36797736779513859,大乔声优？
270.937,普通弹幕,中,白,1597328217,0,d72b1f9d,36797699987603459,危 贩卖机 危
17.74,普通弹幕,中,白,1597327972,0,d72b1f9d,36797571649765379,危 混混 危
954.344,底部弹幕,中,红,1597327812,0,52da24fb,36797487606923269,夏娜！
565.324,普通弹幕,中,白,1597327217,0,8e980035,36797175674437637,勇于认错，绝对不改
465.586,底部弹幕,中,红,1597326319,0,4d286d1,36796704709672963,天堂（确信）
1094.214,普通弹幕,中,白,1597326289,0,7bd4b055,36796689182883845,蛮中二的
1321.957,普通弹幕,中,白,1597325863,0,f08ed9f4,36796465653219333,小孩:诶嘿嘿
1282.093,普通弹幕,中,白,1597325810,0,f08ed9f4,36796438055747589,一方姥爷:万人之巅？
533.129,普通弹幕,中,白,1597325663,0,8884311f,36796361069297671,NDS？
130.903,普通弹幕,中,白,1597325435,0,fe070e9e,36796241222303749,说了那么长时间，不会才发现吧？
536.142,普通弹幕,中,白,1597324645,0,57983af6,36795827171098627,教主去哪了
177.982,普通弹幕,中,白,1597324359,0,4fc6711c,36795677191700483,哔哩哔哩干杯!
1412.86,普通弹幕,中,黄,1597324344,0,b46dc0bf,36795669489909767,电击play？
1335.78,普通弹幕,中,白,1597324258,0,b46dc0bf,36795624298905605,上一个无敌的已经失忆了
732.738,底部弹幕,中,蓝,1597324021,0,54fffc91,36795499984977927,要男主的去魔禁，魔禁，魔禁！
506.784,底部弹幕,中,黄,1597323777,0,54fffc91,36795371843747845,想看男主的去魔禁，这里是外传
1313.81,普通弹幕,中,白,1597323614,0,5bcb2b49,36795286704095237,又一个币
752.817,普通弹幕,中,红,1597323525,0,5e73219,36795240146796547,危险的黑子
160.544,普通弹幕,中,白,1597323217,0,47fe13a5,36795078478397445,哔哩哔哩
268.069,普通弹幕,中,白,1597323032,0,5e73219,36794981262819331,贩卖机快跑 还来得及
384.293,普通弹幕,中,白,1597322545,0,1d925b08,36794725955534853,所以这零九年的番怎么做到3D音效的
148.879,普通弹幕,中,白,1597322495,0,eac9605d,36794700035784709,禁书和这个啥关系
205.46,普通弹幕,中,白,1597322481,0,4ea279c6,36794692602953731,bilbil( ゜- ゜)つロ 乾杯~
724.829,普通弹幕,中,白,1597321540,0,207a788d,36794199279403015,贝蹄子的声线？
600.639,普通弹幕,中,白,1597321511,0,f8a93566,36794183762575363,狙击手报告
1137.81,普通弹幕,中,白,1597321151,0,7f55b75,36793995384324101,合气道
329.064,普通弹幕,中,白,1597320981,0,44021b72,36793905999511557,红绿灯是卓别林
56.924,普通弹幕,中,白,1597320875,0,a7b6404f,36793850679787527,数字信号处理
21.317,普通弹幕,中,白,1597320762,0,44021b72,36793791441010693,洗澡歌
958.345,普通弹幕,中,红,1597320560,0,a38761d3,36793685520678915,呱呱呱呱呱呱呱呱呱太
140.209,普通弹幕,中,白,1597319961,0,2432ad32,36793371450146821,用脚做魔禁用心做超炮
54.994,底部弹幕,中,红,1597319437,0,41824a44,36793096553365509,J~a~v~a~
1473.684,普通弹幕,中,白,1597319208,0,57d1b549,36792976591028231,没男主可惜个屁
181.354,底部弹幕,中,黄,1597318994,0,5630fdba,36792864131252227,哔哩哔哩 (゜-゜)つロ 干杯
1138.175,底部弹幕,中,黄,1597318955,0,19afe816,36792844124946437,求劫匪视角
775.913,普通弹幕,中,白,1597318748,0,fc7f17ba,36792735240814599,红红火火恍恍惚惚
1001.573,普通弹幕,中,白,1597318521,0,6746d295,36792616550924295,233333
938.593,普通弹幕,中,白,1597318456,0,6746d295,36792582030753797,2333333
1224.257,普通弹幕,中,白,1597317341,0,8c31e974,36791997691854851,适度玩梗
24.114,底部弹幕,中,红,1597317224,0,9b6d1f0,36791936614924293,大爷也说过这句话
203.599,普通弹幕,中,白,1597316792,0,75bd014a,36791710077943811,不了。lgb
1247.572,底部弹幕,中,蓝,1597316273,0,133b225e,36791437936295939,危        劫匪        危
1200.766,底部弹幕,中,蓝,1597316217,0,133b225e,36791408160407555,求劫匪视角
1342.449,普通弹幕,中,白,1597315438,0,7e4cbf31,36791000007966787,上一个无敌的已经去带娃了
469.118,普通弹幕,中,白,1597315350,0,7b8e2895,36790953866428421,nb
1075.403,普通弹幕,中,白,1597314983,0,63d950d2,36790761591668739,好嘴
170.148,普通弹幕,中,白,1597314744,0,2e782478,36790636201377799,bilbil-(  °-  °)>口乾杯～
1177.407,普通弹幕,中,粉,1597314669,0,b759f6bc,36790596644896775,美？~
265.599,普通弹幕,中,白,1597314136,0,63d950d2,36790317480411141,官方吐槽
224.224,普通弹幕,中,白,1597314075,0,63d950d2,36790285390839813,长井龙雪啊！
1194.92,普通弹幕,中,红,1597313514,0,b2de81c4,36789991242203141,佩恩直呼内行
204.335,普通弹幕,中,蓝,1597313494,0,b4650fcd,36789980898000901,哔哩哔哩
474.958,普通弹幕,中,白,1597313407,0,c1bf3b95,36789934899068935,摄影师加鸡腿
1000.64,普通弹幕,中,白,1597313281,0,b2de81c4,36789868983484421,一只LV5失去了梦想
985.719,普通弹幕,中,白,1597313253,0,b2de81c4,36789854184931333,傲娇毁一生
1250.633,普通弹幕,中,白,1597313232,0,a282474a,36789843591692291,危危危危危
938.7,普通弹幕,中,白,1597313197,0,b2de81c4,36789825209106435,红红火火恍恍惚惚
75.028,普通弹幕,中,白,1597313197,0,d8e91949,36789825320779781,瞬间打脸
621.482,普通弹幕,中,白,1597313004,0,b4eed6a3,36789723976957959,LV0=无敌
72.625,普通弹幕,中,白,1597312992,0,3f6f564,36789717586411523,哈哈哈哈哈
182.145,底部弹幕,中,红,1597312850,0,5a90abed,36789643033182215,哔哩哔哩-(゜-゜)つロ乾杯~
422.16,普通弹幕,中,白,1597312520,0,a7d57f0,36789470280810503,有第三季？哪儿看
157.586,普通弹幕,中,白,1597312388,0,973e9305,36789401026035719,哔哩哔哩
180.009,普通弹幕,中,白,1597312298,0,782ff76a,36789353542844421,哔哩哔哩 - ( ゜- ゜)つロ 乾杯~
764.561,底部弹幕,中,黄,1597312265,0,b4280ce4,36789336570593287,电脑配件？
969.128,普通弹幕,中,白,1597312111,0,82e275ab,36789255694974983,男主呱呱太
940.615,普通弹幕,中,白,1597311924,0,f39baa4,36789157468569603,老傲娇了
711.336,普通弹幕,中,白,1597311770,0,82e275ab,36789077044363267,男主呱太，别问了
601.39,普通弹幕,中,白,1597311436,0,f39baa4,36788901934268419,!!!!!!!!!!!!!!!!!
556.039,普通弹幕,中,白,1597311391,0,f39baa4,36788878204993543,！！！！！！！！！！！！！！！！！
1216.241,普通弹幕,中,黄,1597311301,0,7953dd6a,36788831127601155,佩恩直呼内行
480.416,普通弹幕,中,白,1597310828,0,5316973c,36788583113687043,绅士们都出来吧
756.133,普通弹幕,中,黄,1597310744,0,47da8bd7,36788538886848519,电脑配件
730.938,普通弹幕,中,白,1597310691,0,47da8bd7,36788511380078597,名场面
28.127,底部弹幕,中,白,1597310662,0,b068a3b3,36788495893659655,大爷也说过这句话
750.944,普通弹幕,中,白,1597310445,0,47da8bd7,36788382436687877,前方高能
470.868,普通弹幕,中,黄,1597310437,0,92ed5e9b,36788377813516291,摄影师吃导演
515.865,底部弹幕,中,红,1597310416,0,c543475e,36788366910423043,啊～～～
241.308,普通弹幕,小,红,1597310165,0,92ed5e9b,36788235191451655,小手一斗，op没有
38.852,普通弹幕,中,白,1597310136,0,bd8430ad,36788220237709315,小混混快跑
546.766,普通弹幕,中,黄,1597309607,0,7f998bc9,36787942774538243,官方狙击手
373.433,普通弹幕,中,白,1597309206,0,1dbb9844,36787732752629767,？？？/?/？
40.379,普通弹幕,中,白,1597308949,0,2af1bac6,36787597696565253,小混混快跑
1301.984,普通弹幕,中,白,1597308366,0,d0fb520a,36787292092235779,愿天堂没有硬币
1248.921,普通弹幕,中,白,1597307662,0,83a49f2a,36786923089428487,危☚☞☜
200.16,普通弹幕,中,白,1597307484,0,2bd7c14d,36786829928693767,哔哩哔哩哔哩哔哩哔哩哔哩
388.822,普通弹幕,中,白,1597307361,0,d0fb520a,36786765529874439,大型桃子现场
276.608,普通弹幕,中,白,1597307175,0,d0fb520a,36786668041666563,明白人
126.758,普通弹幕,中,白,1597307022,0,d0fb520a,36786587600683013,黑子的奇妙声线
56.534,普通弹幕,中,白,1597306942,0,d0fb520a,36786545483055107,这是世界上最安全的都市
1221.387,普通弹幕,中,白,1597305869,0,eb196c1d,36785983293751301,保安呢，保安在哪里
628.415,普通弹幕,中,白,1597304669,0,fb8c10f2,36785353937911813,核狗
833.79,底部弹幕,中,黄,1597304366,0,416cc8ef,36785194841145349,要什么男生，百合不香么
973.357,普通弹幕,中,黄,1597303319,0,357e85b3,36784646256590851,手指动来动去，好可爱
338.92,普通弹幕,中,红,1597303116,0,91bbde66,36784539472756741,预习下辈子的番
1309.077,普通弹幕,中,红,1597302848,0,75db7944,36784399250358279,暗示投币
1271.135,普通弹幕,中,红,1597302810,0,75db7944,36784379352580103,危    劫匪    危
1125.531,普通弹幕,中,白,1597302665,0,75db7944,36784303015723015,危  劫匪  危
1001.983,普通弹幕,中,白,1597302541,0,75db7944,36784238145568773,老傲娇了
861.584,普通弹幕,中,白,1597302342,0,75db7944,36784133763497987,好头
232.268,普通弹幕,中,白,1597301775,0,79585734,36783836599156741,在？也不舍得跳
6.54,普通弹幕,中,白,1597301751,0,bb6fca65,36783824192405507,在，可会出超炮f？(
1.7,普通弹幕,中,白,1597301598,0,bb6fca65,36783743594659845,老矿工了
7.58,普通弹幕,中,白,1597301453,0,bb6fca65,36783667679330309,在？会不会出超炮f(
1285.634,普通弹幕,中,红,1597301406,0,d9f8893d,36783643111194631,危危危危危危危危危危危危危危危危危危危危危危危危危危危危危危危危危危危危危危危危
1273.158,普通弹幕,中,红,1597301391,0,d9f8893d,36783635390529541,危危危危危危危危危危危危危危危危危危危危
1270.303,普通弹幕,中,红,1597301379,0,d9f8893d,36783629022527493,此时一位LV.5失去了梦想
1010.739,普通弹幕,中,红,1597301114,0,d9f8893d,36783489956708359,阿里嘎多
998.293,普通弹幕,中,红,1597301059,0,d9f8893d,36783461201608709,此时一位LV.5失去了梦想
950.949,普通弹幕,中,红,1597300972,0,d9f8893d,36783415614767111,呱呱呱呱呱呱呱呱呱呱呱呱呱呱呱呱呱呱呱呱呱呱呱呱呱呱
19.74,普通弹幕,中,白,1597300450,0,11e3cf23,36783141907595267,危 小混混 危
783.301,普通弹幕,中,橙,1597299377,0,e815b2,36782579254296581,大橘已定！
12.607,普通弹幕,中,白,1597298870,0,a6b5b794,36782313541468163,吨吨吨
1276.029,普通弹幕,中,白,1597297914,0,2e22441e,36781812286488583,驯服
216.26,普通弹幕,中,白,1597297615,0,bdb8bed9,36781655391207429,哔哩哔哩-(゜-゜)つロ乾杯~ 
1294.058,普通弹幕,中,白,1597297604,0,69dfbf72,36781649744101379,《学战都市》没这个系列多
1278.385,普通弹幕,中,白,1597297434,0,69dfbf72,36781560797593605,猪脚？
1299.395,普通弹幕,中,白,1597297301,0,4d186773,36781491142787075,炮姐NB
792.707,普通弹幕,中,白,1597296972,0,4d186773,36781318673006597,哈哈哈
756.299,普通弹幕,中,白,1597296951,0,4d186773,36781307305918471,前方高能
703.276,普通弹幕,中,白,1597296924,0,4d186773,36781293406519299,恰恰相反
266.715,底部弹幕,中,红,1597296758,0,d5f1e199,36781206209036295,经典场面！！！！！
676.841,普通弹幕,中,蓝,1597296721,0,d95c9e6b,36781186678784003,泪爷这会看的是魔禁的剧本
1070.751,普通弹幕,中,白,1597296329,0,3050e5d3,36780981435760643,炮姐成名之战
15.326,普通弹幕,中,白,1597296214,0,4d186773,36780921092308997,啊啊啊
721.95,普通弹幕,中,白,1597295964,0,3050e5d3,36780790113107975,前方高能
593.31,普通弹幕,中,绿,1597295375,0,8ed93cf0,36780481349419011,恒温死神
1078.333,普通弹幕,中,白,1597295295,0,e476a3ad,36780439297851395,正片开始
387.03,普通弹幕,中,白,1597295158,0,8ed93cf0,36780367356100615,一血光子
1119.233,普通弹幕,中,白,1597294095,0,8f777af,36779810096152581,这是蝎的傀儡外壳？？？
6.67,普通弹幕,中,白,1597293898,0,c7ad7240,36779706793066501,哔哩哔哩（゜-゜)つロ 乾杯～～
1407.11,底部弹幕,中,红,1597293423,0,fc66f09b,36779457946058755,"正道の光が,大地に照らしている"
1371.09,底部弹幕,中,红,1597293366,0,fc66f09b,36779428103061507,感觉他和泪爷好像
1247.59,底部弹幕,中,红,1597293210,0,fc66f09b,36779345990647813,危     劫匪     危
1247.59,底部弹幕,中,红,1597293203,0,fc66f09b,36779342417100805,危     劫匪     危
166.94,普通弹幕,中,白,1597292683,0,5a5c80b7,36779069826138119,哔哩哔哩乾杯
533.719,底部弹幕,中,红,1597292266,0,fc66f09b,36778851233693699,上升气流上升气流
517.816,普通弹幕,中,白,1597292231,0,baa07126,36778832809164805,小樱同款。
1190.628,普通弹幕,中,白,1597291924,0,879adbb4,36778671711715335,动作指导：波风水门
839.938,普通弹幕,中,白,1597291828,0,b4491114,36778621674717189,预知剧情Lv6，上升气流Lv
1079.266,普通弹幕,中,红,1597291816,0,f458d40d,36778615071834115,狼行
329.848,普通弹幕,中,白,1597291643,0,26f489dd,36778524487974917,路灯里面是卓别林
1397.306,普通弹幕,中,白,1597291528,0,22f62437,36778464150814725,正道の光が大地に当たった正道の光が大地に当たった
342.576,普通弹幕,中,红,1597291226,0,936fb034,36778305680572423,建议屏蔽：建议
1233.726,普通弹幕,中,白,1597291178,0,35b481d5,36778280730230787,兄弟，路走窄了
920.033,普通弹幕,中,白,1597290949,0,879adbb4,36778160441262085,哦卡哇伊酷多
148.099,普通弹幕,中,黄,1597290787,0,ef76fd18,36778075533869063,阿巴巴
1393.198,普通弹幕,中,白,1597290067,0,a3ea4ff7,36777698281914375,上一个无敌的已经灰飞烟灭了
1251.45,普通弹幕,中,白,1597289887,0,98649d32,36777603729719299,劫匪快跑
85.182,普通弹幕,中,白,1597289531,0,890b972f,36777417062219783,当场打脸
453.583,普通弹幕,中,白,1597289459,0,879adbb4,36777379491217411,秒速一公里
84.49,普通弹幕,中,白,1597288799,0,f937e629,36777033460613123,极度安全
44.158,普通弹幕,中,白,1597288759,0,f937e629,36777012304019461,现在！赶紧跑！不要回头！
240.818,普通弹幕,中,白,1597287762,0,98649d32,36776489575776259,在？爷跳了
1297.748,底部弹幕,中,黄,1597287700,0,1966e1a,36776457226158087,秀儿
710.314,普通弹幕,中,白,1597287544,0,98a48180,36776375188193285,佐天泪子
505.107,普通弹幕,中,白,1597287009,0,94fcf78d,36776095234654213,男主呢
378.786,普通弹幕,中,白,1597286997,0,98a48180,36776088891817991,婚后光子
251.579,底部弹幕,中,白,1597286843,0,4548681f,36776008194981891,刻在DNA里的热心市民
1307.929,普通弹幕,中,白,1597286790,0,69b031b4,36775980094193667,当麻能挡核弹吗？完全体魔神？
156.9,底部弹幕,中,白,1597286725,0,4548681f,36775946228334597,哔哩哔哩-(゜-゜)つロ乾杯~
114.429,普通弹幕,中,白,1597286453,0,98a48180,36775803558035461,初春
97.629,普通弹幕,中,白,1597286430,0,98a48180,36775791215247365,白井黑子
1453.653,普通弹幕,中,白,1597285664,0,ef4a2dca,36775390053138437,下一集见
768.95,普通弹幕,中,黄,1597285234,0,fa76fc0c,36775164338241541,啊这
221.915,普通弹幕,中,白,1597285081,0,7928d5d1,36775084427837443,bilibili  ( ゜- ゜)つロ 乾杯~
779.293,普通弹幕,中,白,1597285018,0,80bf8932,36775051118247941,这个妹妹不得了
569.97,普通弹幕,中,红,1597285015,0,fa76fc0c,36775049767682051,俺也要看
21.152,底部弹幕,中,红,1597284780,0,7928d5d1,36774926095482887,危     小混混     危
208.773,普通弹幕,中,白,1597284280,0,fa76fc0c,36774664201568259,哔哩哔哩 (゜-゜)つロ 乾杯~-bilibili
384.998,普通弹幕,中,白,1597282890,0,2c76eb4d,36773935670362115,婚后yyds
1310.674,普通弹幕,中,白,1597282703,0,6bf4a9a4,36773837219037191,狙击手拖出去毙了
1280.233,普通弹幕,中,白,1597282666,0,ccebafb5,36773817848692739,巅峰不应该是大爷吗？
1190.433,普通弹幕,中,白,1597282570,0,ccebafb5,36773767906590725,这个发型怎么和当妈差不多？
1470.742,底部弹幕,中,红,1597282261,0,b28ae577,36773605779439623,百合篇实锤了
249.585,普通弹幕,中,白,1597280887,0,8afad999,36772885267742727,黑子不是黑子哲也吗？
1175.401,普通弹幕,中,白,1597280518,0,f02ad120,36772691843743749,三代能力者，起火能力！
229.697,底部弹幕,中,绿,1597280221,0,216be857,36772535936221191,哔哩哔哩 - ( ゜- ゜)つロ 乾杯~ 
1418.489,普通弹幕,中,白,1597280004,0,a0ec12b5,36772422375964677,正しい光が大地を照らしている.
1113.178,底部弹幕,中,黄,1597276607,0,5dfb4e51,36770641190322181,高效率出警
1333.361,普通弹幕,中,白,1597276446,0,8d96a6b7,36770556949299205,上一个无敌已经被烧成灰了
941.472,普通弹幕,中,白,1597276445,0,5dfb4e51,36770556149235717,老阴阳人了
1333.361,普通弹幕,中,白,1597276428,0,8d96a6b7,36770547678838791,上一个无敌已经在水里停止思考了
146.316,普通弹幕,中,白,1597275835,0,449727f3,36770236582068231,砸，瓦鲁多
79.234,普通弹幕,中,白,1597275109,0,5dfb4e51,36769855774392323,安全炸了
71.213,普通弹幕,中,白,1597274936,0,ae4843d9,36769765337333767,最危险的地方就是最安全的地方
654.161,普通弹幕,中,白,1597274511,0,e8dcd159,36769542261702659,大爷带娃了
238.527,底部弹幕,中,红,1597274073,0,f2136cda,36769312791330819,爷就跳
228.06,普通弹幕,中,白,1597271066,0,388e9316,36767736404639751,hhh
1101.334,普通弹幕,中,白,1597260851,0,fba83e7e,36762380932218887,热心市民美琴
1174.701,普通弹幕,中,白,1597253843,0,63111688,36758706729254919,震惊！惊现雾山火行
286.656,普通弹幕,中,黄,1597253271,0,e05cb542,36758406305939461,妹妹所言极是
510.397,普通弹幕,中,白,1597252695,0,33fe13a6,36758104680431621,好快的车
1380.028,普通弹幕,中,白,1597252337,0,178dd7ae,36757916984279045,泡泡茶壶
166.957,普通弹幕,中,白,1597252326,0,33fe13a6,36757911064018951,终于找到这op了
1382.396,普通弹幕,中,白,1597252032,0,93e2b06c,36757757043408901,一币撒花
1376.676,普通弹幕,中,白,1597252019,0,93e2b06c,36757750063038469,一必散花
1256.044,普通弹幕,中,白,1597251812,0,93e2b06c,36757641528082435,危危危危危危危危危危危危危危危
1251.204,普通弹幕,中,白,1597251802,0,93e2b06c,36757636517462021,危危危危危危危危危危危危危
1186.764,普通弹幕,中,白,1597251678,0,93e2b06c,36757571264053255,所以说女孩子打架都不会在意自己穿的是什么
1106.244,普通弹幕,中,白,1597251540,0,93e2b06c,36757499074838535,平角裤平角裤
1085.404,普通弹幕,中,白,1597251515,0,93e2b06c,36757485784662021,柯南行为
1030.924,普通弹幕,中,白,1597251453,0,93e2b06c,36757453418266631,不失优雅的一大口
1328.403,普通弹幕,中,白,1597250920,0,a1de12d6,36757174178283525,上一个无敌的已经秃头了
441.385,普通弹幕,中,白,1597249694,0,6469166d,36756531078234117,大爷表示就这就这
13.186,普通弹幕,中,白,1597249131,0,f01ab364,36756236036210693,再来一次
7.819,普通弹幕,中,白,1597249081,0,717a7043,36756209629396997,注意，这是外传哦
0.239,普通弹幕,中,白,1597249061,0,717a7043,36756199440384005,魔法禁书目录 外传
1199.163,普通弹幕,中,白,1597248880,0,55212c3a,36756104230207495,动作指导：佩恩
1119.059,普通弹幕,中,白,1597248722,0,55212c3a,36756021521154053,双厨狂喜
988.105,普通弹幕,中,白,1597248668,0,1f07a85,36755993216417795,此时，一只傲娇炮失去了梦想
1025.466,普通弹幕,中,白,1597248512,0,a755bdb8,36755911692779523,猿形毕露
1309.157,普通弹幕,中,白,1597247087,0,2baa3b68,36755164422471683,这就是不投币的下场
1311.762,普通弹幕,中,白,1597247052,0,2baa3b68,36755146021535751,投币投币投币投币投币
24.564,普通弹幕,中,白,1597247037,0,6e755d13,36755138032959491,真的是开局直接给炮姐送人头
14.123,普通弹幕,中,白,1597246993,0,6e755d13,36755115351736323,出现了
665.299,普通弹幕,中,白,1597245354,0,171b3284,36754255893757957,大爷会出现吗
441.405,普通弹幕,中,白,1597244490,0,70b30bf,36753802959781895,深水炸弹
1011.24,普通弹幕,中,白,1597244109,0,72945cd7,36753603017310215,2333333
470.017,普通弹幕,中,白,1597243766,0,53e6aa3b,36753423419834371,哇哦哦
169.481,普通弹幕,中,白,1597243617,0,2649479e,36753345158316035,bilibili- ( ゜- ゜)つロ 乾杯~ 
183.906,普通弹幕,中,白,1597243533,0,c7ad7240,36753300909457411,哔哩哔哩乾杯
179.305,普通弹幕,中,白,1597243387,0,990d1f17,36753224361312261,哔哩哔哩 (゜-゜)つロ 干杯~
1079.383,普通弹幕,中,白,1597243086,0,6789f79,36753066483515395,打劫
97.133,普通弹幕,中,黄,1597243053,0,45064cf7,36753049418465283,呆呆呆呆呆呆呆呆呆呆呆呆
812.371,普通弹幕,中,黄,1597243008,0,66fc3701,36753025541865475,大橘已定
1438.014,普通弹幕,中,白,1597243005,0,17df1bb2,36753024433520645,好好看
0.98,普通弹幕,中,黄,1597242850,0,45064cf7,36752942783004677,哦内桑麻～
1345.789,普通弹幕,中,白,1597242724,0,78f2bf5,36752876646694915,赫尔辛根默斯肯
707.702,普通弹幕,中,白,1597242701,0,6789f79,36752864622673925,佐天(さてん)
1298.161,普通弹幕,中,白,1597242615,0,17df1bb2,36752819645579269,名场面
609.394,普通弹幕,中,黄,1597242596,0,540abb1c,36752809859219463,剧本爷啊
731.777,普通弹幕,中,白,1597242484,0,c668da89,36752751090728967,粉头发打架不是都厉害吗
337.538,普通弹幕,中,白,1597242339,0,8ac3a70b,36752674850340869,一名狙击手失去梦想
582.337,普通弹幕,中,白,1597242317,0,c668da89,36752663647879173,目标发现一个长发。
550.302,普通弹幕,中,白,1597242282,0,7213a16f,36752644980080643,每天一风暴
1150.141,普通弹幕,中,粉,1597242276,0,792aebed,36752642200829957,黑子帅！
498.638,普通弹幕,中,白,1597242219,0,c668da89,36752611978248199,摄影师出来
1238.62,普通弹幕,中,白,1597242170,0,17df1bb2,36752586424451077,一路走好
1079.035,普通弹幕,中,白,1597242095,0,99eeaeca,36752547354509317,专业团队准备
1214.039,普通弹幕,中,白,1597242072,0,ffc19c7c,36752535133880325,动作指导：鸣人
395.389,普通弹幕,中,白,1597242008,0,7213a16f,36752501610905607,这个差距爱了
286.248,底部弹幕,中,黄,1597241984,0,ccef8987,36752489010167815,朕的狙击手在哪里？
1076.638,普通弹幕,中,白,1597241669,0,17df1bb2,36752323885662215,光速吃饼哈哈哈
1033.422,普通弹幕,中,白,1597241598,0,17df1bb2,36752286758207493,哈哈纳豆
520.269,底部弹幕,中,红,1597241533,0,d4bd058f,36752252521152515,白夜叉hhh
941.001,普通弹幕,中,白,1597241279,0,17df1bb2,36752119069933571,光速打脸
211.923,普通弹幕,中,白,1597241099,0,6de6dd5,36752024975966215,还会有当麻吗？
185.853,普通弹幕,中,白,1597241004,0,a599abdb,36751974935822341,哔哩哔哩 (゜-゜)つロ 干杯~
258.497,普通弹幕,中,黄,1597240756,0,1b011564,36751845291982851,在日漫姐姐=大人
64.0,底部弹幕,中,黄,1597240292,0,540abb1c,36751602102566915,万 全
485.839,底部弹幕,中,黄,1597240153,0,a85655f0,36751528709586949,老sp了哈哈哈
1243.812,普通弹幕,中,白,1597239930,0,43e603f2,36751411901890565,一路走好
177.52,底部弹幕,中,粉,1597239789,0,a85655f0,36751338129850371,哔哩哔哩(゜-゜)つロ 干杯~
176.28,底部弹幕,中,蓝,1597239783,0,a85655f0,36751334972063751,哔哩哔哩(゜-゜)つロ 干杯~
1468.173,底部弹幕,中,白,1597239761,0,e18ad7c0,36751323664744455,诈尸？
998.342,普通弹幕,中,白,1597239606,0,43e603f2,36751242403250181,此时一只Lv5失去了梦想
628.62,普通弹幕,中,黄,1597239308,0,ce8278b,36751086065811459,无敌Lv0热血Lv6
776.641,普通弹幕,中,白,1597239292,0,43e603f2,36751077389893635,一只黑子失去了梦想
747.732,普通弹幕,中,白,1597239200,0,43e603f2,36751029143339013,危危危危危危危危危危危危危危危危危危
1317.793,普通弹幕,中,红,1597238921,0,a511172a,36750883162161159,最强无敌啊，时雨苍燕流既视感唉！
66.039,普通弹幕,中,白,1597238868,0,696309ab,36750855403732997,钞能力
276.714,普通弹幕,中,白,1597238545,0,43e603f2,36750686126866437,贩卖机
138.529,普通弹幕,中,红,1597238476,0,ce8278b,36750649947848707,正片开始
140.822,普通弹幕,中,白,1597238432,0,17df1bb2,36750626667888643,哦哦哦！
110.126,普通弹幕,中,白,1597238359,0,17df1bb2,36750588206120963,贝蒂的声音！
98.443,普通弹幕,中,白,1597238223,0,17df1bb2,36750516967440387,众所周知，头发越粉，打架越狠
428.416,普通弹幕,中,白,1597238107,0,171b3284,36750456349261827,大爷吗（一方通行）
69.998,普通弹幕,中,白,1597238084,0,17df1bb2,36750444386058243,光速打脸
1452.692,普通弹幕,中,白,1597238079,0,e5819afa,36750441328934917,正道の光が大地に照り映える
1242.237,普通弹幕,中,白,1597238004,0,27a42f53,36750402211807239,前方高能
506.345,普通弹幕,中,黄,1597237873,0,f77c896d,36750333343432707,哈哈哈哈嗝屁
1335.343,底部弹幕,中,白,1597237766,0,1ecae3ea,36750277225218051,罗兹瓦尔？
945.767,普通弹幕,中,白,1597237694,0,27a42f53,36750239749111815,打脸
69.974,普通弹幕,中,白,1597237677,0,6b294cc9,36750230588751879,好安心
1193.589,普通弹幕,中,白,1597237649,0,10d6ce3d,36750216234795011,佩恩给予好评
1243.562,底部弹幕,中,红,1597237569,0,bf3feb90,36750174397661189,危     劫匪     危
783.357,普通弹幕,中,白,1597237515,0,27a42f53,36750146152693765,大橘已定
1127.054,普通弹幕,中,白,1597237202,0,545d92c7,36749981695606791,危危危危危危危危危危危危危危危危
515.922,普通弹幕,中,白,1597237180,0,27a42f53,36749969963089925,大橘已定
200.66,普通弹幕,中,白,1597237077,0,7808523f,36749916244017155,bi li bi li gan bei
1190.291,底部弹幕,中,红,1597237068,0,bca4cce,36749911719411715,这是……替身攻击［doge］
1417.396,普通弹幕,中,白,1597236944,0,c03413c,36749846414098501,皮卡丘？
63.708,普通弹幕,中,白,1597236913,0,79e86362,36749830319505415,c++
320.102,普通弹幕,中,白,1597236690,0,904a06ea,36749713513906179,碧子的声音
160.594,普通弹幕,中,白,1597236494,0,27a42f53,36749610551607299,好听
1129.953,普通弹幕,中,白,1597236155,0,33fb0978,36749433094799367,蝎的绯流琥
495.511,底部弹幕,中,黄,1597235967,0,e1f31635,36749334313173063,这番没男主吗
156.416,普通弹幕,中,白,1597235940,0,1aaf3f6,36749319854882821,3遍了
950.041,普通弹幕,中,白,1597235699,0,6c7c6580,36749193914613767,哈哈哈哈哈
780.452,普通弹幕,中,白,1597235371,0,e2b67953,36749021656645639,吟唱唱歌
181.501,普通弹幕,中,白,1597234771,0,e2b67953,36748707452420103,本剧没男主
142.98,普通弹幕,中,白,1597234733,0,e2b67953,36748687090647045,哔哩哔哩(゜-゜)つロ 干杯~
1413.908,普通弹幕,中,白,1597233489,0,4b9bf6c6,36748035240230915,这叫的有点让人……
208.674,普通弹幕,中,白,1597233161,0,49eff0cd,36747863285825543,这部番有男主吗
177.433,普通弹幕,中,白,1597232674,0,48154b8f,36747607721115653,( ゜- ゜)つロ哔哩哔哩干杯~
56.456,普通弹幕,中,白,1597232659,0,4702349b,36747600099540997,python！
72.051,普通弹幕,中,白,1597232657,0,aca3a60d,36747598882144259,打脸比翻书还快
201.299,底部弹幕,中,黄,1597232228,0,9a490e26,36747373900726275,爱了爱了
1410.621,普通弹幕,中,白,1597231703,0,88e11fed,36747098730790915,学园都市最大电阻值，黑子
1407.859,普通弹幕,中,白,1597231051,0,5d7293fe,36746756793303045,正しい光が大地を照らしている.
1393.558,普通弹幕,中,白,1597230367,0,86bfbc98,36746398507991045,上一个无敌的已经在宇宙深处爆炸了
1342.248,普通弹幕,中,白,1597230216,0,ee6c076a,36746319096184837,秃了？
127.309,普通弹幕,中,白,1597229576,0,12415fed,36745983343722499,野蛮人？
352.067,普通弹幕,中,白,1597229226,0,ee6c076a,36745799899545603,没怀胎的番
1247.422,底部弹幕,中,红,1597229003,0,5129a780,36745683368148995,危       劫匪       危
941.268,普通弹幕,中,白,1597228274,0,1607a018,36745301186314245,铁骨铮铮
274.388,普通弹幕,中,白,1597227936,0,54f63343,36745123619405829,危危危危
570.737,普通弹幕,中,黄,1597227688,0,1a078acd,36744993931001861,野原新之助呢？报告情况看到了吗？
1316.797,底部弹幕,中,黄,1597227682,0,945678c2,36744990806769671,牛啊
608.422,普通弹幕,中,白,1597226565,0,5c48b396,36744405146664963,狙击手报告，黑的
560.627,普通弹幕,中,白,1597226518,0,5c48b396,36744380080979971,突击手已经就位
74.961,普通弹幕,小,白,1597225446,0,2b222722,36743818262872067,一一
1303.016,普通弹幕,中,黄,1597225446,0,e922609b,36743818106634245,炮姐爱了爱了
1374.568,普通弹幕,中,白,1597225037,0,bede82e7,36743603994755075,上一个无敌的已经秃了
73.443,普通弹幕,中,白,1597224564,0,b2773a96,36743355922644995,安 全
64.958,普通弹幕,中,白,1597223614,0,510ca7aa,36742857959145477,Python
319.296,普通弹幕,中,白,1597223393,0,9c186e0,36742741959376903,这部番没有男主的吗？
33.538,普通弹幕,中,白,1597222780,0,cbcd7073,36742420523646981,bilibili
276.681,普通弹幕,中,白,1597222564,0,bc60055d,36742307452026883,白嫖党
1247.65,普通弹幕,中,白,1597222123,0,d2a1d865,36742076285583363,危危危危危危危危危
151.867,普通弹幕,中,白,1597222093,0,a83521ab,36742060159533061,bilibili- ( ゜- ゜)つロ 乾杯~ 
760.165,普通弹幕,中,白,1597221971,0,f4cfe2b9,36741996218941445,+++
1421.572,普通弹幕,中,白,1597221602,0,cf3c2bd7,36741803129962503,没有男主吗
306.901,普通弹幕,中,白,1597221548,0,f6601a51,36741774721941507,哈哈
207.309,普通弹幕,中,白,1597221525,0,a5ed0f1b,36741762325151751,哔哩哔哩
17.374,普通弹幕,中,白,1597221123,0,9f73682,36741551973990403,bilibili              呱太
551.572,底部弹幕,中,黄,1597221088,0,848fc4c1,36741533271588867,名场面
221.045,底部弹幕,中,绿,1597220993,0,dcab790,36741483720605701,哔哩哔哩 - ( ゜- ゜)つロ 乾杯~ 
213.329,普通弹幕,中,白,1597220830,0,1b5aa4c8,36741398152609797,bilibili- ( ゜- ゜)つロ 乾杯~
1353.221,普通弹幕,中,白,1597220167,0,f92350f5,36741050562772999,人生导师
1299.45,普通弹幕,中,白,1597219825,0,4fc51fd0,36740871429816327,暗示投币
512.641,普通弹幕,中,白,1597219613,0,635b1aeb,36740760119279623,大橘已定
1273.765,普通弹幕,中,白,1597218932,0,2fee672c,36740402848989189,反坦克穿甲制导硬币
302.379,普通弹幕,中,白,1597218747,0,4fc51fd0,36740305986256903,安全裤。。。
289.062,底部弹幕,中,黄,1597218710,0,dd083d45,36740286454431751,官方吐槽
1226.927,普通弹幕,中,白,1597218565,0,7c2c3d8b,36740210821169155,泪子！！
1224.827,普通弹幕,中,白,1597218550,0,7c2c3d8b,36740202867720195,泪子！
344.01,普通弹幕,中,白,1597217968,0,4642c36b,36739897565904903,全是腿
809.609,普通弹幕,中,白,1597217841,0,7c2c3d8b,36739831248715779,大橘已定
1245.631,普通弹幕,中,红,1597217019,0,1e12b5ab,36739400313339909,————————————WARING————————------
291.431,普通弹幕,中,黄,1597216868,0,b1576076,36739320814501893,说得对
59.288,普通弹幕,中,黄,1597216502,0,2699be36,36739128875810823,赣他
43.847,普通弹幕,中,绿,1597216486,0,2699be36,36739120790241285,漂亮
579.938,普通弹幕,中,红,1597216323,0,1e12b5ab,36739034986840071,低能儿？
46.674,普通弹幕,中,白,1597215922,0,ae22a1f2,36738825071886343,这个导游是不是跟光子一个声优啊？
832.179,普通弹幕,中,白,1597215426,0,f0ad4645,36738564861460485,泪子是不是亚梦的声优呀？
349.834,普通弹幕,中,白,1597215260,0,3a7bf55,36738477791903747,小手一。。。这是哪？
877.289,底部弹幕,中,白,1597215188,0,e16853ac,36738439981301767,games狗一库贼?
525.606,普通弹幕,中,白,1597215141,0,1951ef31,36738415732981767,这是天堂吗
1309.269,普通弹幕,中,白,1597214406,0,cdd6645e,36738030178402309,上上上一个无敌的已经在太空中停止了思考，上上一个无敌的已经在河里生锈了，上一个无敌的已经化为了尘埃
1410.77,普通弹幕,中,青,1597213722,0,a6ad9d56,36737671477854215,正道の光が大地を照らした
1248.134,普通弹幕,中,白,1597213222,0,3bf94d43,36737409180237829,危危危危危危危危危危危险
370.654,普通弹幕,中,白,1597213077,0,9ddd0652,36737333496119299,所以黑子还是有煎蛋的哦，不是完完全全的大平板
1314.899,普通弹幕,中,白,1597213011,0,29312489,36737298965987335,白的
364.374,普通弹幕,中,白,1597212949,0,87e1cbde,36737265970970631,好看吗
1191.916,普通弹幕,中,白,1597212935,0,29312489,36737258814963719,佩恩·知乎内行
915.782,普通弹幕,中,白,1597212742,0,69520f02,36737157792530437,k—on
912.442,普通弹幕,中,白,1597212730,0,69520f02,36737151261474821,k—
109.077,普通弹幕,中,白,1597212550,0,b6e977a2,36737057287569411,请珍惜现在的黑子
501.603,普通弹幕,中,白,1597212483,0,29312489,36737022117806085,摄影师不能往上点吗
202.619,普通弹幕,中,白,1597212325,0,513edeaf,36736938910679047,哔哩哔哩
251.615,普通弹幕,中,白,1597212218,0,29312489,36736883178340357,中文可还行
509.8,底部弹幕,中,白,1597211981,0,cc9f6d64,36736758543548423,大橘已定
1317.739,普通弹幕,中,黄,1597211479,0,d37a4d37,36736495509307463,论安全气囊的重要性
1294.84,普通弹幕,中,黄,1597211440,0,d37a4d37,36736475097202693,一路走好
1271.704,普通弹幕,中,黄,1597211400,0,d37a4d37,36736454107856901,解说已开始吟唱，该抬走这位劫匪了
1267.151,普通弹幕,中,黄,1597211359,0,d37a4d37,36736432362487815,开始吟唱
1249.151,普通弹幕,中,黄,1597211326,0,d37a4d37,36736415500337157,危危危危危危危危危危危危危危危危危危
193.921,普通弹幕,中,白,1597211103,0,2ec0fb0e,36736298304667653,活在op里的教主
1409.936,普通弹幕,中,红,1597210750,0,2d8e164d,36736113291821061,此曲一响，爹妈白养
1003.626,普通弹幕,中,绿,1597210491,0,d37a4d37,36735977744498695,呱形毕露
999.474,普通弹幕,中,绿,1597210467,0,d37a4d37,36735964726427651,一只御坂失去了梦想
941.667,普通弹幕,中,绿,1597210399,0,d37a4d37,36735929090572295,某科学的光速打脸
938.953,普通弹幕,中,绿,1597210384,0,d37a4d37,36735921413947399,hhhhhh
925.175,普通弹幕,中,绿,1597210352,0,d37a4d37,36735904913031175,呱太！
902.16,普通弹幕,中,白,1597210309,0,d37a4d37,36735882285285381,呱太nb
890.172,普通弹幕,中,白,1597210287,0,d37a4d37,36735870443192323,众所周知，游戏厅=军火库
880.89,普通弹幕,中,白,1597210268,0,d37a4d37,36735860651065351,军火库
800.483,普通弹幕,中,白,1597210182,0,d37a4d37,36735815616823301,路人：百年好合
785.967,普通弹幕,中,白,1597210136,0,d37a4d37,36735791431942151,接下来就该电脑配件了
780.931,普通弹幕,中,白,1597210110,0,d37a4d37,36735777865465863,大橘已定
775.147,普通弹幕,中,白,1597210068,0,d37a4d37,36735755635130371,一只黑子失去了梦想
760.513,普通弹幕,中,白,1597210018,0,d37a4d37,36735729459527683,开始吟唱
779.96,普通弹幕,中,红,1597209981,0,2d8e164d,36735710011588611,动作指导:土间太平
673.18,普通弹幕,中,白,1597209907,0,d37a4d37,36735671239442435,泪爷剧本丢了
629.883,普通弹幕,中,白,1597209854,0,d37a4d37,36735643312193543,hop
504.538,普通弹幕,中,白,1597209422,0,d37a4d37,36735417219809287,黑子 危
484.069,普通弹幕,中,白,1597209387,0,d37a4d37,36735398942081027,这里黑琴根本不是A啊
183.7,普通弹幕,中,白,1597209333,0,5dcbc823,36735370427105287,哔哩哔哩( ゜ -゜)つロ 乾杯~
727.493,普通弹幕,中,蓝,1597208630,0,57b4fe49,36735001642401795,男主呢？
942.486,普通弹幕,中,白,1597208484,0,d6d6db6d,36734925443432455,光速打脸
57.065,底部弹幕,中,白,1597207782,0,5725f726,36734557203464195,j——————a——————v——————a
542.474,普通弹幕,中,蓝,1597206641,0,57b4fe49,36733958845104135,终于看见男的了
164.414,底部弹幕,中,红,1597206522,0,8f4f793f,36733896537669639,这是新妈，就是黑子，不要说贝蒂，贝蒂比这个晚！
349.179,普通弹幕,中,蓝,1597206438,0,57b4fe49,36733852495380487,没男的？
342.969,普通弹幕,中,白,1597206420,0,57b4fe49,36733843213385733,没有男的吗
1113.957,普通弹幕,中,白,1597206396,0,7f6ce585,36733830621036549,真.安全
264.2,底部弹幕,中,红,1597206380,0,f1409ee1,36733822104502277,早就被注意了
44.16,底部弹幕,中,红,1597206126,0,f1409ee1,36733688779636741,实验  都市
27.36,底部弹幕,中,红,1597206089,0,f1409ee1,36733669647319043,红绿灯      危
27.36,底部弹幕,中,红,1597206061,0,f1409ee1,36733654830415877,公共汽车      危
20.66,底部弹幕,中,红,1597206039,0,f1409ee1,36733643169726471,小混混     危      速归
11.199,底部弹幕,中,红,1597206006,0,f1409ee1,36733626135085061,看这诱人的画质
111.862,普通弹幕,中,白,1597205702,0,17f6c47e,36733466536050695,好像贝蒂哦
326.807,普通弹幕,中,白,1597205597,0,7f6ce585,36733411712303171,末影黑子
98.797,普通弹幕,中,白,1597205447,0,7f6ce585,36733333092171779,黑子
442.74,底部弹幕,中,黄,1597205333,0,694d4873,36733273125683205,所谓觉悟，就是在漆黑的荒野上开辟出一条理当前进的光明大道。
115.743,普通弹幕,中,白,1597204847,0,17fbf670,36733018509410309,黑子！
72.893,普通弹幕,中,白,1597204281,0,7343e5de,36732721530667015,光速打脸
2.013,普通弹幕,中,白,1597204128,0,d5bb24,36732641532182535,qwq
205.151,普通弹幕,中,白,1597203871,0,2067fd2d,36732506637074435,only my railgun
36.173,普通弹幕,中,白,1597203762,0,1d264ccd,36732449828372483,80%
609.19,普通弹幕,中,白,1597203006,0,6e73f7c5,36732053456683013,风暴指挥官
590.31,普通弹幕,中,白,1597202981,0,6e73f7c5,36732040249868291,恒温死神
13.719,普通弹幕,中,白,1597202777,0,ecba331,36731933303504899,初来乍到
374.17,普通弹幕,中,白,1597202760,0,6e73f7c5,36731924145242117,不是投 是直接传送
239.37,普通弹幕,中,白,1597202717,0,2c766f82,36731901533749253,超炮有大爷没
1212.526,普通弹幕,中,白,1597202380,0,42aa34b,36731724846071811,好姿势
1376.659,普通弹幕,中,白,1597202217,0,a9e36f5f,36731639640358915,欧尼酱
76.806,普通弹幕,中,紫,1597202187,0,53f41f0b,36731623619166213,开升
952.745,普通弹幕,中,白,1597201793,0,a9e36f5f,36731417053888515,好突然
806.244,普通弹幕,中,白,1597201646,0,a9e36f5f,36731340358942725,百合
476.348,普通弹幕,中,白,1597201519,0,ca5b02b2,36731273479716867,摄影师迟到车时
516.745,普通弹幕,中,白,1597201357,0,a9e36f5f,36731188508884997,超速了
596.412,底部弹幕,中,白,1597200949,0,4f940a31,36730974648139779,啦啦啦啦啦
861.102,普通弹幕,中,白,1597200740,0,c8bc7530,36730865247059971,抱头蹲防
854.484,底部弹幕,中,黄,1597200679,0,e3e70ac,36730833197858819,亿些
844.163,底部弹幕,中,黄,1597200665,0,e3e70ac,36730825788620803,LV0=神
830.732,底部弹幕,中,黄,1597200641,0,e3e70ac,36730813251846147,实际上是一部炮姐开的后宫番
1498.214,普通弹幕,中,粉,1597200599,0,caf05d9e,36730791139999747,前面的美琴161
1448.914,普通弹幕,中,粉,1597200536,0,caf05d9e,36730758078398469,黑炮什么鬼，是黑琴
625.841,底部弹幕,中,黄,1597200406,0,e3e70ac,36730690096594951,众所周知，等级越高越菜
612.31,底部弹幕,中,黄,1597200362,0,e3e70ac,36730666974445573,LV0=LV6
327.771,普通弹幕,中,白,1597200062,0,e3e70ac,36730509705347077,失业
299.407,普通弹幕,中,白,1597200034,0,e3e70ac,36730494853316611,安全裤差评
280.515,普通弹幕,中,白,1597200014,0,e3e70ac,36730484322467847,贩卖机
239.165,普通弹幕,中,白,1597199952,0,e3e70ac,36730451886866437,民事投币
175.63,普通弹幕,中,白,1597199888,0,e3e70ac,36730418593529859,高画质
231.963,普通弹幕,中,白,1597199809,0,b4014d5b,36730377239789573,乾杯
56.877,普通弹幕,中,白,1597199770,0,9062bebc,36730356473266181,很安全
43.926,普通弹幕,中,白,1597199756,0,e3e70ac,36730349541130247,小混混：危
1412.332,普通弹幕,中,白,1597199644,0,ce9ea6db,36730290433425413,啊～～
450.166,普通弹幕,中,白,1597199473,0,78f01051,36730200786468867,菲利宾炸鱼队直呼内行
233.769,普通弹幕,中,白,1597199358,0,80bb0ce9,36730140449308679,哔哩哔哩
476.474,普通弹幕,中,白,1597199124,0,df83f8b8,36730017968816135,有男主吗
12.55,普通弹幕,中,白,1597198852,0,4a77bc55,36729875112919047,初来乍到
34.065,普通弹幕,中,白,1597198509,0,fe99ec95,36729695287902213,小混混快跑
177.353,普通弹幕,中,白,1597198175,0,49e6676,36729520550051843,哔哩哔哩|•'-'•)و✧干杯
889.662,普通弹幕,中,白,1597197620,0,2bc110e7,36729229519880195,黑子的声音越听越上头。停不下来
476.321,普通弹幕,中,白,1597197173,0,35d9bba6,36728994814492675,老撕鸡：收费画面
65.416,普通弹幕,中,白,1597196719,0,35d9bba6,36728757063516167,JAVA?
272.294,普通弹幕,中,白,1597196719,0,a8ec2977,36728756966522887,金坷垃
1375.085,底部弹幕,中,淡蓝,1597196452,0,eccc89a6,36728617245343815,Lv0才是最nb的
232.686,普通弹幕,中,白,1597195698,0,9d6d50a1,36728221966794755,哔哩哔哩
1315.389,普通弹幕,中,白,1597195692,0,42f7d617,36728218774405125,路走窄了
216.186,普通弹幕,中,白,1597195682,0,9d6d50a1,36728213404123143,哔哩哔哩
204.686,普通弹幕,中,白,1597195671,0,9d6d50a1,36728207413608455,满满的回忆
19.74,普通弹幕,中,粉,1597193158,0,fca40dd6,36726890116415491,好看
710.498,普通弹幕,中,白,1597192039,0,112e3677,36726303119900675,男主什么时候出来呀？
623.897,普通弹幕,中,白,1597191967,0,112e3677,36726265377456131,有男主
608.657,普通弹幕,中,白,1597191944,0,112e3677,36726253372309511,谢谢。
587.137,普通弹幕,中,白,1597191918,0,112e3677,36726239986712583,这里面有没有男主？
200.859,普通弹幕,中,白,1597190396,0,f4aa5eb7,36725442165604355,bilibili- ( ゜- ゜)つロ 乾杯~
1078.606,底部弹幕,中,白,1597189658,0,ab0eff62,36725055011422211,全福银行差事
1007.885,底部弹幕,中,白,1597189547,0,ab0eff62,36724996746772485,一只傲娇的炮姐失去了梦想
1294.7,底部弹幕,中,白,1597189363,0,67add59a,36724900428775431,白雷哈哈哈
686.733,普通弹幕,中,白,1597189162,0,ab0eff62,36724795177435141,剧本拿错了!
581.354,普通弹幕,中,白,1597189014,0,ab0eff62,36724717598539783,不愧是泪爷
85.828,普通弹幕,中,白,1597188580,0,ab0eff62,36724489765519363,真-安全
1416.084,普通弹幕,中,白,1597188061,0,9fa39ffb,36724217530548229,正しい光が大地を照らしている.
279.546,底部弹幕,中,白,1597182383,0,45bec80a,36721240723423235,狙击手不用报告了，炊事班都看见了
1077.27,底部弹幕,中,红,1597182129,0,6666470,36721107703169027,高危职业:小混混
1071.47,底部弹幕,中,红,1597182113,0,6666470,36721099445633031,前方高能
1359.23,普通弹幕,中,白,1597181304,0,ee3e1a47,36720675306602499,贝蒂～
974.035,普通弹幕,中,白,1597180913,0,ee3e1a47,36720470081404935,爹丝袜？
1012.027,普通弹幕,中,白,1597179595,0,a831e302,36719778879504387,哈哈哈哈
958.853,普通弹幕,中,白,1597179537,0,a831e302,36719748752867331,哈哈
168.153,普通弹幕,中,白,1597179147,0,81a36bc5,36719544099667973,哔哩哔哩( ゜- ゜)つロ 乾杯
879.967,普通弹幕,中,白,1597174656,0,ed7d40ce,36717189417926663,没男主？
567.95,普通弹幕,中,白,1597172942,0,ef7a61a2,36716291021602823,初春好萌
161.822,普通弹幕,中,白,1597172183,0,289cccf0,36715892927102979,好听
1186.212,普通弹幕,中,白,1597171363,0,3d2f06ab,36715463008321539,草维京
1078.126,底部弹幕,中,红,1597171289,0,d2f72d9a,36715424562806789,哇，比柯南还六
190.816,普通弹幕,中,白,1597170905,0,26d696e1,36715222885466115,哔哩哔哩-(゜-゜)つロ乾杯~
1410.986,普通弹幕,中,白,1597170776,0,8e5ff661,36715155306840067,奇怪的cp又增加了
914.736,普通弹幕,中,白,1597169186,0,306e8083,36714321803214853,教主呢？
732.455,底部弹幕,中,红,1597168722,0,f959493,36714078740152327,FAN人均VAN
64.31,底部弹幕,中,红,1597167969,0,f959493,36713683483099141,量子力学
887.622,普通弹幕,中,白,1597166036,0,9b2f621,36712670091542597,为什么校服不一样
45.999,普通弹幕,中,白,1597165969,0,46f4416e,36712635194933251,与魔禁似曾相识的感觉
794.995,普通弹幕,中,白,1597165859,0,9b2f621,36712577616576517,缘分的天空，悠远的苍穹
1060.985,普通弹幕,中,白,1597165587,0,4c713f0f,36712435125583875,病娇姐控
1392.853,普通弹幕,中,紫,1597165566,0,5c797177,36712423966638083,上一个无敌自闭了两年了
816.985,普通弹幕,中,白,1597165338,0,4c713f0f,36712304100769797,姐控
115.881,普通弹幕,中,白,1597165192,0,4135ee5d,36712228032872455,呆唯丫
585.465,普通弹幕,中,白,1597165097,0,4c713f0f,36712177892065285,丰崎爱生
790.484,普通弹幕,中,白,1597164513,0,a7685ad4,36711872057049095,真的有那么Q弹吗
1234.191,普通弹幕,中,白,1597164482,0,923d8be9,36711855710797831,一路走好，壮士一去，不回头
1130.591,普通弹幕,中,白,1597164347,0,923d8be9,36711785040969731,为壮士践行
213.446,普通弹幕,中,白,1597164213,0,8ffde40f,36711714507456515,bilibili
171.477,底部弹幕,中,红,1597164210,0,cf27cf0f,36711713220329475,哔哩哔哩
896.751,普通弹幕,中,白,1597164096,0,923d8be9,36711653409030151,真正LV.6冥土追魂
766.491,普通弹幕,中,白,1597163924,0,923d8be9,36711563121917959,电脑配件，正式出道
719.831,普通弹幕,中,白,1597163861,0,923d8be9,36711530098065413,前方高能，谨慎观看
629.771,普通弹幕,中,白,1597163746,0,923d8be9,36711469718437891,幻想御手
255.59,普通弹幕,中,白,1597163657,0,7b8290a3,36711422769496067,在，op必跳
546.631,普通弹幕,中,白,1597163479,0,923d8be9,36711329762902019,狙击手晚上加圈
531.411,普通弹幕,中,白,1597163433,0,923d8be9,36711305411297287,高能！泪爷！
477.531,普通弹幕,中,白,1597163362,0,923d8be9,36711268378738691,狙击手先撤，
317.711,普通弹幕,中,白,1597163131,0,923d8be9,36711147194286087,炊事班报告:去问后勤组
132.267,普通弹幕,中,白,1597162996,0,923d8be9,36711076461543427,米撒卡
99.747,普通弹幕,中,白,1597162957,0,923d8be9,36711056046292995,哭楼阔
0.539,底部弹幕,中,粉,1597161478,0,4616e486,36710280626438149,恭迎姐姐大人
630.46,普通弹幕,中,白,1597161003,0,b4ad2dd5,36710031565520899,相川步
24.782,普通弹幕,中,白,1597159826,0,76d0ccb,36709414551945223,校园四霸？
1421.284,普通弹幕,中,白,1597159565,0,e098ab53,36709277513023495,悪くない
957.236,普通弹幕,中,白,1597159416,0,888417b2,36709199765307395,夏娜！
177.042,普通弹幕,中,白,1597159244,0,3ff53d9e,36709109124825093,哔哩哔哩(゜-゜)つロ 干杯~
933.833,底部弹幕,中,黄,1597159162,0,a8d276a,36709066417373187,老傲娇了
514.772,普通弹幕,中,白,1597158944,0,888417b2,36708952057053191,和芙兰达一样
395.969,普通弹幕,中,白,1597158870,0,a13589e9,36708913388191747,？？？
1249.851,普通弹幕,中,白,1597158838,0,f16b5ca9,36708896643481605,危危危危危危危危危危
191.38,普通弹幕,中,白,1597158807,0,f9b61a40,36708880341794821,( ゜- ゜)つロ哔哩哔哩干杯~
1126.627,底部弹幕,中,红,1597158804,0,84c1c67c,36708878474805255,唉。。。可怜的小偷
1130.5,普通弹幕,中,白,1597158456,0,105e6c97,36708696280006659,兄弟安息
1260.875,普通弹幕,中,白,1597158412,0,fd86cbfb,36708673003192327,劫匪-----危
1125.035,普通弹幕,中,白,1597158273,0,fd86cbfb,36708600207900675,劫匪-危
66.42,底部弹幕,中,白,1597158254,0,a8d276a,36708590177746949,对，很安全(确信)
1126.985,普通弹幕,中,白,1597158152,0,fd86cbfb,36708536623300613,劫匪-危
559.594,普通弹幕,中,白,1597158054,0,f16b5ca9,36708485204803587,狙击手失误了，炊事班背锅
606.348,普通弹幕,中,白,1597157866,0,105e6c97,36708387116285955,泪爷隐藏Level6上升气流
98.956,普通弹幕,中,白,1597157598,0,f57a111b,36708246415736837,跆拳道黑段?
80.796,普通弹幕,中,白,1597157572,0,f57a111b,36708232759607303,这100道题好难
1409.08,普通弹幕,中,白,1597157010,0,315fe283,36707938257076229,正しい道の光が大地を照らした
172.499,普通弹幕,中,白,1597156795,0,a392ce30,36707825503174659,哔哩哔哩干杯
181.521,普通弹幕,中,白,1597156179,0,c10eaadf,36707502500872195,哔哩哔哩生(◦˙▽˙◦)干杯
647.582,普通弹幕,中,白,1597155860,0,158ec309,36707335018119173,。。。hop那时候这么朝的吗
483.185,普通弹幕,中,白,1597155683,0,158ec309,36707242574086149,狙击手表示对面有防弹玻璃
800.28,底部弹幕,中,黄,1597155401,0,bf2a9e2b,36707094676111363,大橘已定
334.549,普通弹幕,中,绿,1597155006,0,a05f6abb,36706887633731587,啧啧这安全裤就离谱
1479.181,普通弹幕,中,白,1597154874,0,b1615e99,36706818070675461,可以
1177.745,普通弹幕,中,白,1597154838,0,8a7501d1,36706799193161733,咿呀咿呀也
1251.82,普通弹幕,小,红,1597154286,0,a2abd3e5,36706509784612871,走好
200.617,普通弹幕,中,红,1597154242,0,3e928f68,36706486752116741,哔哩哔哩 - ( ゜- ゜)つロ 乾杯~
193.961,普通弹幕,中,白,1597154228,0,3e928f68,36706479393734659,哔哩哔哩 - ( ゜- ゜)つロ 乾杯~
1392.017,普通弹幕,中,白,1597154204,0,6e45288f,36706467141648391,正道の光が大地に降り注いだ。
1394.29,普通弹幕,中,白,1597153918,0,9078d296,36706316786860037,男主是炮姐。。
1079.306,普通弹幕,中,白,1597153507,0,200f3ad9,36706101307637765,sss级任物:干掉银行中的大乘期修士
712.936,底部弹幕,中,蓝,1597153405,0,90e5a04d,36706048167378949,魔禁是超炮的主线哦
641.291,普通弹幕,中,白,1597153405,0,6e45288f,36706047987548163,虽然是LV 0，但是泪爷有剧本
642.748,普通弹幕,中,绿,1597152955,0,af0eafbf,36705812263469059,aw man
395.428,普通弹幕,中,蓝,1597152794,0,2f739e25,36705727581519877,婚前天美.婚后光子
465.03,普通弹幕,中,黄,1597151820,0,6f57116c,36705217000505351,这还平坦？？？
465.041,普通弹幕,中,白,1597151618,0,7d1282b2,36705111159341061,明示投币
436.224,底部弹幕,中,红,1597151518,0,bf2a9e2b,36705058678636547,上面魔鬼
1377.12,普通弹幕,中,白,1597151479,0,d47cb332,36705038154858501,上一个无敌的还在太空中停止思考
535.537,普通弹幕,中,白,1597151459,0,efdede8d,36705027805937671,恒温杀手
273.024,底部弹幕,中,红,1597151175,0,bf2a9e2b,36704878866726917,危危危危
56.243,底部弹幕,中,红,1597150950,0,bf2a9e2b,36704761061310471,高～等～数～学～
984.497,底部弹幕,中,红,1597150671,0,7271bc31,36704614458327045,不会正好到炮姐就没有了吧
194.731,普通弹幕,中,白,1597150661,0,a22574b4,36704609523204103,哔哩哔哩哔哩
669.741,底部弹幕,中,黄,1597149764,0,e3a30530,36704139253121027,等一下剧本拿错了呀
1315.102,普通弹幕,中,白,1597149686,0,3f943cf0,36704098380677123,"狙击手不用报告了,炊事班都看见了"
325.4,底部弹幕,中,黄,1597149587,0,e3a30530,36704046417444871,在？把神父还回来！
176.859,底部弹幕,中,黄,1597149427,0,e3a30530,36703962564395011,老规矩就亿变
134.38,底部弹幕,中,黄,1597149373,0,e3a30530,36703934205657095,去掉头就可以吃了
96.424,普通弹幕,中,白,1597149221,0,50414493,36703854459879431,这不是超炮吗，喊魔禁的？
732.024,普通弹幕,中,白,1597149158,0,3f943cf0,36703821383073797,大多都是黑子，哈哈
548.686,普通弹幕,中,白,1597149020,0,3f943cf0,36703748956356615,狙击手报告情况
374.789,普通弹幕,中,白,1597148811,0,3f943cf0,36703639545315333,补出生前十年的番
169.057,普通弹幕,中,白,1597148729,0,7271bc31,36703596632866821,bilibili- ( ゜- ゜)つロ 乾杯~ 
681.268,底部弹幕,中,黄,1597148722,0,a0dfa162,36703592557051909,其实吧……以前的炮姐确实有点有泪爷说的那种感觉
394.115,底部弹幕,中,黄,1597148359,0,a0dfa162,36703402245226503,学园都市最强制空！
640.125,普通弹幕,中,青,1597147958,0,4a6023e1,36703192255299589,袭击妈妈~锁孔看她~
610.557,普通弹幕,中,青,1597147907,0,4a6023e1,36703165419094019,零能力者
785.451,普通弹幕,中,白,1597147809,0,81e7fa43,36703114260643847,这是计划的一部分
541.309,普通弹幕,中,青,1597147801,0,4a6023e1,36703110027018245,摄影师去厕所吃！
1035.669,底部弹幕,中,红,1597147740,0,28d164bf,36703077905465349,aws I
179.955,普通弹幕,中,红,1597147702,0,a271a021,36703057775427591,哔哩哔哩 - ( ゜- ゜)つロ 乾杯~
955.694,底部弹幕,中,红,1597147688,0,28d164bf,36703050401841159,“80%”都是学生
223.951,普通弹幕,中,白,1597147536,0,78094348,36702970737328131,求op什么意思
468.38,底部弹幕,中,红,1597147138,0,28d164bf,36702762034528259,保安呢？
53.25,普通弹幕,中,白,1597146530,0,6b2c94cd,36702443564171269,小混快跑
1260.473,普通弹幕,中,白,1597146288,0,5a37e994,36702316882034691,热心市民上线
141.432,普通弹幕,中,白,1597144770,0,67c70f58,36701521039589381,bite the dust
141.432,普通弹幕,中,白,1597144759,0,67c70f58,36701514937401351,the world
139.131,普通弹幕,中,白,1597144746,0,67c70f58,36701507952836611,Made in heaven
139.885,普通弹幕,中,白,1597144629,0,67c70f58,36701446774194183,king crimson
1359.702,普通弹幕,中,白,1597144507,0,38064c17,36701382948945927,正道的――――――――光
214.54,普通弹幕,中,白,1597144234,0,969e964f,36701239577149445,哔哩哔哩 (゜-゜)つロ 干杯~哔哩哔哩 (゜-゜)つロ 干杯~
993.198,普通弹幕,中,白,1597144128,0,4491a8a0,36701183993184263,这也太可爱了吧
1108.196,普通弹幕,中,白,1597144059,0,bc60055d,36701148102000709,神父下岗
379.325,普通弹幕,中,白,1597144031,0,aec1ad33,36701133385236487,补2
73.588,普通弹幕,中,红,1597143954,0,4299dbfd,36701093098422277,真T喵的安全
147.625,底部弹幕,中,黄,1597143831,0,1519b5c6,36701028353572869,砸！瓦鲁多！！
147.625,底部弹幕,中,黄,1597143821,0,1519b5c6,36701023435751431,砸！瓦鲁多！！
68.841,底部弹幕,中,粉,1597143671,0,1519b5c6,36700944312827909,以光速乘以音速的速度打脸
56.638,底部弹幕,中,粉,1597143595,0,1519b5c6,36700904820310021,j——v——a——v——
1313.161,普通弹幕,中,白,1597143364,0,e8a7d52c,36700783386296325,好帅
1399.704,底部弹幕,中,白,1597143083,0,e4f1b792,36700636084961283,懂了 炮姐是男主
64.979,普通弹幕,中,白,1597143004,0,75db5e83,36700594934120455,上条当麻:健全？
1465.729,普通弹幕,中,白,1597142977,0,30c9a48e,36700580732207107,wdwdw
113.168,普通弹幕,中,白,1597142550,0,c2345f97,36700357042634755,是贝蒂
1027.078,普通弹幕,中,白,1597142443,0,e4f1b792,36700300606177283,好像蛋烘糕的亚子
395.579,底部弹幕,中,粉,1597142261,0,c6abd480,36700205405437955,婚后光子后期超帅的
32.398,普通弹幕,中,白,1597142236,0,b045adb3,36700192447660035,从第三季来
380.738,底部弹幕,中,粉,1597142224,0,c6abd480,36700186150961155,新任务解锁：婚后光子
386.509,普通弹幕,中,白,1597142156,0,bc60055d,36700150307487749,天美！
1079.951,普通弹幕,中,白,1597142139,0,c5a8f275,36700141585956867,黑子...这
174.957,普通弹幕,中,白,1597141931,0,bc60055d,36700032167051269,这是09年的？
1371.474,普通弹幕,中,白,1597141627,0,7dd8b1e8,36699872940785667,上一个无敌也只是一介凡夫俗子罢了
1286.888,普通弹幕,中,白,1597140557,0,831bf036,36699312135077893,炮姐nb
517.814,普通弹幕,中,白,1597140082,0,efd1958,36699063046373381,狙击手报告：今晚吃道具师
202.642,普通弹幕,中,白,1597139680,0,5bed0189,36698852327686151,哈哈
3.155,普通弹幕,中,白,1597139208,0,ad9898a9,36698604914081797,哔哩哔哩哔哩哔哩哔哩哔哩哔哩哔哩哔哩哔哩哔哩哔哩哔哩哔哩哔哩哔哩
605.82,普通弹幕,中,白,1597139207,0,96ec5476,36698604189515781,教主也是Level0
612.555,普通弹幕,中,白,1597139159,0,96ec5476,36698578785140741,为您能力预言家，都市传说都是真的
8.463,普通弹幕,中,白,1597139153,0,79afe14b,36698575972859911,好看吗
94.354,普通弹幕,中,白,1597139053,0,51bd3a54,36698523647868931,刻在DNA里的声音
267.966,普通弹幕,中,白,1597138838,0,96ec5476,36698410610327557,不不不，男主是教主
69.979,普通弹幕,中,白,1597138651,0,96ec5476,36698312574763013,众所周知学园都市是最安全的地方
10.92,普通弹幕,中,白,1597138571,0,6d2c3d91,36698270521622533,梦想开始的地方
747.843,普通弹幕,中,白,1597138417,0,eaa7848b,36698189751910405,前方高能反应！
1144.15,普通弹幕,中,红,1597137992,0,ea86c2f0,36697967297036295,抢银行空手抢么？？？
9.436,普通弹幕,中,白,1597137990,0,916f54d5,36697966282539013,干得好
154.531,普通弹幕,中,白,1597137617,0,eaa7848b,36697770608820231,开始了。
9.553,普通弹幕,中,白,1597137385,0,31af5c66,36697648806756357,Bilibili
166.015,普通弹幕,中,白,1597137152,0,2c0ceac8,36697526565339139,哔哩哔哩干杯
20.438,普通弹幕,中,白,1597137034,0,2c0ceac8,36697465046958083,危危危危
903.697,底部弹幕,中,白,1597136704,0,ff1cc9a3,36697291872010245,出现了！
943.626,普通弹幕,中,黄,1597136017,0,9b3ffab8,36696931669901315,光速打脸
773.306,普通弹幕,中,黄,1597135824,0,9b3ffab8,36696830734499845,啊这…百年好合！
933.645,普通弹幕,中,白,1597135648,0,74fc172d,36696738178793479,日常傲娇
779.328,普通弹幕,中,黄,1597135600,0,506e2815,36696713299755013,大橘已定
599.182,普通弹幕,中,白,1597135301,0,7718701e,36696556182700037,黑的
551.75,普通弹幕,中,黄,1597135285,0,6e34d34c,36696547868016643,报告司令部，未发现目标。
545.47,普通弹幕,中,黄,1597135273,0,6e34d34c,36696541725458439,狙击手表示，没发现。
448.19,普通弹幕,中,黄,1597135162,0,6e34d34c,36696483694116871,要是在水里，一定很好玩。
287.729,普通弹幕,中,黄,1597134967,0,6e34d34c,36696381218881539,贩卖机：就～挺突然的。
168.502,普通弹幕,中,白,1597134507,0,c273f7a6,36696140067897347,bilibili- ( ゜_ ゜)つロ 乾杯~
188.99,普通弹幕,中,白,1597134346,0,4affa441,36696055584653317,233
1395.041,普通弹幕,中,白,1597133828,0,bf64c01e,36695784283963395,正道の光が大地に降り注いだ。
349.202,普通弹幕,中,白,1597133039,0,dea8aa17,36695370459250693,为啥全是女的
176.958,普通弹幕,中,白,1597131479,0,41eee6f7,36694552622399493,( ゜- ゜)つロ哔哩哔哩干杯~
1188.849,底部弹幕,中,红,1597131239,0,df3dc469,36694426839941123,这年头没点能力都不敢抢劫了
1114.109,底部弹幕,中,白,1597131154,0,df3dc469,36694381881720835,夹击妹抖
1080.769,底部弹幕,中,白,1597131113,0,df3dc469,36694360677941253,D级任务:干掉劫匪
931.1,普通弹幕,中,白,1597130884,0,ffecacf1,36694240465518597,妹妹老阴阳怪气了
1125.504,普通弹幕,中,白,1597130864,0,ab800155,36694230210969605,赤砂之蝎参与抢劫
1121.784,普通弹幕,中,白,1597130839,0,ab800155,36694216718942213,绯流琥
81.577,普通弹幕,小,紫,1597130311,0,9c948f89,36693940189003783,安全
1377.025,普通弹幕,中,白,1597130272,0,eab266,36693919589203973,好厉害的丫子
1317.245,普通弹幕,中,白,1597130109,0,eab266,36693834063151109,这……
1250.145,普通弹幕,中,白,1597130021,0,eab266,36693788235661319,好帅的丫子
940.127,底部弹幕,中,红,1597129444,0,524dc646,36693485545848839,◣◥◣◥◣◥◣◥◣◥◣◥◣◥◣◥◣◥◣前方高能◥◣◥◣◥◣◥◣◥◣◥◣◥◣◥◣◥◣◥
213.929,底部弹幕,中,黄,1597129430,0,3585de4b,36693478174359559,哔哩干杯！
223.774,普通弹幕,中,白,1597128990,0,a9db0b7,36693247464570885,哈哈哈
1031.464,普通弹幕,中,白,1597128314,0,1d01d699,36692893023338499,男主，难道是那个装饰品？
15.189,普通弹幕,中,白,1597128278,0,d3e8bbcf,36692874415308807,老矿工
178.063,普通弹幕,中,白,1597128108,0,5745507,36692785028399111,这真的是零九的画质？
941.214,普通弹幕,中,白,1597127986,0,b9cf93bf,36692720878092293,翻车现场
518.76,普通弹幕,中,白,1597127801,0,b7ae8767,36692624367157255,.......
327.808,普通弹幕,中,白,1597127589,0,1d01d699,36692512908247047,有男主吗？
941.995,底部弹幕,中,白,1597127492,0,29e21dd5,36692461909704711,某科学的光速打脸
15.626,普通弹幕,中,白,1597127301,0,a9d87317,36692362092085251,好看吗？
669.9,底部弹幕,中,白,1597127195,0,29e21dd5,36692306582568967,黑子要酸了
142.761,普通弹幕,中,红,1597126971,0,85b9dbce,36692189138911237,啊，爷的灰白电视……抱歉走错了
213.609,普通弹幕,中,白,1597126807,0,b5bf702d,36692103165640711,哔哩哔哩 (゜-゜)つロ 干杯~
273.511,底部弹幕,中,白,1597126793,0,29e21dd5,36692095534628869,危 贩卖机 危
197.472,底部弹幕,中,白,1597126709,0,29e21dd5,36692051517505541,哔哩哔哩 - ( ゜- ゜)つロ 乾杯~
255.47,普通弹幕,中,白,1597126687,0,3abbc9a7,36692040190263301,QAQ画质感人
911.634,底部弹幕,中,红,1597126478,0,eea33e3a,36691930727317509,呱呱呱呱呱呱呱呱呱呱呱呱呱呱呱呱
907.943,底部弹幕,中,红,1597126460,0,eea33e3a,36691921043718151,呱太！
791.357,底部弹幕,中,红,1597126322,0,eea33e3a,36691848589213703,脸部指导：蜡笔小新
12.622,普通弹幕,中,白,1597126233,0,c94245d5,36691801800704007,老矿工不请自来
548.007,底部弹幕,中,红,1597126063,0,eea33e3a,36691712798621699,这里有官方的狙击手
536.359,底部弹幕,中,红,1597126034,0,eea33e3a,36691697612619779,Lv6 上升气流
327.293,底部弹幕,中,红,1597125806,0,eea33e3a,36691578201309189,六亲不认的步伐
316.05,底部弹幕,中,红,1597125783,0,eea33e3a,36691565919862787,狙击手不用报告了，喂涩影师
275.901,底部弹幕,中,红,1597125656,0,eea33e3a,36691499693899781,贩卖机快跑，不要回头！！！
233.256,底部弹幕,中,红,1597125597,0,eea33e3a,36691468757237767,在，爷不可能跳
1177.853,普通弹幕,中,黄,1597125550,0,c96a9b96,36691443887112195,草薙京
77.928,底部弹幕,中,红,1597125432,0,eea33e3a,36691381806170117,安    全
826.514,普通弹幕,中,黄,1597125200,0,c96a9b96,36691260564570117,大橘已定
126.8,普通弹幕,中,白,1597124922,0,eab266,36691114787340295,好帅
75.369,底部弹幕,中,红,1597122969,0,af8caf67,36690090950393859, 《     安     全    》
1336.091,普通弹幕,中,白,1597122947,0,d8916889,36690079176982535,下一个无敌的已经在带娃了
646.386,底部弹幕,中,黄,1597122900,0,e76c0ad6,36690054561136643,袭击妈妈～
1310.811,普通弹幕,中,白,1597122776,0,9c22437d,36689989469208579,大爷觉得无敌很干
541.73,普通弹幕,中,白,1597122490,0,9c22437d,36689839421652995,教主呢？
734.39,普通弹幕,中,白,1597122008,0,7ba26355,36689586778800131,注意，这里不是FAN而是VAN
227.225,普通弹幕,中,白,1597121833,0,bd4affc7,36689495072440325,哔哩哔哩 (゜-゜)つロ 乾杯~-bilibili
1123.812,普通弹幕,中,白,1597121627,0,ac2547ce,36689387033985029,笑什么，跑啊！来不及了！
929.023,普通弹幕,中,淡蓝,1597121109,0,2a7d07e2,36689115615330311,口嫌体正直
379.721,普通弹幕,中,白,1597120991,0,bb1c7c8e,36689053663363139,光子！
829.143,普通弹幕,中,红,1597120817,0,2a7d07e2,36688962459271171,泪爺
20.774,普通弹幕,中,白,1597120750,0,a411b350,36688927616139267,危   小混混   危
473.215,普通弹幕,中,白,1597120708,0,a95add00,36688905168748549,居然不是平的
790.981,普通弹幕,中,红,1597120534,0,2a7d07e2,36688814335328263,瞬移给黑子用到这里了
1461.062,底部弹幕,中,棕,1597120349,0,73637a25,36688717313212419,诈尸区
1006.302,普通弹幕,中,黄,1597120141,0,7a99f812,36688608112934915,光速打脸
1380.639,普通弹幕,中,白,1597119987,0,f8e25634,36688527429206019,上一个自称无敌的已经灰飞烟灭了（指伏地魔）
524.508,普通弹幕,中,红,1597119687,0,2a7d07e2,36688370246090757,前方LV6高能预警！！！！！！！！！！！！！！！！！！！！！！！！！！！！
493.592,普通弹幕,中,淡蓝,1597119479,0,2a7d07e2,36688260871749635,关键是炮姐没有胸。。。。。。。。。。。
1179.358,普通弹幕,中,白,1597119349,0,b9e10e2e,36688193071349767,建议去和史提尔对线
941.447,普通弹幕,中,白,1597119088,0,b9e10e2e,36688055983669251,这憋笑声绝了
908.525,普通弹幕,中,绿,1597118877,0,fd7755b6,36687945452224515,呱呱呱呱呱呱呱呱呱呱呱呱呱
534.952,普通弹幕,中,黄,1597118516,0,fd7755b6,36687755963006983,这车超过了光透
273.426,普通弹幕,中,淡蓝,1597118265,0,2a7d07e2,36687624380350467,前方世界名画！！！！！！！！！！！！！！！！！！！！！！！！！！！！！！！！！！！！！！！！！！
268.449,普通弹幕,中,淡蓝,1597118228,0,2a7d07e2,36687604986937351,hhhhhh真实
607.284,普通弹幕,中,白,1597118145,0,e05ee225,36687561416507395,不要把Level 0能力者不当能力者
147.121,普通弹幕,中,红,1597118074,0,2a7d07e2,36687524332568581,这个op不能跳
82.481,普通弹幕,中,红,1597117935,0,2a7d07e2,36687451286142979,伊拉克形安全
1006.179,普通弹幕,中,白,1597117931,0,6284e16,36687449275498503,哈哈哈哈
18.858,普通弹幕,中,白,1597117851,0,2a7d07e2,36687407685304325,小混混完蛋
1423.495,底部弹幕,中,红,1597117725,0,9b1baf73,36687341417922563,杨永信直呼内行
1287.47,底部弹幕,中,红,1597117604,0,5a4adfe2,36687277927694341,危危危危危危危危危危危危危危危危危危危
1303.506,普通弹幕,中,白,1597117245,0,3931285f,36687089971494915,庆贺吧
427.386,普通弹幕,中,白,1597117164,0,e572ac0c,36687047179632643,常磐庄吾？
9.459,普通弹幕,中,白,1597116895,0,dbbdb35d,36686906368983047,呱太  呱太
339.943,底部弹幕,中,红,1597116627,0,9b1baf73,36686765827817477,专业失手，从不过硬
1375.392,普通弹幕,中,白,1597116611,0,78a042b6,36686757421383683,上面一个无敌的还能外太空
1383.98,底部弹幕,中,红,1597116596,0,ab2e5100,36686749750525957,上一个无敌的在峡谷迷路了
1328.594,普通弹幕,中,白,1597116567,0,78a042b6,36686734285602823,上一个无敌的已经被教主打死了
359.7,底部弹幕,中,白,1597116561,0,880dd179,36686730901848069,等等，38度
1297.608,普通弹幕,中,黄,1597116507,0,9004fa3,36686702780612613,名场面
1244.664,普通弹幕,中,黄,1597116439,0,9004fa3,36686667308859399,快跑啊绑匪
1009.745,普通弹幕,中,白,1597116416,0,ad478bd6,36686655014830087,泪目
455.071,底部弹幕,中,黄,1597116222,0,f38b5c9e,36686553372688389,投 币
941.966,普通弹幕,中,黄,1597116063,0,9004fa3,36686470090063875,傲娇炮姐
906.638,普通弹幕,中,黄,1597116019,0,9004fa3,36686447010381827,呱太！！！
698.07,普通弹幕,中,白,1597115955,0,78a042b6,36686413589118979,泪爷拿错剧本了，拿的是魔禁的
844.75,普通弹幕,中,黄,1597115948,0,9004fa3,36686409900228613,上一个LV0已经无敌了
346.817,普通弹幕,中,白,1597115849,0,4951f59f,36686358018260997,na mi  
616.217,普通弹幕,中,黄,1597115686,0,9004fa3,36686272222199813,众所周知LV是最强的(狗头)
113.48,普通弹幕,中,白,1597115624,0,39ef01f1,36686240042450951,看！是花盆！花盆啊！
164.718,普通弹幕,中,白,1597115624,0,4951f59f,36686240127909893,哔哩哔哩( ゜ -゜)つロ 乾杯~
478.844,底部弹幕,中,红,1597115587,0,ab2e5100,36686220563054595,今晚摄影师吃道具师
58.999,普通弹幕,中,白,1597115547,0,39ef01f1,36686199733616643,JAVA！（秃）
165.302,普通弹幕,中,白,1597115541,0,df3dc469,36686196364541955,op打断腿
326.816,普通弹幕,中,白,1597115529,0,78a042b6,36686189860225029,安全裤是炮姐的本体
471.842,普通弹幕,中,黄,1597115500,0,9004fa3,36686175132450819,噢耶
56.598,普通弹幕,中,白,1597115482,0,4951f59f,36686165416345607,钞能力!
205.432,普通弹幕,中,红,1597115373,0,a1ac2a69,36686108354936835,哔哩哔哩 (゜-゜)つロ 乾杯~-bilibili
852.385,普通弹幕,中,白,1597115305,0,eb2b4a6e,36686072555503623,御坂美琴
507.183,普通弹幕,中,红,1597115280,0,2564263f,36686059537956867,注意注意，AE86上山了
1055.043,普通弹幕,中,黄,1597114347,0,f330bc19,36685570181169159,突然想吃可丽饼
958.709,普通弹幕,中,黄,1597114235,0,f330bc19,36685511662239749,？？？
1246.951,普通弹幕,中,红,1597114006,0,dfc9ba3d,36685391829925891,危危危危危
748.225,普通弹幕,中,黄,1597113970,0,f330bc19,36685372898934789,危  黑子  危
536.92,普通弹幕,中,白,1597113177,0,f7696fb2,36684956874309635,官方自带狙击手
1062.84,普通弹幕,中,白,1597112934,0,7cabb6,36684829300359173,可丽饼是法国煎饼果子，但是一个妈生的
566.957,普通弹幕,中,白,1597112753,0,dbbb694e,36684734482350087,不愧是睿总看中的番
272.573,普通弹幕,中,白,1597112445,0,969f7c1f,36684573221322757,大爷啥时候出现？
690.775,普通弹幕,中,白,1597112055,0,d376da6c,36684368491577349,眼神指导：食蜂操祁
618.135,普通弹幕,中,白,1597111951,0,d376da6c,36684313948323845,无敌LV0
53.001,普通弹幕,中,白,1597111781,0,d8508f6f,36684225256095749,钞能力。
457.69,普通弹幕,中,白,1597111086,0,357be6d1,36683860524662791,跟俺一样（doge）
1190.441,底部弹幕,中,红,1597110938,0,9fedc52e,36683782835142661,冈钉
1246.681,普通弹幕,中,白,1597110176,0,99665e20,36683383635968003,却匪：危
81.415,普通弹幕,中,白,1597109160,0,ae6ccacf,36682850877571077,光速打脸
566.165,普通弹幕,中,白,1597108850,0,ee589b35,36682688464158727,良心制作
1049.238,普通弹幕,中,白,1597107683,0,8a273276,36682076585459717,纳豆
1404.185,普通弹幕,中,黄,1597107336,0,13679019,36681894834208775,大橘已定
1401.585,普通弹幕,中,白,1597107325,0,13679019,36681889069662211,大橘已定
1169.166,普通弹幕,中,白,1597106968,0,21fddf02,36681701676023813,火拳！
1302.336,底部弹幕,中,红,1597106582,0,46b282d6,36681499076460549,暗示投币
789.472,普通弹幕,中,白,1597106577,0,21fddf02,36681496755437573,缘（分一场）空
1177.899,普通弹幕,中,白,1597106536,0,de6492a,36681475123838979,玩火
1046.401,普通弹幕,中,白,1597106404,0,de6492a,36681405836558339,纳豆。。。
130.759,底部弹幕,中,粉,1597105958,0,36c4022d,36681172165591045,哦~尼~桑~嘛~
185.686,普通弹幕,中,白,1597105726,0,64522392,36681050309001219,哔哩哔哩(゜-゜)つロ 干杯~
406.42,普通弹幕,中,白,1597105435,0,b10ea38f,36680897757446147,一方通行是他们同一时间线的吗
1018.62,普通弹幕,中,白,1597104640,0,b075da54,36680481262010371,可丽饼长这样吗？？？
71.7,普通弹幕,中,白,1597104547,0,a6cb6623,36680432244752389,打脸打脸。
35.059,普通弹幕,中,白,1597104506,0,a6cb6623,36680410941882437,以下要求全文背诵。
945.739,普通弹幕,中,白,1597104491,0,b075da54,36680403062882309,老双标了
674.761,普通弹幕,中,红,1597103703,0,a204f0c8,36679989921841157,某某人鼻子，，，，，
1140.008,普通弹幕,中,白,1597103271,0,17c447b5,36679763242254341,劫匪：干
1361.614,普通弹幕,中,白,1597103156,0,d4f41db9,36679702934978563,超度吗哈哈哈
443.707,普通弹幕,中,白,1597101617,0,4ea292f7,36678896271753221,菲律宾炸鱼队直呼内行
626.694,普通弹幕,中,白,1597099050,0,4f6c528,36677550148157447,丰崎爱生
277.267,普通弹幕,中,白,1597098544,0,50a079b3,36677284821729283,大爷就是一个喜欢带娃的老人
806.35,普通弹幕,中,白,1597094413,0,b5ee05c5,36675119188803591,高须龙儿可还行
349.928,底部弹幕,中,黄,1597088744,0,b6d037a,36672147243401221,男生呢?
435.026,底部弹幕,中,红,1597087878,0,aceb17f5,36671693193216003,当妈：就这？
357.074,底部弹幕,中,红,1597087789,0,aceb17f5,36671646260002821,常盘台女校啊
15.506,底部弹幕,中,红,1597087656,0,aceb17f5,36671576597856261,小混混——危
362.726,普通弹幕,中,白,1597086299,0,a12f98e1,36670865355571205,都是女生
830.374,普通弹幕,中,白,1597084032,0,c87d128,36669676742770691,高须龙儿
1114.278,普通弹幕,中,白,1597083552,0,4447aecb,36669424771006469,加急馒头
1217.252,普通弹幕,中,白,1597082428,0,f32f54ee,36668835704078339,暗杀队队长
1294.961,普通弹幕,中,红,1597081871,0,387c002d,36668543745392643,最强不是大爷吗？
20.488,普通弹幕,小,红,1597077969,0,d4a203eb,36666497832058885,billbill
938.37,底部弹幕,中,黄,1597077484,0,57395bfa,36666243700752387,◣◥◣◥◣◥◣◥◣◥◣◥◣◥◣◥◣◥◣前方高能◥◣◥◣◥◣◥◣◥◣◥◣◥◣◥◣◥◣◥
529.28,普通弹幕,中,白,1597076570,0,57e05a7d,36665764280795141,哈哈哈哈哈
104.959,普通弹幕,中,白,1597074559,0,20f31c30,36664710052446211,拷走!
948.052,普通弹幕,中,白,1597074469,0,9a289f8b,36664662967713799, 某科学的超光速打脸（迫真
236.853,普通弹幕,中,白,1597073904,0,1a4f4774,36664366845132803,爷没跳（嚣张）
470.948,普通弹幕,中,红,1597073473,0,32b61ccb,36664140516819011,前方高能
1383.568,普通弹幕,中,白,1597073227,0,7d7598dd,36664011671994371,月球名画（不是）
557.207,普通弹幕,中,白,1597073205,0,27ddb3c6,36664000210534405,斗子行为
1332.628,普通弹幕,中,白,1597073148,0,b8a071d0,36663970495463431,雷电法王
1135.544,普通弹幕,中,白,1597072907,0,a46a5566,36663843886727173,下三滥？大爷直呼内行
122.586,普通弹幕,中,白,1597072852,0,d0ae89f8,36663815201882115,贝蒂
1403.257,普通弹幕,中,黄,1597072704,0,3d1f2866,36663737416417287,正しい光が大地を照らしている.
641.569,普通弹幕,中,白,1597072372,0,10bde908,36663563564089349,这。。。09年的智能机？！
456.343,普通弹幕,中,白,1597072157,0,10bde908,36663450471497731,投币投币
905.04,普通弹幕,中,黄,1597072142,0,3d1f2866,36663442863554563,呱呱太
1199.877,普通弹幕,中,白,1597072024,0,631cf0e6,36663380930461699,猎空？
90.916,底部弹幕,中,黄,1597071866,0,cca77d43,36663298298478595,夹击妹抖dei斯
534.76,普通弹幕,中,黄,1597071738,0,3d1f2866,36663230853021703,LV6上升气流
1276.258,普通弹幕,中,红,1597071480,0,c5a31234,36663095490248711,活着不好吗？
5.34,普通弹幕,中,红,1597071189,0,3d1f2866,36662943213420549,もう一度~~~
173.108,普通弹幕,中,白,1597071051,0,2cd359bd,36662870670835715,哔哩哔哩乾杯！
560.832,普通弹幕,中,白,1597070971,0,c3781536,36662829087981573,风暴指挥官
556.009,普通弹幕,中,白,1597070734,0,60b7d7f0,36662704722673671,官方狙击手硬核啊
546.372,底部弹幕,中,黄,1597070062,0,f385b26c,36662352039378949,官方狙击手:泪爷
512.988,普通弹幕,中,白,1597069997,0,f385b26c,36662318079672323,猝不及防的车
1051.711,普通弹幕,中,白,1597069921,0,d3999a3e,36662278389497861,可丽饼是啥味的？
1300.476,普通弹幕,中,白,1597069620,0,c66c2a1,36662120783806469,小男孩
156.865,普通弹幕,中,白,1597069312,0,eaba75e8,36661959085522949,bilibili- ( ゜- ゜)つロ 乾杯~ 
229.976,底部弹幕,中,白,1597069043,0,f549e34d,36661818168967175,在，爷跳了
777.564,普通弹幕,中,深蓝,1597068893,0,e073a0ac,36661739327586307,思想指导：卡兹
501.53,普通弹幕,中,黑,1597068658,0,f691f407,36661616309698563,明天来投币
1316.316,普通弹幕,中,红,1597068595,0,1b2a9372,36661582893154311,没s？！！！
1423.157,普通弹幕,中,粉,1597068158,0,cf8cceee,36661354063462403,ed可以跳吗？
230.137,底部弹幕,中,粉,1597068027,0,1b2a9372,36661285270585351,在？跳op干哈？
632.073,普通弹幕,中,白,1597067877,0,b9a9f8dc,36661206823993347,lover~ fXXXer~
1393.076,普通弹幕,中,白,1597067801,0,10a73903,36661166968668163,看发型认人
854.524,底部弹幕,中,红,1597067736,0,884fd16,36661132857442307,开了个好头
290.158,普通弹幕,中,白,1597067704,0,950e0f69,36661115989524485,少见的穿安全裤
317.67,普通弹幕,中,白,1597067639,0,1f2a1777,36661082154598403,人类最失败的发明:安全裤
225.131,普通弹幕,中,白,1597067476,0,1f2a1777,36660996474404867,暗示投币
1207.278,普通弹幕,中,黄,1597067348,0,ddb10e07,36660929213497347,可以把电脑配件瞬移吗
1181.714,底部弹幕,中,红,1597067089,0,3e8ab754,36660793328009219,兄弟路走窄了
1123.744,底部弹幕,中,红,1597067030,0,3e8ab754,36660762771456007,◥◣◥◣◥◣◥◣◥◣◥◣◥◣◥◣◥◣WARNING◥◣◥◣◥◣◥◣◥◣◥◣◥◣◥◣◥◣
61.06,普通弹幕,中,白,1597066973,0,cbd8a69d,36660732889137155,好看嘛
262.044,普通弹幕,中,粉,1597066962,0,cf8cceee,36660726886039559,没有没有
259.444,普通弹幕,中,黄,1597066949,0,cf8cceee,36660720320380935,没有没有
1117.251,底部弹幕,中,红,1597066919,0,3e8ab754,36660704335888387,御坂美琴：喵喵喵？
866.178,普通弹幕,中,白,1597066899,0,e81a02d6,36660693701754883,好听吗？好听就是好头
79.859,普通弹幕,中,白,1597066879,0,33fe6b5c,36660683365416963,安全至极
1071.466,底部弹幕,中,红,1597066872,0,3e8ab754,36660680051916803,前方高能
548.602,普通弹幕,中,白,1597066594,0,e93a46c8,36660533932326919,老淑女了
1375.2,普通弹幕,中,白,1597066575,0,437ab06f,36660523966660613,老哈利波特了
1375.2,普通弹幕,中,白,1597066564,0,437ab06f,36660518322176005,老哈
1375.2,普通弹幕,中,白,1597066557,0,437ab06f,36660514558836743,老哈里波
719.661,普通弹幕,中,白,1597065508,0,e7c546a7,36659964644687879,高能预警
1374.626,普通弹幕,中,白,1597064709,0,85889018,36659545535152135,欧尼酱，阿里嘎多
1038.525,普通弹幕,中,白,1597063305,0,ed0307e9,36658809668632583,这番有男主吗
507.716,普通弹幕,中,白,1597062805,0,e568e315,36658547402997767,这个啊居然是双声道
73.119,普通弹幕,中,红,1597062744,0,d4f41db9,36658515666272387,真……安全
186.572,底部弹幕,中,红,1597062540,0,38440cd4,36658408463007751,—（   °—   °）つロ哔哩哔哩乾杯
1307.902,普通弹幕,中,白,1597062359,0,a4e04078,36658313642377223,电击公主
7.71,普通弹幕,中,白,1597062134,0,57f49a18,36658195881000967,可以的
194.534,普通弹幕,中,白,1597061707,0,137b6522,36657971651936263,哔哩哔哩
1276.35,普通弹幕,中,白,1597061293,0,66a7125c,36657754874576899,完了
1002.223,普通弹幕,中,白,1597060075,0,833f150,36657116396126215,一个超能力者失去了梦想
1119.373,普通弹幕,中,白,1597059901,0,60052cb7,36657024796196869,狙击手 就位 
1237.035,普通弹幕,中,白,1597059857,0,ce1d9fc,36657001884286981,劫匪，一路走好
114.008,底部弹幕,中,紫,1597059751,0,451b0ca9,36656946456035333,民风淳朴哥谭市，安全极佳院都市
162.937,普通弹幕,中,棕,1597059520,0,f3636d58,36656825303564293,哔哩哔哩哔哩哔哩哔哩哔哩nb
1004.225,普通弹幕,中,红,1597059508,0,1a532c66,36656818795577349,呱型毕露
103.468,普通弹幕,中,棕,1597059443,0,f3636d58,36656784864706567,贝蒂贝蒂贝蒂
1298.677,底部弹幕,中,红,1597059097,0,3862732d,36656603617820677,blibli
1124.032,底部弹幕,中,红,1597058891,0,3862732d,36656495228092419,一路走好
1335.143,普通弹幕,中,白,1597058391,0,64355016,36656233532358659,黄泉川真的好忙啊
13.379,普通弹幕,中,白,1597058379,0,6f9061cf,36656226885959685,这哼的难道不是小黄书洗澡歌
68.81,普通弹幕,中,白,1597057838,0,27d79659,36655943255588867,PHP
29.3,普通弹幕,中,白,1597057692,0,8f56ddc5,36655866720026631,爽番？
180.152,普通弹幕,中,粉,1597057687,0,92f58443,36655863970660359,哔哩哔哩 - (゜- ゜)つロ 乾杯~
1357.499,普通弹幕,中,白,1597057093,0,5833a4cc,36655552807829511,正道的光
1020.507,普通弹幕,中,白,1597057059,0,73e702bb,36655534865645571,炮姐太可爱了
957.466,普通弹幕,中,白,1597056974,0,73e702bb,36655490310602755,哇夏娜，i了i了
934.604,普通弹幕,中,白,1597056916,0,73e702bb,36655459785506821,老傲娇了
799.64,普通弹幕,中,白,1597056835,0,73e702bb,36655417674170373,龙儿？？？
770.9,普通弹幕,中,黄,1597056799,0,73e702bb,36655398534512647,大橘已定
58.013,普通弹幕,中,白,1597056579,0,a0ca8f47,36655283552387075,Python
193.2,普通弹幕,中,白,1597056541,0,9124bae1,36655263621054467,嗶哩嗶哩
1241.604,普通弹幕,中,白,1597056307,0,9889fc46,36655140776706053,前方高能预警
20.66,普通弹幕,中,白,1597055962,0,24dbd48c,36654959583297541,白内障看不清
1263.478,普通弹幕,中,橙,1597055736,0,40d6f391,36654841173377027,危危危
1138.61,普通弹幕,中,橙,1597055586,0,40d6f391,36654762621927427,帅啊黑子
1290.513,普通弹幕,中,白,1597055471,0,d004637c,36654702250688515,杨永信直呼内行
754.1,普通弹幕,中,白,1597055235,0,c8e6309,36654578556469251,这配音好耳熟啊，帕克吗
525.892,普通弹幕,中,橙,1597054669,0,40d6f391,36654281956786183,大橘已定
28.882,普通弹幕,中,白,1597054636,0,9bf19c7e,36654264430886915,小混混要凉了
99.189,普通弹幕,中,白,1597053528,0,40d6f391,36653683501957123,好可爱
92.198,普通弹幕,中,白,1597053054,0,e32e9d78,36653435298775047,有恋爱吗
200.761,普通弹幕,中,白,1597052514,0,80e35025,36653151883362311,哔哩哔哩
1270.216,底部弹幕,中,白,1597052191,0,e59f5af1,36652982517366791,官方吐槽
275.015,普通弹幕,中,白,1597051958,0,ab873fe4,36652860462596165,危 自动售货机
1077.989,普通弹幕,中,红,1597051927,0,1c3ad4ce,36652844523716615,危    劫匪    危
277.542,普通弹幕,中,红,1597051816,0,e81a02d6,36652785984339971,贩卖机，危
735.989,普通弹幕,中,白,1597051798,0,700a45c3,36652776848097283,这个妹妹，碧萝丝的声音？！
175.94,普通弹幕,中,红,1597051345,0,e81a02d6,36652539071430659,哔哩哔哩——(◦˙▽˙◦)干杯
532.609,普通弹幕,中,白,1597051339,0,e59f5af1,36652536246042627,前方名场面
67.08,普通弹幕,中,红,1597051213,0,e81a02d6,36652469936717829,众所周知，学园都市是最安全的地方
412.44,普通弹幕,中,白,1597051181,0,e59f5af1,36652453289525255,光子很棒的，记得往后看！
1116.239,普通弹幕,中,白,1597050377,0,15fa231f,36652031664455685,绅    士
210.406,普通弹幕,中,黄,1597047928,0,bb004f00,36650747783806979,（゜-゜）つロ 干杯~-bilibili
626.486,普通弹幕,中,白,1597047440,0,a3b23f69,36650491682226181,男主是呱太
212.617,普通弹幕,中,白,1597047428,0,64121b96,36650485740994565,没男主？？？
1314.973,普通弹幕,中,白,1597046985,0,71b3b65f,36650253504479237,ohhhhhh，御坂妹妹威武
1006.661,普通弹幕,中,白,1597046514,0,9330d8f3,36650006373990407,一个没有梦想的老姐
952.86,普通弹幕,中,白,1597046423,0,9330d8f3,36649958428901383,超光速
779.853,普通弹幕,中,白,1597046421,0,71b3b65f,36649957601050631,人不能，至少不应该
187.922,普通弹幕,中,白,1597046376,0,51c99265,36649933872300035,听过这个歌 忘了
235.373,底部弹幕,中,黄,1597045299,0,61df65ff,36649369479413765,在？爷就跳
198.206,普通弹幕,中,白,1597044453,0,e17df678,36648926009884677,哔哩哔哩 - (゜- ゜)つロ 乾杯~
214.891,普通弹幕,中,白,1597044360,0,c36f0084,36648877177176067,好好听
152.601,普通弹幕,中,白,1597044305,0,e5706681,36648848326131719,bilibili- ( ゜- ゜)つロ 乾杯~ 
511.561,普通弹幕,中,白,1597044121,0,8de55cff,36648751725543431,开炮！
46.337,普通弹幕,中,白,1597043863,0,7f27ef9b,36648616407334919,手机翻盖儿。
149.377,普通弹幕,中,白,1597043459,0,11bbda21,36648404864991237,哇，开口跪
274.614,底部弹幕,中,红,1597042862,0,9c0574d3,36648091815247877,早就早呗，懂什么懂？别人想怎么说还管？
215.054,普通弹幕,中,红,1597042770,0,1d9ccc85,36648043442864133,好帅炮姐！
1292.584,普通弹幕,中,白,1597042706,0,8721247d,36648009776234503,白给n
1259.804,普通弹幕,中,白,1597042673,0,8721247d,36647992700174339,劫匪危
384.708,底部弹幕,中,紫,1597042533,0,ff7f721f,36647919160393735,一血光子
62.179,普通弹幕,中,白,1597042267,0,16c1f1ae,36647779989192711,C++
1059.054,普通弹幕,中,白,1597042225,0,3b36e995,36647757830160391,炮姐好可爱
1053.854,普通弹幕,中,白,1597042214,0,3b36e995,36647751734788101,炮姐好可爱！
126.898,底部弹幕,中,粉,1597042019,0,ff7f721f,36647649841512451,新井阿姨！
1307.292,普通弹幕,中,白,1597041704,0,353328cf,36647484393521155,破坏街道，罚款！
673.257,普通弹幕,中,白,1597041532,0,4d609b4f,36647394483372035,御坂美琴
510.662,普通弹幕,中,黄,1597041531,0,b3a3acbe,36647393575305223,啊~~~
1120.138,普通弹幕,中,白,1597041063,0,3fb031e7,36647148313903109,绯流琥
1314.644,普通弹幕,中,白,1597040977,0,2dd484e0,36647103522406405,为啥一定要用硬币
530.934,底部弹幕,中,红,1597040763,0,5d2bf2b4,36646991340503047,是裁视频了吧
169.337,普通弹幕,中,白,1597040449,0,353328cf,36646826486530051,op臻鸔錯
332.733,普通弹幕,中,白,1597040204,0,2dd484e0,36646698231005187,啊，这打底裤
552.412,普通弹幕,中,白,1597040164,0,ba0f3e2c,36646676942290951,气出小新侧脸
143.5,普通弹幕,中,白,1597040062,0,2dd484e0,36646623869140995,糊了
30.161,普通弹幕,中,白,1597039956,0,2dd484e0,36646568073887813,混混西内
518.525,普通弹幕,中,白,1597039269,0,afc6d878,36646207754862595,后期黑子会被绿的
8.74,普通弹幕,中,白,1597039092,0,3d1c6443,36646115091152899,Emmm
1081.938,普通弹幕,中,蓝,1597039059,0,a4d3f670,36646097620828167,RUSH B！
74.625,普通弹幕,中,红,1597038950,0,b30dcc11,36646040440406023,"爷青"""
106.179,普通弹幕,中,白,1597038753,0,e5b3003f,36645937176641539,猛男必看
106.179,普通弹幕,中,白,1597038746,0,e5b3003f,36645933510295559,猛男必看
106.179,普通弹幕,中,白,1597038743,0,e5b3003f,36645931888148485,猛男必看
706.713,普通弹幕,中,白,1597038512,0,1707136c,36645810868846595,魔禁是啥，求科普
661.973,普通弹幕,中,棕,1597038090,0,6fd8963a,36645589677506563,神父打碟
401.212,普通弹幕,中,白,1597037930,0,c137326d,36645505838612487,贝蒂
191.06,普通弹幕,中,白,1597037155,0,142a8eed,36645099312513031,哔哩哔哩 - ( ゜- ゜)つロ 乾杯~
1391.95,底部弹幕,中,红,1597036511,0,c9896784,36644761968836613,路飞可以不当海贼王，但桃子助必死
55.18,普通弹幕,中,白,1597036157,0,b6ad70dd,36644576336281605,高数
386.7,底部弹幕,中,黄,1597036104,0,e5735c1d,36644548585717765,琴吹䌷大小姐
586.354,普通弹幕,中,白,1597035271,0,f4b71bda,36644111603204101,来喔碗
1249.236,普通弹幕,中,黄,1597035127,0,86b75147,36644036388323333,危危危危危危危危危危危危危危危危危危危危危危危危危危危危危
777.376,普通弹幕,中,黄,1597034902,0,86b75147,36643918337540101, ◣◥◣◥◣◥◣◥◣◥◣◥◣◥◣◥◣◥◣WARNING◥◣◥◣◥◣◥◣◥◣◥◣◥◣◥◣◥◣◥
775.319,普通弹幕,中,黄,1597034896,0,86b75147,36643914917609475, ◣◥◣◥◣◥◣◥◣◥◣◥◣◥◣◥◣◥◣WARNING◥◣◥◣◥◣◥◣◥◣◥◣◥◣◥◣◥◣◥
129.535,普通弹幕,中,青,1597034812,0,1e9f1524,36643871302090759,这不是从零里贝蒂的声线吗？
167.446,普通弹幕,中,白,1597033973,0,9360231f,36643431418691591,干杯
157.036,普通弹幕,中,白,1597033963,0,9360231f,36643426008563719,正片开始
177.763,普通弹幕,中,白,1597033671,0,79675a94,36643272944779269,bilibili
839.137,普通弹幕,中,白,1597033543,0,5469818e,36643205573771269,上一个L V 0等于已经是神了
475.5,普通弹幕,中,白,1597032967,0,824495,36642903598563331,NB
861.696,普通弹幕,中,红,1597032576,0,2138d707,36642699029250053,好听吗？好听就是好痛
816.415,普通弹幕,中,红,1597032523,0,2138d707,36642670865022979,好听吗？好听就是好头
548.785,普通弹幕,中,黄,1597032184,0,56851479,36642493481091079,突击手
143.778,普通弹幕,中,白,1597032096,0,5662fbcb,36642447297085445,裹呢什么
389.38,底部弹幕,中,黄,1597032035,0,198b892,36642415087976451,光子光子！！！
930.473,普通弹幕,中,白,1597031718,0,cccc207d,36642249212690435,等等，校服为什么不一样？
717.157,普通弹幕,中,黄,1597031400,0,c34ae533,36642082146222083,前方高能
164.242,普通弹幕,中,白,1597031302,0,41f98e06,36642031121989635,好看吗
64.771,普通弹幕,中,白,1597030518,0,50b24ef9,36641619833782279,安 全
1244.436,普通弹幕,中,白,1597029834,0,8d2180cc,36641261167312899,劫匪快跑
287.141,普通弹幕,中,青,1597029628,0,fc8f18b4,36641153385758725,雷遁现在这么普遍了吗
1141.224,普通弹幕,中,红,1597029540,0,28b6eea6,36641107027689477,这波不亏
0.98,底部弹幕,中,蓝,1597029404,0,9f75a248,36641035916410885,魔法禁书目录外传
653.063,普通弹幕,中,白,1597029050,0,9c0a4870,36640850451628037,Lv.0=Lv.00=Lv.无限大
641.767,底部弹幕,中,黄,1597028954,0,28b6eea6,36640799701598211,歌名:Lost rivers
1242.79,普通弹幕,中,白,1597028851,0,81123fe1,36640746032332805,劫匪快跑
1201.683,普通弹幕,中,白,1597028806,0,81123fe1,36640722516967431,水门直呼内行
1059.369,普通弹幕,中,白,1597028691,0,81123fe1,36640661954887685,重度姐控
10.814,普通弹幕,中,白,1597028648,0,2ca13b3a,36640639290966019,三季的外传
234.699,普通弹幕,中,白,1597028538,0,a4d66bd8,36640581607227397,炮姐啊
253.544,普通弹幕,中,白,1597028269,0,28b6eea6,36640440860540935,不看魔禁，影响吗？
22.74,普通弹幕,中,红,1597027809,0,5675d9d0,36640199668137989,小破站nb
1293.117,普通弹幕,小,粉,1597027516,0,14a4eeb6,36640045897089095,主要是硬币扛不住哈哈哈哈哈
470.668,底部弹幕,中,黄,1597027350,0,eadfea77,36639959074996227,这是炮姐该有的东西吗！
614.189,普通弹幕,小,粉,1597026764,0,14a4eeb6,36639651511926791,0就是6
614.189,普通弹幕,小,粉,1597026760,0,14a4eeb6,36639649610858503,0就是6
550.502,普通弹幕,中,白,1597026429,0,ab35af6e,36639475911622661,狙击手何在
542.557,普通弹幕,中,白,1597026189,0,f2cc6964,36639349954576389,百合番吗
71.199,普通弹幕,中,红,1597026186,0,3b543390,36639348791181315,真•安全
1403.579,普通弹幕,中,白,1597026185,0,784d0aaa,36639347840647173,又被撩了一个
498.106,普通弹幕,中,白,1597026144,0,f2cc6964,36639326648926211,这就
426.46,普通弹幕,中,白,1597025156,0,717a7043,36638808502435847,女校，没有男生
638.953,底部弹幕,中,红,1597024994,0,768b48b6,36638723713007621,锁孔看她~
801.002,普通弹幕,中,白,1597023870,0,a7550c30,36638134256533507,？？？！
12.299,普通弹幕,中,白,1597023256,0,79af1953,36637812523532291,老子来看大爷
943.232,普通弹幕,中,白,1597022831,0,c4fa2af0,36637589725773831,awsl
1126.117,普通弹幕,中,白,1597022359,0,4b8ab344,36637342377705477,危字当头
1185.628,普通弹幕,中,白,1597022256,0,2d439bc7,36637288000651267,光速闪现
1000.318,普通弹幕,中,白,1597022184,0,4b8ab344,36637250389278727,一只炮失去了梦想
32.94,普通弹幕,中,白,1597022064,0,302d48d1,36637187735289861,大威天龙
471.36,普通弹幕,中,黄,1597021614,0,4b8ab344,36636951645782019,绅士天堂
623.929,普通弹幕,中,白,1597019984,0,7cac2eb1,36636096971407365,有男主吗？
232.142,底部弹幕,中,红,1597017930,0,507adbae,36635020320309253,精准降落
1247.699,普通弹幕,中,白,1597017388,0,3a0f0e65,36634735900360709,劫――匪――
334.11,普通弹幕,中,白,1597016022,0,d77c4ece,36634019834626051,内叫嚣张
236.07,普通弹幕,中,白,1597015911,0,d77c4ece,36633961731457031,没有男主吗
224.959,普通弹幕,中,白,1597015871,0,46e81f8c,36633940829667333,没男主?
944.947,普通弹幕,中,白,1597002158,0,fd66bfd4,36626750912856067,哈哈哈哈
55.236,普通弹幕,中,白,1596998119,0,4234363c,36624633305235459,java
775.117,底部弹幕,中,黄,1596998008,0,3862732d,36624575176900613,黑子，停止了思考
592.657,底部弹幕,中,黄,1596997817,0,3862732d,36624474879033349,黄金体验？
578.867,底部弹幕,中,黄,1596997791,0,3862732d,36624461730414599,黄金体验
1407.693,普通弹幕,中,蓝,1596997647,0,4a56654,36624386139095043,坚定立场
464.612,普通弹幕,中,白,1596997524,0,3862732d,36624321532657669,看左边
365.368,底部弹幕,中,白,1596997224,0,3862732d,36624164276142087,求番名
316.496,普通弹幕,中,白,1596997095,0,3862732d,36624096434323461,没有上条当麻吗
257.912,普通弹幕,中,白,1596994734,0,7ac5f9af,36622858530586631,。。。
163.094,普通弹幕,中,白,1596994586,0,7ac5f9af,36622781061267459,听不腻的op
1115.194,普通弹幕,中,白,1596993516,0,b958e860,36622220119244805,夹击妹抖
166.688,普通弹幕,中,白,1596993174,0,c49680b8,36622040798593029,梦始之地
178.54,普通弹幕,中,白,1596992444,0,c45df3a0,36621657863880707,妙啊～
1352.705,普通弹幕,中,白,1596991762,0,5f329d24,36621300290027527,还有贝蒂经典的那耨呦
1220.826,普通弹幕,中,白,1596991685,0,3e46f3bc,36621260357107715,保安呢
61.801,普通弹幕,中,白,1596990978,0,63d21905,36620889518768135,SQLsever
825.597,普通弹幕,中,白,1596989936,0,8e1c71aa,36620343208050695,脸泡壶
231.859,普通弹幕,中,白,1596989668,0,c4ad8e55,36620202429906951,爷就跳
1421.442,底部弹幕,中,红,1596989156,0,ae74b039,36619934115037187,啥？镇快？
1235.345,普通弹幕,中,白,1596988922,0,bddc21f2,36619811314204675,uj
1170.602,底部弹幕,中,红,1596988897,0,ae74b039,36619798607036421,纵火一年
1031.958,底部弹幕,中,红,1596988733,0,ae74b039,36619712294027269,纳豆……
1326.236,普通弹幕,中,白,1596988188,0,775fca33,36619426601107463,上一个无敌的已经在带娃了
470.761,底部弹幕,中,红,1596988067,0,ccfa73ff,36619363373023235,冥场面
1243.623,普通弹幕,中,白,1596987732,0,9719084c,36619187844546563,各位，快投币补充弹药
760.027,普通弹幕,中,白,1596987638,0,6c3139b0,36619138344943621,出现了，决胜大衣
168.62,普通弹幕,中,白,1596987226,0,f846fc9f,36618922604101635,哔哩哔哩！！！！
162.753,底部弹幕,中,红,1596986696,0,3a9b878c,36618644741947399,哔哩哔哩 (゜-゜)つロ 干杯
1250.192,普通弹幕,中,白,1596986675,0,56eb5eab,36618633631760391,热心市民
1074.341,普通弹幕,中,白,1596986427,0,6875a0d6,36618503295336515,劫——————匪——————
1009.641,普通弹幕,中,白,1596986349,0,6875a0d6,36618462563926019,此时，一位超能力者重新拾起了梦想
515.08,普通弹幕,中,白,1596985854,0,56eb5eab,36618203074920455,这个表情包好搞笑啊哈哈哈
1365.941,普通弹幕,中,白,1596985754,0,8719bd99,36618150413860869,上一个无敌已经飘在太空了
629.588,普通弹幕,中,白,1596985602,0,6875a0d6,36618070735716359,hop
619.584,普通弹幕,中,白,1596985582,0,6875a0d6,36618060466487303,众所周知，LV0才是最强
468.81,普通弹幕,中,黄,1596985541,0,957bc4eb,36618039038836743,男生在这岂不是天堂？？？
336.77,普通弹幕,中,黄,1596985388,0,957bc4eb,36617958863142917,不是？全是女的？？？男的呢？？？
102.682,普通弹幕,中,白,1596985358,0,56eb5eab,36617943196368903,黑子好帅啊
272.393,普通弹幕,中,白,1596985186,0,6875a0d6,36617852804923395,贩——————卖——————机——————
171.258,普通弹幕,中,白,1596985081,0,8719bd99,36617797877366789,哔哩哔哩乾杯！
496.057,普通弹幕,中,黄,1596984995,0,5c86ea2f,36617752749277187,摄影师晚上生吞自己叭
466.728,普通弹幕,中,黄,1596984947,0,5c86ea2f,36617727445041159,摄影师日常鸡腿里面扣米饭
279.698,底部弹幕,中,黄,1596984937,0,c949eb8,36617722392477701,别说了，炊事班都看见了
385.8,普通弹幕,中,黄,1596984831,0,5c86ea2f,36617666724626439,婚后一血！永远滴神！
99.775,普通弹幕,中,白,1596984733,0,6875a0d6,36617615444017155,黑子来救小混混了
19.356,普通弹幕,中,白,1596984608,0,6875a0d6,36617549630144515,小————混————混————
49.73,普通弹幕,中,红,1596984379,0,5c86ea2f,36617429718138885,不要什么都往DNA里刻呀啊喂！
31.27,普通弹幕,中,红,1596984341,0,5c86ea2f,36617409719173127,祖传开头
19.532,普通弹幕,中,红,1596984319,0,5c86ea2f,36617398261907459,小混混快跑——别回头——想看拍照——！！！
731.346,普通弹幕,中,白,1596984273,0,10ee26d3,36617374225924099,佐天泪子，被称为泪爷
1085.045,普通弹幕,中,白,1596984089,0,24baee3a,36617277621141511,死阔达～～～
710.1,普通弹幕,中,白,1596983702,0,dc2508f6,36617074590089223,番外比主线火系列
1319.649,普通弹幕,中,白,1596983457,0,660facdf,36616946267455493,小孩：就挺突然的
1141.555,普通弹幕,中,白,1596983209,0,660facdf,36616816289644547,蝎的原型？
707.951,普通弹幕,中,白,1596983030,0,1021de5c,36616722649710595,此时当麻遇见了茵蒂克丝
646.448,普通弹幕,中,白,1596982935,0,1021de5c,36616672580730883,男主：当麻
42.225,普通弹幕,中,蓝,1596982906,0,4607d3ef,36616657428283397,哈哈
1059.987,普通弹幕,中,白,1596982688,0,84366642,36616543139266563,温馨提示番没有男主
608.065,普通弹幕,中,白,1596982676,0,660facdf,36616536770215939,空军都看到了
21.414,普通弹幕,中,红,1596982387,0,821db6a3,36616385297645571,小混混 快跑 别回头
110.597,普通弹幕,中,白,1596982147,0,ade84231,36616259324870725,贝蒂！！！吧？
87.393,普通弹幕,中,白,1596981622,0,6dac9694,36615984143400967,欧尼酱
96.869,普通弹幕,中,白,1596981225,0,d099ef3a,36615775990579203,从魔禁1来
55.378,普通弹幕,中,白,1596980999,0,7f3e8b2a,36615657427566597,J～A～V～A～
168.68,普通弹幕,中,品红,1596980896,0,f0f6fb5d,36615603732086789,哔哩哔哩 - (゜- ゜)つロ 乾杯~
145.37,普通弹幕,中,白,1596980868,0,f0f6fb5d,36615589147443207,哔哩哔哩 - (゜- ゜)つロ 乾杯~
22.269,普通弹幕,中,白,1596980792,0,9f45ca97,36615549315186691,联系风纪委员拯救小混混
672.235,普通弹幕,中,白,1596980699,0,a4ac190f,36615500155322371,这是后宫番，吼吼吼吼吼吼吼吼吼吼吼吼吼吼吼吼
158.841,普通弹幕,中,白,1596980624,0,3e3a2fa2,36615460903976967,神曲
540.346,普通弹幕,中,白,1596980610,0,a4ac190f,36615453644685319,泪爷
402.987,普通弹幕,中,白,1596980518,0,a4ac190f,36615405648216071,光子1!!!!!!!!!!!!!!!!!!!!!!!!!!!!!!!!!!!!!
56.27,普通弹幕,中,白,1596979929,0,fb0b47fe,36615096572575747,：）
1410.429,普通弹幕,中,白,1596979709,0,cd7eee5a,36614981096570885,黑子声音……啊呼～……
8.576,普通弹幕,中,白,1596979507,0,25979276,36614875625553925,再来一次
57.927,普通弹幕,中,白,1596979374,0,c28d43ac,36614805540831237,C++
1243.954,普通弹幕,中,白,1596979124,0,758279b3,36614674586796039,劫匪，危
571.273,底部弹幕,中,粉,1596978866,0,d4647457,36614539185750023,礼尚往来
236.33,底部弹幕,中,白,1596978771,0,93720cf9,36614489349029895,在？爷没跳op
534.02,普通弹幕,中,白,1596978766,0,cd7eee5a,36614487018569733,危危危危危危危危危危危危
40.073,普通弹幕,中,白,1596978636,0,b043dcef,36614418848022535,一方在这里会出现吗？
108.68,底部弹幕,中,粉,1596978429,0,d4647457,36614310317260805,贝蒂哈哈哈
632.604,普通弹幕,中,白,1596978322,0,34b2538d,36614254183317507,滑滑蛋的串台了
795.19,普通弹幕,中,白,1596978213,0,5c2eab54,36614196925300741,Q弹
614.012,普通弹幕,中,白,1596978188,0,3aadd65d,36614183773536261,发现毛毛
495.577,普通弹幕,中,白,1596978086,0,34b2538d,36614130341249029,挺起来也没啥......
536.553,普通弹幕,中,白,1596978086,0,5c2eab54,36614130075959301,哔哩哔哩嘀哩哩哩哔。
417.697,普通弹幕,中,白,1596977980,0,34b2538d,36614074660814855,好大的刘海啊
270.914,底部弹幕,中,绿,1596977786,0,fe1e8a56,36613973286060037,男主自杀，再问呱太
174.342,普通弹幕,中,白,1596977667,0,16608d05,36613910696558595,干杯
1298.554,普通弹幕,中,黄,1596977022,0,c725f02c,36613572636180483,劫------匪--------
111.16,普通弹幕,中,白,1596976724,0,b39ee691,36613416473329667,黑子小流氓
502.393,普通弹幕,中,白,1596976682,0,6b181f75,36613394192138243,前方核能 解压神器 百看不厌
209.174,普通弹幕,中,白,1596976575,0,f265caae,36613338315620359,bilibili
781.312,普通弹幕,中,黄,1596976423,0,7915c278,36613258642718727,◣◥◣◥◣◥◣◥◣◥◣◥◣◥◣◥◣◥◣WARNING◥◣◥◣◥◣◥◣◥◣◥◣◥◣◥◣◥◣◥
1370.363,底部弹幕,中,白,1596976379,0,c72e8af7,36613235600261127,艾伦？(幻视
182.909,普通弹幕,中,白,1596976248,0,1f5d846e,36613166905425991,哗哩哔哩
1313.009,普通弹幕,中,红,1596976162,0,4a204f0a,36613121435500551,劫匪：？？？
612.236,普通弹幕,中,白,1596976086,0,aeb37858,36613081714917383,剧本之王
395.791,普通弹幕,中,红,1596975361,0,40eae88d,36612701710974979,绿的？
103.665,普通弹幕,中,白,1596975311,0,94bc1da,36612675624501255,说黑子变态的。明明只对炮姐那样好么？是黑粉吧？
1206.875,普通弹幕,中,白,1596975218,0,ecf1b70,36612626597806083,为神魔有实体
629.054,普通弹幕,中,白,1596975131,0,d6178bb2,36612580919738371,众所周知，Lv0=Lv无限
170.587,普通弹幕,中,白,1596975010,0,19ffb66d,36612517726257155,用心做超炮，用手做魔禁，用脚做一方
1.699,普通弹幕,中,白,1596974983,0,d914ff4d,36612503684775941,回顾
292.547,底部弹幕,中,红,1596974459,0,8d59c6c1,36612228952096773,真是
244.797,底部弹幕,中,红,1596974401,0,8d59c6c1,36612198349930503,跳，懂？
158.125,底部弹幕,中,红,1596974333,0,8d59c6c1,36612162702016519,正片开始
131.517,底部弹幕,中,红,1596974306,0,8d59c6c1,36612148722925571,真是安全
1331.761,普通弹幕,中,黄,1596974267,0,243f4c93,36612128103727109,上一个无敌的已经秃了
1307.721,普通弹幕,中,黄,1596974231,0,243f4c93,36612109207863301,岂可修，是安全裤！请求总部派宁次出面
671.305,普通弹幕,中,白,1596973902,0,142bf291,36611936518930437,没没没
818.978,普通弹幕,中,黄,1596973728,0,243f4c93,36611845461639171,呦吼吼吼嘿嘿
549.928,普通弹幕,中,白,1596973469,0,243f4c93,36611709821517827,狙击手……算了，来个有白眼的
1409.033,普通弹幕,中,白,1596972870,0,76a5a1de,36611395725819909,正道の光が大地を照らした
61.26,普通弹幕,中,白,1596972850,0,dd800524,36611385435095045,超能力等于抄钞能力
1257.556,普通弹幕,中,黄,1596972492,0,6e809bf2,36611197518741507,下辈子当个好人
1246.578,普通弹幕,中,黄,1596972444,0,6e809bf2,36611172284760069,危危危—————————险
200.055,普通弹幕,中,白,1596972434,0,7d9b660c,36611167190253573,bilibili
63.52,普通弹幕,中,白,1596971890,0,7d139eec,36610881715961861,C++和JS
36.644,普通弹幕,中,蓝,1596971888,0,d1930127,36610880980910087,没看魔禁，直接来看这个的，剧情上应该不会有太大影响吧，过来人告一下谢谢
211.857,普通弹幕,中,白,1596971469,0,70c232ba,36610661063589895,哔哩哔哩干杯～
804.861,普通弹幕,中,白,1596971251,0,c76725ae,36610546881003527,路人看呆了
637.077,普通弹幕,中,白,1596971113,0,3dd3212,36610474291757059,这不是战斗番吗
504.818,普通弹幕,中,白,1596971075,0,f39fe79d,36610454853255173,有没有男主
366.204,普通弹幕,中,白,1596970821,0,3dd3212,36610321170825219,补出生前15天的番
228.349,普通弹幕,中,白,1596970200,0,6d6df8f8,36609995652464643,哔哩哔哩 (゜-゜)つロ 乾杯~
58.303,普通弹幕,中,黄,1596970193,0,9fcda242,36609992184823811,C~ / C++~
156.5,普通弹幕,中,白,1596970009,0,fa5940b9,36609895888322567,爷青回
196.244,普通弹幕,中,白,1596969966,0,c36cd946,36609873053483013,哔哩哔哩 (゜-゜)つロ 干杯~
1253.076,普通弹幕,中,白,1596969936,0,fc6c8ab9,36609857250918405,危危危危危危危危危危危危危危危危危危
459.489,普通弹幕,中,白,1596969625,0,d9eaf583,36609694161698821,大爷去哪里了
1393.14,普通弹幕,中,白,1596969562,0,ac3f2a6b,36609661351231491,上一个无敌的已经被当麻按在地上摩擦
526.497,底部弹幕,中,红,1596969529,0,d936e50a,36609643805409285,打囊球
772.596,普通弹幕,中,白,1596969387,0,fc6c8ab9,36609569387446277,gay
1.54,普通弹幕,中,白,1596968814,0,d936e50a,36609269049589765,再来一次
641.58,普通弹幕,中,白,1596968749,0,ac3f2a6b,36609234934693893,一方大爷和当麻对战当麻赢了
1202.976,普通弹幕,中,红,1596968714,0,45b537a,36609216902332423,佩恩直呼内行
62.659,普通弹幕,中,白,1596968573,0,ea690c0a,36609142760669189,Photoshop
450.02,普通弹幕,中,白,1596968500,0,ac3f2a6b,36609104639688711,快叫当麻来挡
204.42,普通弹幕,中,白,1596968242,0,ac3f2a6b,36608969514942467,众所周知，小混混是个高危险职业
1413.879,普通弹幕,中,白,1596965520,0,1e60b1de,36607542244147205,啊抚～
19.151,普通弹幕,中,白,1596965502,0,5f168e78,36607532663832579,哈哈哈
1245.377,普通弹幕,中,白,1596965246,0,cf95dc0d,36607398477561863,危危危危危危危危危危危危
949.477,普通弹幕,中,白,1596964407,0,2a4260a3,36606958595211271,风间澈行为
1310.973,普通弹幕,中,白,1596964374,0,b8d531fa,36606941133799431,众所周知无敌是贬义词
57.568,普通弹幕,中,白,1596964124,0,f503dc8d,36606810308214787,实际上是魔法
1380.345,普通弹幕,中,红,1596964056,0,f5730fbd,36606774497771525,结论：泪子不是一般市民
465.67,普通弹幕,中,白,1596963927,0,2a4226fa,36606707179192325,投币这辈子都不可能
29.373,普通弹幕,中,白,1596963627,0,1d03003b,36606549918482435,声波
260.987,普通弹幕,中,白,1596963613,0,faefdc18,36606542200963077,jc社的巅峰之作之一
569.409,普通弹幕,中,白,1596963112,0,62265acc,36606279598211075,这个好，这个好，
1308.076,普通弹幕,中,白,1596962897,0,7e233ee3,36606166862659587,一方通行：“天下无敌？”
1308.076,普通弹幕,中,白,1596962853,0,7e233ee3,36606143787171843,一方通行：“天下无敌？
622.88,底部弹幕,中,红,1596962684,0,13cbb352,36606055232831493,网抑云启动
169.075,普通弹幕,中,白,1596962564,0,e6b73b81,36605992116944899,哔哩哔哩 - ( ゜- ゜)つロ 乾杯~
1018.522,普通弹幕,中,白,1596961671,0,7b0b3c09,36605524050968581,原型毕露
684.238,普通弹幕,中,白,1596961542,0,9fa21ed0,36605456764895235,这个时候的泪爷好自卑呀 
1250.742,普通弹幕,中,白,1596961437,0,d4dad35d,36605401475055621,awsl
1237.738,普通弹幕,中,红,1596960988,0,9b9c9fba,36605165837484035,危  劫匪  危
1222.726,普通弹幕,中,红,1596960927,0,9b9c9fba,36605134156333061,路走窄了兄弟
363.816,普通弹幕,中,红,1596960508,0,f5730fbd,36604914505875459,这是体检？？？
314.914,普通弹幕,中,白,1596959938,0,b82c7d9f,36604615842070535,为什么妹妹的裙子不会被吹
373.145,普通弹幕,中,红,1596959518,0,3de1aa9d,36604395282497539,带能力者
101.447,普通弹幕,中,白,1596959338,0,aeb505d8,36604301103595523,好安全
120.881,普通弹幕,中,白,1596959084,0,715b1817,36604168021999621,美国现状（doge）
70.81,普通弹幕,中,白,1596959034,0,715b1817,36604141364576259,美国现状
35.965,普通弹幕,中,白,1596958992,0,715b1817,36604119768104963,小混混是高危职业
101.241,普通弹幕,中,白,1596958139,0,d6de969a,36603672309792773,黑子
491.103,普通弹幕,中,黄,1596957390,0,2ce594e8,36603279800008711,嗷嗷啊
783.668,底部弹幕,中,红,1596957224,0,cbec41f6,36603192666488837,好听吗？好听就是好脸啊
429.65,底部弹幕,中,白,1596956787,0,7129ac50,36602963585138693,那女王的怎么测？
0.483,普通弹幕,中,白,1596956631,0,81bababa,36602881797783555,梦を始める処
730.643,普通弹幕,中,白,1596956610,0,2e51def0,36602870857465859,绅士
205.859,普通弹幕,中,白,1596956140,0,eadbf005,36602624393347079,bilibili- ( ゜- ゜)つロ 乾杯~ 
868.82,普通弹幕,中,白,1596956056,0,3f629d47,36602580452245509,みさかさん
69.408,普通弹幕,中,白,1596956044,0,223618cf,36602574260928517,打脸打脸
62.059,普通弹幕,中,白,1596956030,0,223618cf,36602566663471109,安全的学园都市
31.174,普通弹幕,中,白,1596956000,0,223618cf,36602550877683719,建议全文背诵
23.072,普通弹幕,中,蓝,1596955965,0,223618cf,36602532560109573,注意这句话
868.64,普通弹幕,中,白,1596954859,0,b8e5aafd,36601952881606661,大小姐。。哈哈
543.422,普通弹幕,中,白,1596954767,0,d87c863b,36601904485105667,旁边有男生啊
632.907,普通弹幕,中,黄,1596954339,0,38e27c74,36601679991275523,hop
1256.198,普通弹幕,中,红,1596954222,0,ccdba2af,36601619014483973,危          劫犯            危
481.028,普通弹幕,中,黄,1596954184,0,38e27c74,36601599103074311,摄影师加鸡腿
1248.46,普通弹幕,中,白,1596954172,0,5897d653,36601592738742275,兄弟路走窄了
470.348,普通弹幕,中,白,1596954156,0,38e27c74,36601584370581511,前方高能
116.699,普通弹幕,中,白,1596953931,0,fd1dbcfb,36601465991593987,众所周知，在超炮找贝蒂在re0找黑子是双厨常态
266.147,普通弹幕,中,白,1596953917,0,38e27c74,36601458640027655,差点以为是亲姐妹
585.174,普通弹幕,中,白,1596953601,0,28daffd3,36601293423247367,带花的就是恒温养花
443.345,普通弹幕,中,白,1596953389,0,78b99a73,36601181842178053,城管:就这？
1138.317,普通弹幕,中,白,1596953338,0,81c092ba,36601155070459907,太热血了吧
1129.641,底部弹幕,中,红,1596952736,0,20c7efa3,36600839541882887,危危危危
466.759,普通弹幕,中,白,1596952544,0,d32970ad,36600738954084355,没男的吗
534.068,普通弹幕,中,白,1596952532,0,7880c4d4,36600732570353667,猛男也看这个吗
24.66,普通弹幕,中,白,1596952150,0,7646cef4,36600532314882051,小混混快跑啊，不要回头
1198.521,普通弹幕,中,白,1596952063,0,252f0e69,36600486924124167,轰炸空间！
1171.841,普通弹幕,中,白,1596952000,0,252f0e69,36600453675352071,买鸡小子雷德
791.961,普通弹幕,中,白,1596951771,0,47da8bd7,36600333482852355,哈哈哈哈
453.641,普通弹幕,中,白,1596951479,0,3af38221,36600180451573765,投币枪
782.668,普通弹幕,中,白,1596951064,0,39a61009,36599963165130755,黑子是男主嘛
1170.231,普通弹幕,中,红,1596951038,0,df3b6c3f,36599949190758407,史提尔直呼内行
1126.892,普通弹幕,中,白,1596950931,0,1b76e455,36599893411758087,绯流琥  赤砂之蝎
404.768,普通弹幕,中,白,1596950860,0,a89eb6fc,36599856260710403,这番没男的？
1129.446,普通弹幕,中,蓝,1596950470,0,3c1790c1,36599651670425607,劫—-犯——
960.14,普通弹幕,中,白,1596950142,0,72a616ad,36599479810916359,红红红火火呼呼晃晃
583.56,普通弹幕,中,白,1596950125,0,e19101cf,36599470569816069,初春能力是保持恒温
63.65,普通弹幕,中,白,1596950068,0,39a61009,36599440906649603,立flag
379.16,普通弹幕,中,白,1596949893,0,e19101cf,36599349293088773,婚后一血
1040.124,普通弹幕,中,白,1596949763,0,974db153,36599281106812935,"<div style=""color: orange"">橘</div>"
1317.326,普通弹幕,中,白,1596949682,0,9e426faa,36599238567133187,问:安全气囊和什么配合效果最佳？
466.166,普通弹幕,中,白,1596949659,0,69602d1b,36599226665271299,如果用氢弹
18.326,普通弹幕,中,白,1596949408,0,4f17133d,36599094821519367,噜噜噜噜噜
1322.43,普通弹幕,中,白,1596949172,0,feebe054,36598970981023751,这个安全气囊上哪买呀
798.834,普通弹幕,中,黄,1596948634,0,34468145,36598688827572231,¿¿¿¿
788.714,普通弹幕,中,黄,1596948612,0,34468145,36598677677015047,电脑配件，万恶之源。
1385.668,普通弹幕,中,白,1596948439,0,9fb107fe,36598586585120775,这条路修好啦?
1309.16,普通弹幕,中,白,1596948395,0,330d481,36598563643326467,下次一定
1249.086,普通弹幕,中,白,1596948290,0,9fb107fe,36598508715769863,快跑，不要回头。
1266.44,普通弹幕,中,白,1596948271,0,156eb52e,36598498713403395,危 劫匪 危
530.002,普通弹幕,中,黄,1596948173,0,34468145,36598447528738823,L6上升气流
119.331,普通弹幕,中,白,1596947977,0,2b036d35,36598344586362947,？？？
861.78,普通弹幕,中,白,1596947806,0,9fb107fe,36598255132868611,不愧是亲姐
1337.864,普通弹幕,中,绿,1596947790,0,7518651c,36598246553944067,思过唉
107.74,普通弹幕,中,黄,1596947746,0,34468145,36598223449620487,电脑配件
982.648,普通弹幕,中,绿,1596947393,0,7518651c,36598038325100551,呱太：呱呱呱～
791.503,普通弹幕,中,绿,1596947202,0,7518651c,36597938161975303,变态愿望
730.846,普通弹幕,中,绿,1596947141,0,7518651c,36597906294702087,没有男主。
506.095,普通弹幕,中,白,1596946854,0,eeb2d262,36597755899543557,以前不是这样的嘛
92.932,普通弹幕,中,红,1596946830,0,4a652b98,36597743111634949,夹击妹抖
86.031,普通弹幕,中,绿,1596946598,0,7518651c,36597621717991429,钞能力
1254.307,普通弹幕,中,白,1596946179,0,3395d9b7,36597402135691333,开炮
531.215,普通弹幕,中,黄,1596946169,0,f57e785,36597396831469573,扫黄大队长呢
1359.777,底部弹幕,中,红,1596946068,0,665c8bd0,36597343777193989,耳机特写——幻想御手
1223.599,普通弹幕,中,红,1596945774,0,5eb1dfda,36597189557354499,玩梗适度好吧？
419.249,普通弹幕,中,红,1596945500,0,3c4101a1,36597046107963397,为什么没男的
506.252,普通弹幕,中,白,1596944443,0,8db81b90,36596491598430213,起飞了
142.462,普通弹幕,中,白,1596944084,0,8db81b90,36596303337095175,bilibili
338.098,普通弹幕,中,红,1596944028,0,5eb1dfda,36596274252742661,常盘台专属BGM
856.248,底部弹幕,中,红,1596943118,0,5bebd724,36595796924694535,梅开二度
510.713,普通弹幕,中,红,1596942906,0,65821a20,36595685692276741,cc好快的cc
337.3,普通弹幕,中,白,1596942756,0,d7f567e2,36595607159177219,狙击手惨败番。
59.499,普通弹幕,中,红,1596942267,0,65821a20,36595351156686855,magic
956.433,普通弹幕,中,白,1596942249,0,b1517dd4,36595341667598343,熊孩子聚集地
905.172,普通弹幕,中,白,1596942224,0,ff69940d,36595328246349831,呱太！
350.08,普通弹幕,中,白,1596942071,0,7ac5f9af,36595248262545411,男主炮姐，女主黑子（确信）
180.745,普通弹幕,中,蓝,1596941960,0,3c1790c1,36595190122676231,bilibili - ( ゜- ゜)つロ 乾杯~
96.578,普通弹幕,中,白,1596941639,0,7ac5f9af,36595021620183047,呆呆呆呆呆呆呆呆呆呆呆呆呆呆呆呆呆呆
1250.404,普通弹幕,中,白,1596941060,0,c66a5411,36594718232543239,热心市民御坂美琴
1493.981,普通弹幕,中,白,1596940670,0,a120d8d2,36594513782767621,炮姐这么高吗
580.116,底部弹幕,中,青,1596940488,0,986511d0,36594418178850823,请问一下，这个戴花女生的能力到底是啥？
1029.242,普通弹幕,中,白,1596939127,0,7381d47f,36593704843083779,纳豆？滑头鬼之孙里面那个？
844.265,普通弹幕,中,白,1596937911,0,ad6cb30d,36593066946068483,みさかみこと
909.334,普通弹幕,中,白,1596937758,0,74c5b561,36592986687537155,呱太男主要出现了
1281.809,普通弹幕,中,白,1596937375,0,e55fb533,36592786145804291,炮姐处刑曲
201.98,普通弹幕,中,白,1596937285,0,7d2848cc,36592739092004867,火包   火且   手戈   白勺
124.8,普通弹幕,中,白,1596937106,0,7d2848cc,36592644829216773,危      混混       危
467.854,普通弹幕,中,白,1596937087,0,a6db3639,36592635253096455,山治的天堂
89.899,普通弹幕,中,白,1596937036,0,7d2848cc,36592608474038279,夹击妹抖德斯
263.804,普通弹幕,中,白,1596937015,0,74c5b561,36592597575139333,呱太是男主
69.2,普通弹幕,中,白,1596937001,0,7d2848cc,36592590062092291,众所周知，学园都市是最安全的地方
61.219,普通弹幕,中,白,1596936954,0,7d2848cc,36592565313601541,JVAV
20.66,普通弹幕,中,白,1596936886,0,7d2848cc,36592529517838341,QAQ画质感人
97.024,普通弹幕,中,白,1596936796,0,74c5b561,36592482550022151,夹击妹抖
112.259,普通弹幕,中,白,1596936612,0,e68879c6,36592386207907843,好帅
1080.828,普通弹幕,中,白,1596935714,0,ca7794ff,36591915375788035,危危危危
1041.288,普通弹幕,中,白,1596935658,0,ca7794ff,36591885885112327,awsl
627.438,普通弹幕,中,白,1596935013,0,71478868,36591547496529927,LEVEL UPER
865.64,普通弹幕,中,红,1596934635,0,f64948af,36591349407940613,好头
1037.448,底部弹幕,中,浅蓝,1596934319,0,af1fdea9,36591183961522179,男主是黑子（滑稽）
1017.876,普通弹幕,中,白,1596933753,0,8637c05c,36590887099695109,呱行毕露
288.058,底部弹幕,中,黄,1596933245,0,c349a3cc,36590620667019269,果然，安全裤是人类最失败的发明！
1116.109,普通弹幕,中,白,1596924293,0,adfa9e53,36585927505608711,她们是JC
58.544,普通弹幕,中,白,1596922456,0,adfa9e53,36584963978035205,python
455.379,普通弹幕,中,白,1596917527,0,9efcb0da,36582380242206727,没有男主嘛？
467.836,普通弹幕,中,白,1596915764,0,18c18ced,36581455928754179,春光一片
1142.996,普通弹幕,中,白,1596913718,0,9ec149f1,36580383164203015,敌人非但不投降，还胆敢还击
1249.58,普通弹幕,中,红,1596913454,0,878dc68b,36580244472725509,强盗，猝！
72.18,普通弹幕,中,棕,1596912119,0,878dc68b,36579544893227013,光速打脸
676.093,普通弹幕,中,白,1596911003,0,aa4ce8ab,36578959389884419,没有男主
472.729,普通弹幕,中,白,1596910911,0,c5bd28be,36578911514001413,好地方
30.22,普通弹幕,中,白,1596910585,0,4a07e383,36578740233306119,快跑
649.78,普通弹幕,中,白,1596910324,0,566ce5f4,36578603436605447,好像没男主
650.182,普通弹幕,中,白,1596908857,0,cfc557c4,36577834188668931,这手机看着像老年机的样子
186.541,普通弹幕,中,白,1596908046,0,d638f11,36577409024131075,啊！！如此熟悉
124.698,普通弹幕,中,白,1596906602,0,61557fb6,36576652210733061,486贝蒂在这
859.236,普通弹幕,中,红,1596906360,0,30b341ac,36576525261209607,这 哈哈哈
704.14,底部弹幕,中,红,1596906348,0,8dacfa93,36576518904217605,大丈夫
95.038,普通弹幕,中,粉,1596905835,0,2d129328,36576249930317831,夹击妹抖
17.86,底部弹幕,中,红,1596904985,0,8dacfa93,36575804214738951,同款蝉叫
1284.917,普通弹幕,中,黄,1596904603,0,5c0dd90,36575604372406279,大爷？？
717.013,普通弹幕,中,黄,1596903995,0,5c0dd90,36575285360984069,又是这个店
708.793,普通弹幕,中,黄,1596903980,0,5c0dd90,36575277403865095,泪爷是掀裙子狂魔
687.493,普通弹幕,中,黄,1596903943,0,5c0dd90,36575258022510597,魔禁石锤（滑稽）
417.857,普通弹幕,中,白,1596903926,0,4a56654,36575249205559365,为什么下面是鼓的
1107.197,普通弹幕,中,白,1596903756,0,8bd9121d,36575160214487043,劫匪，路走窄了呀
1187.193,普通弹幕,中,白,1596903134,0,36c2c336,36574834104729607,瞬身之术
468.419,普通弹幕,中,白,1596903046,0,8bd9121d,36574787907616775,这里是天堂吗                    奇怪的地方卡住了！
336.639,普通弹幕,中,白,1596902898,0,8bd9121d,36574710120579079,这就是女校吗？爱了
286.97,普通弹幕,中,白,1596902852,0,64275cd0,36574685854957575,万恶的安全裤，
977.622,普通弹幕,中,白,1596902815,0,7022c075,36574666511351811,排最前面的是不是夏娜？
955.359,普通弹幕,中,白,1596902767,0,7022c075,36574641598758919,惊现夏娜
783.977,普通弹幕,中,白,1596902653,0,f8350ea1,36574581772779527,读作黑子，写作变态
649.119,普通弹幕,中,白,1596902608,0,d44aab13,36574558355980291,男主呱太
810.227,普通弹幕,中,白,1596902596,0,7022c075,36574551853760519,好听吗？好听就是好头！
205.22,普通弹幕,中,白,1596902538,0,976366f4,36574521217515525,QAQ画质感人
1137.918,底部弹幕,中,黄,1596902320,0,fa1d5cf4,36574407013433351,求劫匪视角
1065.172,普通弹幕,中,白,1596902283,0,ccf8ad66,36574387858571267,混沌八爪鱼
442.496,普通弹幕,中,白,1596901393,0,779ecd34,36573921340293123,一方：就这？
578.47,普通弹幕,中,白,1596901366,0,630d0f04,36573907080183811,哈哈哈
751.045,普通弹幕,中,白,1596901308,0,2cb75301,36573876431355907,。。。。。。。。
751.045,普通弹幕,中,白,1596901303,0,2cb75301,36573873904287749,。。。。。。。。
731.785,普通弹幕,中,白,1596901281,0,2cb75301,36573862560792579,大多数都是黑子哈哈哈
731.785,普通弹幕,中,白,1596901279,0,2cb75301,36573861200265223,大多数都是黑子哈哈哈
1141.342,普通弹幕,中,白,1596900841,0,c642adb,36573631762923525,狙击手报告：好像是黑的
1117.715,普通弹幕,中,白,1596900222,0,8e2ce89b,36573306949206021,蝎傀儡
1399.853,普通弹幕,中,红,1596900151,0,a6077d64,36573270111682629,正道の光が大地に当たった~
503.186,普通弹幕,中,白,1596900089,0,af8162f9,36573237582757893,靠！！！
146.837,普通弹幕,中,白,1596900002,0,c642adb,36573191678722051,超喜欢这首bgm
1326.003,普通弹幕,中,白,1596899697,0,e7a5aad,36573031996850181,厉害是厉害，就是有点
581.643,普通弹幕,中,白,1596899593,0,c032bff1,36572977376526341,蓝白碗
1415.712,普通弹幕,中,白,1596899423,0,b667e1d9,36572888074027011,路转粉
1396.922,普通弹幕,中,白,1596899254,0,bddeeddd,36572799648137223,正しい道の光が大地を照らした
597.526,普通弹幕,小,红,1596898593,0,8d539cbe,36572452873568261,。。。
785.298,普通弹幕,中,红,1596898472,0,e2e66d8b,36572389888229379,这部番没有男主吗
1339.408,普通弹幕,中,红,1596898463,0,648e048,36572385079984131,。。。
1191.033,普通弹幕,中,红,1596898270,0,bd550b0e,36572283560525831,出现了！人体描边！
86.427,普通弹幕,中,白,1596897995,0,868eda0a,36572139571642373,Python
803.008,普通弹幕,中,白,1596897858,0,df01e3ec,36572068041981959,大橘已定
1005.737,普通弹幕,中,粉,1596897659,0,a201e95b,36571963382038531,好颜艺
1122.432,普通弹幕,中,白,1596897535,0,2a2f886d,36571898676510723,出警速度真快
180.371,普通弹幕,中,白,1596897021,0,c213c054,36571629174128643,小时候竟然看过
1408.217,普通弹幕,中,白,1596896960,0,ccabf7f7,36571597198327815,正道の光アイウエゥゥオカカカカカォゥオ
912.313,普通弹幕,中,黄,1596896808,0,b3e98b4a,36571517122772997,男主出场
888.956,普通弹幕,中,黄,1596896787,0,b3e98b4a,36571506195038211,军火库
636.408,底部弹幕,中,黄,1596896718,0,f143bfca,36571469975650311,上一个LV0已经成神了
552.814,普通弹幕,中,白,1596896432,0,b3e98b4a,36571320035573767,夭寿啦夭寿啦女校出男生啦
111.358,普通弹幕,中,白,1596896195,0,c6f460d0,36571195773550661,炮姐毁灭都市
434.671,普通弹幕,中,黄,1596896195,0,5258deab,36571195794522117,好大的衣服
425.541,普通弹幕,中,黄,1596896148,0,5258deab,36571171458646023,好球……呃不是，好衣服
855.139,普通弹幕,中,白,1596895991,0,406af3a5,36571089148051459,邪王真眼最强
392.683,普通弹幕,中,白,1596895589,0,e7eb8107,36570878415208453,一血光子
347.332,普通弹幕,中,白,1596895580,0,b0a76d6e,36570873214795779,这里呢么么么哒
554.119,普通弹幕,中,白,1596895450,0,acec281d,36570805345714183,狙击手失业了
542.659,普通弹幕,中,白,1596895432,0,acec281d,36570795943133189,狙击手
523.339,普通弹幕,中,白,1596895410,0,acec281d,36570784216907781,这姿势
512.214,普通弹幕,中,白,1596895249,0,127ca0a7,36570699833802757,蕉流
240.299,普通弹幕,中,白,1596895100,0,acec281d,36570621923557379,狙击手何在
144.803,底部弹幕,中,黄,1596894929,0,93666785,36570532167548935,谁敢调皮谁敢调皮谁敢调皮，不许跳
65.024,底部弹幕,中,黄,1596894838,0,93666785,36570484392853509,C#    C++  JAVA Python
1386.105,普通弹幕,中,白,1596894317,0,ed18cd3d,36570211436986371,上一个无敌的已经有一个王国了
323.584,普通弹幕,中,白,1596894151,0,c3eb73ba,36570124320768007,视力真好
529.06,普通弹幕,中,白,1596893609,0,93fa47a7,36569840111058951,大橘已定
486.214,普通弹幕,中,白,1596893410,0,ed18cd3d,36569735700152323,完全能冲
1141.764,普通弹幕,中,白,1596893386,0,1ec754ab,36569723296546823,打太极了？
987.11,普通弹幕,中,白,1596893116,0,66608271,36569581845217285,傲娇
395.049,普通弹幕,中,白,1596893098,0,ed9f458a,36569572433723399,这个在第三季里有提到
436.319,普通弹幕,中,白,1596892860,0,f69764b3,36569447529447427,没出生
1075.402,普通弹幕,中,白,1596892661,0,be5ecb27,36569343065587715,最安全的城市
687.606,底部弹幕,中,淡蓝,1596892348,0,7a0540d,36569179005386755,“教主”是上条当麻，见魔法禁书目录
687.606,底部弹幕,中,淡蓝,1596892297,0,7a0540d,36569152254115847,恒温死神说的是初春饰利，右边这个人
685.411,底部弹幕,中,淡蓝,1596892250,0,7a0540d,36569127785594885,泪爷就是佐天泪子，左边这个人
1311.363,普通弹幕,中,白,1596892056,0,aeb6f9dd,36569026084732935,有是安全裤啊
70.099,普通弹幕,中,白,1596891988,0,66608271,36568990282153991,最安全？
1184.14,普通弹幕,中,白,1596891776,0,cc313110,36568878971092999,地狱终结者大战终极猎手
497.38,底部弹幕,中,黄,1596891742,0,7a0540d,36568861490282503,前方高能
509.562,底部弹幕,中,红,1596891431,0,ffee70fe,36568698395295747,平一点心的距离才更近嘛～～～
1000.362,普通弹幕,中,白,1596891257,0,b9e895fe,36568606839406659,一只炮姐失去了梦想
1182.529,普通弹幕,中,白,1596890645,0,4de340d7,36568286249353223,芝顿芝顿？
1430.642,底部弹幕,中,红,1596890162,0,a0e2f89a,36568033036599303,亲了？？。
1430.642,底部弹幕,中,红,1596890162,0,a0e2f89a,36568033147748359,亲了？？。
1198.56,底部弹幕,中,黄,1596890145,0,70566c96,36568024232755207,佩恩直呼内行
654.974,底部弹幕,中,白,1596889700,0,98a0e5fc,36567790770454533,脸红指导：御坂御坂
925.874,普通弹幕,中,白,1596889667,0,2ee17227,36567773205233671,男主要上场了
576.532,底部弹幕,中,黄,1596889492,0,70566c96,36567681454833669,原来女生是这样子的哦【滑稽】
702.634,底部弹幕,中,红,1596889445,0,a0e2f89a,36567656856813573,泪爷就是这个佐天泪子
1267.986,普通弹幕,中,黄,1596889309,0,6afcb8bc,36567585802682373,愿天堂没有硬币，还有各位该投币了
1267.986,普通弹幕,中,黄,1596889285,0,6afcb8bc,36567572970733573,愿天堂没有硬币吧
1186.446,普通弹幕,中,黄,1596889172,0,6afcb8bc,36567513644924933,这招克兰直呼内行
61.62,普通弹幕,中,白,1596889169,0,93fa47a7,36567512292261895,Python
232.735,底部弹幕,中,红,1596889120,0,70566c96,36567486533468163,老规矩，op只看一次
1075.966,普通弹幕,中,黄,1596889042,0,6afcb8bc,36567445725511685,危   劫匪   危
1192.402,普通弹幕,中,白,1596888849,0,8e36f3f7,36567344573054979,火遁！
1299.285,普通弹幕,中,白,1596888767,0,ce0dea9e,36567301488640005,这力量控制得太细了
18.46,底部弹幕,中,红,1596888636,0,a0e2f89a,36567232587235333,女主好帅
478.395,普通弹幕,中,白,1596888631,0,7816883,36567230443945989,怎么投币
15.9,底部弹幕,中,红,1596888625,0,a0e2f89a,36567227135688711,听说女主人气高到被世萌禁赛八年
0.7,普通弹幕,中,白,1596888556,0,a0e2f89a,36567190990749699,这已经不是宝藏了！！！这是zhenzjan
32.061,普通弹幕,中,白,1596888551,0,7d4df231,36567188482031623,在日漫小混混＝危
592.946,普通弹幕,中,白,1596888512,0,6afcb8bc,36567167729139719,狙击手还是用天文望远镜吧
553.366,普通弹幕,中,白,1596888450,0,6afcb8bc,36567135463407619,快斗知乎内行
541.426,普通弹幕,中,白,1596888403,0,6afcb8bc,36567110559727619,真·狙击手max
474.665,普通弹幕,中,白,1596888296,0,6afcb8bc,36567054804320259,到这了都不投币吗
467.425,普通弹幕,中,白,1596888280,0,6afcb8bc,36567046274678789,冥场面
450.365,普通弹幕,中,白,1596888252,0,6afcb8bc,36567031681646595,投币了hxd们
1372.957,普通弹幕,中,白,1596888015,0,e6927147,36566906997571591,上一个无敌的已经把埃及百岁老人和一个普通上班族揍死了
211.5,普通弹幕,中,白,1596887852,0,8e36f3f7,36566821518180355,为了一首op入的番有没有！
1315.531,普通弹幕,中,白,1596887554,0,e6927147,36566665327542275,上一个无敌的已经有孩子了
110.488,普通弹幕,中,绿,1596887353,0,c3f000c4,36566560284868611,黑子赛高
54.259,普通弹幕,中,绿,1596887297,0,c3f000c4,36566530802581509,神仙画质
525.566,普通弹幕,中,黄,1596886902,0,817d0e5,36566323742900229,嗷嗷？
1447.72,普通弹幕,中,黄,1596886838,0,e29ef3f9,36566290366726147,大橘已定
58.172,底部弹幕,中,白,1596886222,0,e6927147,36565967358132229,Python！
15.977,普通弹幕,中,红,1596886202,0,ccac02ab,36565956694638595,矿工番
1304.306,普通弹幕,中,白,1596885727,0,942e327e,36565707461230599,劫——————————————匪——————————————————
554.156,普通弹幕,中,白,1596885721,0,bea7e32c,36565704684601347,这脸？是蜡笔小新吗？
73.585,普通弹幕,中,白,1596885575,0,e4c76611,36565627733803013,脸被打的疼吗？
780.66,普通弹幕,中,白,1596885233,0,f578e319,36565448873476103,动作指导:樱木花道
62.599,普通弹幕,中,白,1596885232,0,a9c9f991,36565448362819589,C++！！！
533.407,普通弹幕,中,白,1596885139,0,2ee17227,36565399464574981,上升气流+无土栽培
1297.995,普通弹幕,中,红,1596883971,0,c34f708d,36564786791055367,世界名画
130.046,普通弹幕,中,白,1596883892,0,2cb9c2b7,36564745634971653,欧尼撒嘛
100.686,普通弹幕,中,白,1596883856,0,2cb9c2b7,36564726918938629,黑子好可爱
1336.028,普通弹幕,中,白,1596883768,0,676a05a,36564680694562823,上一个无敌的灵魂都碎了
864.668,普通弹幕,中,白,1596883529,0,2cd859ed,36564555272290309,哇哈哈哈
856.108,普通弹幕,中,白,1596883509,0,2cd859ed,36564544929136643,化物语也是09年的
932.293,普通弹幕,中,白,1596883308,0,82cfaec1,36564439287201797,老傲娇了
976.838,普通弹幕,中,白,1596883216,0,8bd67783,36564391369375815,当妈呢
474.799,普通弹幕,中,白,1596883019,0,3f0a32,36564287915819011,炮姐有胸了
263.982,底部弹幕,中,红,1596882984,0,95dfb352,36564269673742339,魔禁找炮姐，超炮找教主……
255.239,底部弹幕,中,黄,1596882918,0,d19aedeb,36564234871504903,基本没有，上面问大爷的
1218.321,普通弹幕,中,白,1596882358,0,e3e65d46,36563941291196421,保安呢
1392.605,普通弹幕,中,白,1596881989,0,89906d6a,36563747654336519,柑橘的香气
1171.346,普通弹幕,中,白,1596881805,0,89906d6a,36563651158605829,布莱德？
816.657,普通弹幕,中,白,1596881758,0,cb42d750,36563626732552263,百合好年
776.577,普通弹幕,中,白,1596881706,0,cb42d750,36563599400370179,吼吼吼
961.008,底部弹幕,中,白,1596881590,0,33c62eb2,36563538883379333,要出问题
811.549,底部弹幕,中,白,1596881365,0,33c62eb2,36563420637036549,这声音。。。是熟的！
631.614,普通弹幕,中,白,1596881279,0,89906d6a,36563375704506371,高渐离------摇滚巨星
1442.999,普通弹幕,中,白,1596881228,0,fc2fe4bf,36563348728840195,??
1275.193,底部弹幕,中,黄,1596880892,0,9c31e004,36563172703338501,明示
338.434,普通弹幕,中,白,1596880689,0,a9a070a7,36563066421772295,透视？
1403.552,普通弹幕,中,白,1596880504,0,4f84e470,36562969337266179, 正道の光が大地を照らしている
55.873,普通弹幕,中,白,1596880352,0,89906d6a,36562889351888903,隧道工程
171.623,普通弹幕,中,白,1596880342,0,75fb3b08,36562884442980355,bi
70.979,普通弹幕,中,红,1596880252,0,a5ded0e6,36562836960837635,哇这真的很安全
518.112,底部弹幕,中,黄,1596880101,0,9c31e004,36562757792301059,好快
460.814,底部弹幕,中,白,1596880043,0,9c31e004,36562727812464643,明示
944.352,普通弹幕,中,白,1596880006,0,4f84e470,36562708210909187,xswl
1424.048,普通弹幕,中,白,1596880000,0,b2460f10,36562705202544643,天上卡兹不说话，水里狗哥想妈妈
1336.785,普通弹幕,中,白,1596879913,0,b2460f10,36562659452649475,上一个无敌的已经停止了思考
18.441,普通弹幕,中,白,1596879435,0,2ee17227,36562408701952005,小混混危
8.929,普通弹幕,中,白,1596879419,0,2ee17227,36562400534069253,不是宝藏，是神话
800.788,普通弹幕,中,白,1596879377,0,6a8e71ff,36562378648715267,啊这
292.842,普通弹幕,中,白,1596879337,0,c052b9fe,36562357627912195,贩—————————卖————————机
286.432,普通弹幕,中,绿,1596879322,0,d63d343a,36562349457932295,帅气
286.742,普通弹幕,中,白,1596879299,0,c052b9fe,36562337394589703,贩—————————————卖机
551.059,底部弹幕,中,红,1596879273,0,cdee9ba6,36562323877396485,狙击手近战
153.257,普通弹幕,中,绿,1596879189,0,d63d343a,36562279633780743,帅啊
141.919,普通弹幕,中,白,1596879177,0,d63d343a,36562273704083461,帅啊
596.01,普通弹幕,中,白,1596879172,0,b2460f10,36562271082643459,黄金体验
63.737,普通弹幕,中,白,1596879136,0,6bb1dbd0,36562251924635653,Java天下无敌  最好用
376.398,普通弹幕,中,白,1596879031,0,efdf40a5,36562197152792583,不就是
55.642,普通弹幕,中,白,1596878683,0,dd14e86d,36562014762434563,四蛋都
55.72,普通弹幕,中,白,1596878384,0,36ae53dd,36561857602912263,没有
149.784,普通弹幕,中,白,1596878249,0,807e7883,36561786805157891,正片开始
564.879,普通弹幕,中,白,1596878238,0,d8b6afb2,36561781446934535,这个场景是不是黑子就美铃的地方？
138.835,普通弹幕,中,白,1596878232,0,807e7883,36561778240389123,欧内撒嘛
20.884,普通弹幕,中,白,1596878086,0,807e7883,36561701670748163,小混混     危
13.146,普通弹幕,中,白,1596877900,0,63b355bd,36561604308369411,Prprprprp
139.41,普通弹幕,中,白,1596877443,0,7b230490,36561364353286149,法國代購吃不吃必須
129.448,普通弹幕,中,白,1596877417,0,7b230490,36561350689292291,牛のバッチ.
117.842,普通弹幕,中,白,1596877392,0,7b230490,36561337608830981,度量が大きい.
466.398,普通弹幕,中,黄,1596877297,0,4f84e470,36561287704477703,各位绅士们出来吧
317.907,普通弹幕,中,白,1596876931,0,b8b903bc,36561095971831813,为啥安裙裤
235.118,普通弹幕,中,白,1596876845,0,4f84e470,36561051039301635,君は私に仕事を教えている？
113.34,普通弹幕,中,白,1596875580,0,4f84e470,36560387490971655,一个声优
929.542,普通弹幕,中,白,1596875070,0,cfc56e90,36560120548687877,呱呱呱
232.85,普通弹幕,中,白,1596874696,0,b58c5344,36559924015661061,哦哦哦
572.076,普通弹幕,中,白,1596874527,0,351d2751,36559835573518339,暴风指挥官
1115.517,普通弹幕,中,白,1596874453,0,574791f7,36559797071380483,歇？
324.49,底部弹幕,中,绿,1596874094,0,c46584c6,36559608672681991,六亲不认的走姿
492.885,普通弹幕,中,白,1596873716,0,da456886,36559410306220037,报告胸围D
475.945,普通弹幕,中,白,1596873691,0,da456886,36559397152358403,报告D
559.274,普通弹幕,中,黄,1596873474,0,2a66ce83,36559283746242563,突击手加鸡腿
348.877,普通弹幕,中,绿,1596871003,0,490dab13,36557988281974787,透视？
175.782,普通弹幕,中,白,1596870254,0,e6339af0,36557595445035011,阿部望？！
118.66,普通弹幕,中,白,1596870072,0,dbbf4e1d,36557500171943943,柔弱们把兄弟打在公屏上
210.483,普通弹幕,中,白,1596869656,0,6f0f5491,36557282024095749,bilbil干杯
518.59,普通弹幕,中,黄,1596868974,0,5ac7a85d,36556924479078403,息屏看痴汉
315.905,普通弹幕,中,黄,1596868745,0,5ac7a85d,36556804373610499,门口大爷都看到了狙击手可以辞职了
1384.661,普通弹幕,中,白,1596868736,0,2500c471,36556799202557957,hhh 
225.745,普通弹幕,中,白,1596867727,0,13d19f89,36556270666776583,哔哩哔哩 - ( ゜- ゜)つロ 干杯~
587.844,普通弹幕,中,白,1596867683,0,6d5717d0,36556247402020867,车门已经焊死
1383.678,普通弹幕,中,白,1596866533,0,fd7788e6,36555644297281543,正道的光
390.932,普通弹幕,中,白,1596866225,0,94f6bb35,36555482910425091,贫富差距
603.678,普通弹幕,中,白,1596866133,0,8d7781a5,36555434686414855,有男主，是呱太
508.564,普通弹幕,中,黄,1596866123,0,5d9d41e2,36555429308268547,大橘已定
162.886,普通弹幕,中,白,1596865671,0,8d7781a5,36555192379375621,哔哩哔哩动画
946.153,底部弹幕,中,黄,1596865282,0,6544cd29,36554988665176071,就挺秃然的
506.437,普通弹幕,中,白,1596865275,0,ac4b7dfd,36554985064366083,哦豁
288.432,普通弹幕,中,白,1596865053,0,ac4b7dfd,36554868290748419,！这买饮料可以
688.447,普通弹幕,中,黄,1596865000,0,6544cd29,36554840998412293,大橘已定
56.72,底部弹幕,中,白,1596864463,0,7036ac5a,36554559399133191,Python Python Python Python Python Python 
79.979,普通弹幕,中,白,1596864410,0,4252d3e2,36554531581460483,禁安全哪
77.82,普通弹幕,中,白,1596864382,0,4252d3e2,36554516699545603,打脸了
608.377,普通弹幕,中,红,1596863961,0,c7fce3a7,36554296100126723,教主:阿巴阿巴
1359.594,底部弹幕,中,红,1596863764,0,673851dd,36554192824303623,注意这个镜头！跟主线有关
1212.625,普通弹幕,中,白,1596863015,0,f2a297b2,36553800182398979,保安
1212.625,普通弹幕,中,白,1596863008,0,f2a297b2,36553796097671171,保安
146.399,普通弹幕,中,黄,1596862704,0,a0dcb136,36553637106810883,哔哩哔哩
1273.965,普通弹幕,中,白,1596862572,0,dfdee180,36553567792267267,路走窄了啊
158.184,普通弹幕,中,白,1596862413,0,4561a09a,36553484253790275,不准跳 
78.312,普通弹幕,中,白,1596862317,0,4561a09a,36553433873907719,好安全
1421.927,普通弹幕,中,白,1596862171,0,d87a15ae,36553357397065731,皮卡丘？
1421.881,普通弹幕,中,白,1596861371,0,87258915,36552938238771207,正道の光が大地を照らした
1380.997,普通弹幕,中,白,1596861337,0,87258915,36552920386764803,上一个无敌的已经追妻火葬场了
1260.014,普通弹幕,中,白,1596861222,0,87258915,36552860209512451,前方高能
1254.518,普通弹幕,中,白,1596861210,0,87258915,36552853508587523,开炮！
760.434,普通弹幕,中,白,1596860915,0,ccfa73ff,36552699252572167,冥场面
1076.878,普通弹幕,中,白,1596860734,0,3caac8ab,36552603882487811,危 劫匪 危
1383.589,普通弹幕,中,白,1596860260,0,fe629dfa,36552355812999175,上一个无敌的已经是独眼来
550.021,普通弹幕,中,红,1596860006,0,a03ef6e6,36552222257446919,小新化
22.919,普通弹幕,中,白,1596859807,0,ccfa73ff,36552117916794885,小混混 危
